gen = -001,avg = 0,252,best = 0,252,chrom = {0,807;0,925;0,866;0,157;0,642;0,035;0,353;0,135;0,547;0,684;0,572;0,086}
gen = 0000,avg = 0,190,best = 0,392,chrom = {0,047;0,720;0,929;0,770;0,270;0,840;0,805;0,692;0,870;0,087;0,071;0,063}
gen = 0001,avg = 0,341,best = 0,404,chrom = {0,230;0,850;0,020;0,249;0,484;0,599;0,400;0,985;0,669;0,511;0,835;0,123}
gen = 0002,avg = 0,394,best = 0,493,chrom = {0,230;0,850;0,020;0,249;0,484;0,599;0,400;0,985;0,916;0,738;0,035;0,587}
gen = 0003,avg = 0,410,best = 0,493,chrom = {0,230;0,850;0,020;0,249;0,484;0,599;0,400;0,985;0,916;0,738;0,035;0,587}
gen = 0004,avg = 0,426,best = 0,493,chrom = {0,230;0,850;0,020;0,249;0,484;0,599;0,400;0,985;0,916;0,738;0,035;0,587}
gen = 0005,avg = 0,443,best = 0,493,chrom = {0,230;0,850;0,020;0,249;0,484;0,599;0,400;0,985;0,916;0,738;0,035;0,587}
gen = 0006,avg = 0,477,best = 0,549,chrom = {0,131;0,850;0,175;0,249;0,484;0,599;0,400;0,985;0,916;0,738;0,035;0,587}
gen = 0007,avg = 0,498,best = 0,549,chrom = {0,131;0,850;0,175;0,249;0,484;0,599;0,400;0,985;0,916;0,738;0,035;0,587}
gen = 0008,avg = 0,532,best = 0,594,chrom = {0,230;0,850;0,020;0,249;0,484;0,599;0,400;0,985;0,916;0,738;0,035;0,587}
gen = 0009,avg = 0,550,best = 0,594,chrom = {0,230;0,850;0,020;0,249;0,484;0,599;0,400;0,985;0,916;0,738;0,035;0,587}
gen = 0010,avg = 0,603,best = 0,696,chrom = {0,230;0,850;0,020;0,249;0,484;0,627;0,400;0,985;0,916;0,738;0,638;0,587}
gen = 0011,avg = 0,653,best = 0,697,chrom = {0,230;0,850;0,223;0,249;0,064;0,599;0,400;0,985;0,916;0,855;0,035;0,587}
gen = 0012,avg = 0,680,best = 0,697,chrom = {0,230;0,850;0,223;0,249;0,064;0,599;0,400;0,985;0,916;0,855;0,035;0,587}
gen = 0013,avg = 0,691,best = 0,706,chrom = {0,230;0,850;0,020;0,249;0,484;0,627;0,400;0,985;0,916;0,738;0,638;0,587}
gen = 0014,avg = 0,697,best = 0,719,chrom = {0,230;0,850;0,223;0,249;0,064;0,599;0,400;0,985;0,916;0,738;0,638;0,587}
gen = 0015,avg = 0,713,best = 0,745,chrom = {0,230;0,850;0,223;0,249;0,064;0,599;0,400;0,985;0,916;0,738;0,638;0,587}
gen = 0016,avg = 0,721,best = 0,745,chrom = {0,230;0,850;0,223;0,249;0,064;0,599;0,400;0,985;0,916;0,738;0,638;0,587}
gen = 0017,avg = 0,725,best = 0,745,chrom = {0,230;0,850;0,223;0,249;0,064;0,599;0,400;0,985;0,916;0,738;0,638;0,587}
gen = 0018,avg = 0,727,best = 0,745,chrom = {0,230;0,850;0,223;0,249;0,064;0,599;0,400;0,985;0,916;0,738;0,638;0,587}
gen = 0019,avg = 0,731,best = 0,745,chrom = {0,230;0,850;0,223;0,249;0,064;0,599;0,400;0,985;0,916;0,738;0,638;0,587}
gen = 0020,avg = 0,736,best = 0,752,chrom = {0,230;0,850;0,223;0,249;0,064;0,599;0,400;0,985;0,311;0,738;0,638;0,587}
gen = 0021,avg = 0,740,best = 0,752,chrom = {0,230;0,850;0,223;0,249;0,064;0,599;0,400;0,985;0,311;0,738;0,638;0,587}
gen = 0022,avg = 0,742,best = 0,752,chrom = {0,230;0,850;0,223;0,249;0,064;0,599;0,400;0,985;0,311;0,738;0,638;0,587}
gen = 0023,avg = 0,744,best = 0,752,chrom = {0,230;0,850;0,223;0,249;0,064;0,599;0,400;0,985;0,311;0,738;0,638;0,587}
gen = 0024,avg = 0,746,best = 0,752,chrom = {0,230;0,850;0,223;0,249;0,064;0,599;0,400;0,985;0,311;0,738;0,638;0,587}
gen = 0025,avg = 0,750,best = 0,765,chrom = {0,230;0,850;0,223;0,249;0,064;0,599;0,400;0,985;0,916;0,738;0,638;0,587}
gen = 0026,avg = 0,751,best = 0,765,chrom = {0,230;0,850;0,223;0,249;0,064;0,599;0,400;0,985;0,916;0,738;0,638;0,587}
gen = 0027,avg = 0,753,best = 0,765,chrom = {0,230;0,850;0,223;0,249;0,064;0,599;0,400;0,985;0,916;0,738;0,638;0,587}
gen = 0028,avg = 0,754,best = 0,765,chrom = {0,230;0,850;0,223;0,249;0,064;0,599;0,400;0,985;0,916;0,738;0,638;0,587}
gen = 0029,avg = 0,757,best = 0,765,chrom = {0,230;0,850;0,223;0,249;0,064;0,599;0,400;0,985;0,916;0,738;0,638;0,587}
gen = 0030,avg = 0,758,best = 0,765,chrom = {0,230;0,850;0,223;0,249;0,064;0,599;0,400;0,985;0,916;0,738;0,638;0,587}
gen = 0031,avg = 0,759,best = 0,765,chrom = {0,230;0,850;0,223;0,249;0,064;0,599;0,400;0,985;0,916;0,738;0,638;0,587}
gen = 0032,avg = 0,760,best = 0,765,chrom = {0,230;0,850;0,223;0,249;0,064;0,599;0,400;0,985;0,916;0,738;0,638;0,587}
gen = 0033,avg = 0,761,best = 0,765,chrom = {0,230;0,850;0,223;0,249;0,064;0,599;0,400;0,985;0,916;0,738;0,638;0,587}
gen = 0034,avg = 0,762,best = 0,765,chrom = {0,230;0,850;0,223;0,249;0,064;0,599;0,400;0,985;0,916;0,738;0,638;0,587}
gen = 0035,avg = 0,763,best = 0,765,chrom = {0,230;0,850;0,223;0,249;0,064;0,599;0,400;0,985;0,916;0,738;0,638;0,587}
gen = 0036,avg = 0,764,best = 0,765,chrom = {0,230;0,850;0,223;0,249;0,064;0,599;0,400;0,985;0,916;0,738;0,638;0,587}
gen = 0037,avg = 0,764,best = 0,765,chrom = {0,230;0,850;0,223;0,249;0,064;0,599;0,400;0,985;0,916;0,738;0,638;0,587}
gen = 0038,avg = 0,765,best = 0,765,chrom = {0,230;0,850;0,223;0,249;0,064;0,599;0,400;0,985;0,916;0,738;0,638;0,587}
gen = 0039,avg = 0,765,best = 0,765,chrom = {0,230;0,850;0,223;0,249;0,064;0,599;0,400;0,985;0,916;0,738;0,638;0,587}
gen = 0040,avg = 0,765,best = 0,765,chrom = {0,230;0,850;0,223;0,249;0,064;0,599;0,400;0,985;0,916;0,738;0,638;0,587}
gen = 0041,avg = 0,765,best = 0,765,chrom = {0,230;0,850;0,223;0,249;0,064;0,599;0,400;0,985;0,916;0,738;0,638;0,587}
gen = 0042,avg = 0,765,best = 0,765,chrom = {0,230;0,850;0,223;0,249;0,064;0,599;0,400;0,985;0,916;0,738;0,638;0,587}
gen = 0043,avg = 0,765,best = 0,765,chrom = {0,230;0,850;0,223;0,249;0,064;0,599;0,400;0,985;0,916;0,738;0,638;0,587}
gen = 0044,avg = 0,765,best = 0,765,chrom = {0,230;0,850;0,223;0,249;0,064;0,599;0,400;0,985;0,916;0,738;0,638;0,587}
gen = 0045,avg = 0,765,best = 0,765,chrom = {0,230;0,850;0,223;0,249;0,064;0,599;0,400;0,985;0,916;0,738;0,638;0,587}
gen = 0046,avg = 0,765,best = 0,765,chrom = {0,230;0,850;0,223;0,249;0,064;0,599;0,400;0,985;0,916;0,738;0,638;0,587}
gen = 0047,avg = 0,765,best = 0,765,chrom = {0,230;0,850;0,223;0,249;0,064;0,599;0,400;0,985;0,916;0,738;0,638;0,587}
gen = 0048,avg = 0,765,best = 0,765,chrom = {0,230;0,850;0,223;0,249;0,064;0,599;0,400;0,985;0,916;0,738;0,638;0,587}
gen = 0049,avg = 0,765,best = 0,765,chrom = {0,230;0,850;0,223;0,249;0,064;0,599;0,400;0,985;0,916;0,738;0,638;0,587}
gen = 0050,avg = 0,765,best = 0,765,chrom = {0,230;0,850;0,223;0,249;0,064;0,599;0,400;0,985;0,916;0,738;0,638;0,587}
Execution Time = 0812,246ms;
