gen = -001,avg = 0,009,best = 0,009,chrom = {0,318;0,515;0,409;0,672;0,430;0,468;0,007;0,996;0,027;0,412;0,348;0,398}
gen = 0000,avg = 0,127,best = 0,570,chrom = {0,569;0,750;0,136;0,164;0,138;0,878;0,373;0,530;0,772;0,415;0,953;0,775}
gen = 0001,avg = 0,333,best = 0,627,chrom = {0,569;0,750;0,136;0,164;0,138;0,878;0,373;0,530;0,653;0,415;0,953;0,775}
gen = 0002,avg = 0,457,best = 0,627,chrom = {0,569;0,750;0,136;0,164;0,138;0,878;0,373;0,530;0,653;0,415;0,953;0,775}
gen = 0003,avg = 0,601,best = 0,698,chrom = {0,569;0,750;0,136;0,164;0,138;0,994;0,373;0,530;0,653;0,415;0,953;0,775}
gen = 0004,avg = 0,638,best = 0,698,chrom = {0,569;0,750;0,136;0,164;0,138;0,994;0,373;0,530;0,653;0,415;0,953;0,775}
gen = 0005,avg = 0,689,best = 0,818,chrom = {0,569;0,750;0,136;0,164;0,138;0,878;0,373;0,530;0,653;0,415;0,953;0,775}
gen = 0006,avg = 0,724,best = 0,818,chrom = {0,569;0,750;0,136;0,164;0,138;0,878;0,373;0,530;0,653;0,415;0,953;0,775}
gen = 0007,avg = 0,736,best = 0,818,chrom = {0,569;0,750;0,136;0,164;0,138;0,878;0,373;0,530;0,653;0,415;0,953;0,775}
gen = 0008,avg = 0,746,best = 0,818,chrom = {0,569;0,750;0,136;0,164;0,138;0,878;0,373;0,530;0,653;0,415;0,953;0,775}
gen = 0009,avg = 0,755,best = 0,818,chrom = {0,569;0,750;0,136;0,164;0,138;0,878;0,373;0,530;0,653;0,415;0,953;0,775}
gen = 0010,avg = 0,763,best = 0,818,chrom = {0,569;0,750;0,136;0,164;0,138;0,878;0,373;0,530;0,653;0,415;0,953;0,775}
gen = 0011,avg = 0,771,best = 0,818,chrom = {0,569;0,750;0,136;0,164;0,138;0,878;0,373;0,530;0,653;0,415;0,953;0,775}
gen = 0012,avg = 0,781,best = 0,818,chrom = {0,569;0,750;0,136;0,164;0,138;0,878;0,373;0,530;0,653;0,415;0,953;0,775}
gen = 0013,avg = 0,788,best = 0,818,chrom = {0,569;0,750;0,136;0,164;0,138;0,878;0,373;0,530;0,653;0,415;0,953;0,775}
gen = 0014,avg = 0,795,best = 0,818,chrom = {0,569;0,750;0,136;0,164;0,138;0,878;0,373;0,530;0,653;0,415;0,953;0,775}
gen = 0015,avg = 0,802,best = 0,818,chrom = {0,569;0,750;0,136;0,164;0,138;0,878;0,373;0,530;0,653;0,415;0,953;0,775}
gen = 0016,avg = 0,808,best = 0,818,chrom = {0,569;0,750;0,136;0,164;0,138;0,878;0,373;0,530;0,653;0,415;0,953;0,775}
gen = 0017,avg = 0,813,best = 0,818,chrom = {0,569;0,750;0,136;0,164;0,138;0,878;0,373;0,530;0,653;0,415;0,953;0,775}
gen = 0018,avg = 0,818,best = 0,818,chrom = {0,569;0,750;0,136;0,164;0,138;0,878;0,373;0,530;0,653;0,415;0,953;0,775}
gen = 0019,avg = 0,818,best = 0,818,chrom = {0,569;0,750;0,136;0,164;0,138;0,878;0,373;0,530;0,653;0,415;0,953;0,775}
gen = 0020,avg = 0,818,best = 0,818,chrom = {0,569;0,750;0,136;0,164;0,138;0,878;0,373;0,530;0,653;0,415;0,953;0,775}
gen = 0021,avg = 0,818,best = 0,818,chrom = {0,569;0,750;0,136;0,164;0,138;0,878;0,373;0,530;0,653;0,415;0,953;0,775}
gen = 0022,avg = 0,818,best = 0,818,chrom = {0,569;0,750;0,136;0,164;0,138;0,878;0,373;0,530;0,653;0,415;0,953;0,775}
gen = 0023,avg = 0,818,best = 0,818,chrom = {0,569;0,750;0,136;0,164;0,138;0,878;0,373;0,530;0,653;0,415;0,953;0,775}
gen = 0024,avg = 0,818,best = 0,818,chrom = {0,569;0,750;0,136;0,164;0,138;0,878;0,373;0,530;0,653;0,415;0,953;0,775}
gen = 0025,avg = 0,818,best = 0,818,chrom = {0,569;0,750;0,136;0,164;0,138;0,878;0,373;0,530;0,653;0,415;0,953;0,775}
gen = 0026,avg = 0,818,best = 0,818,chrom = {0,569;0,750;0,136;0,164;0,138;0,878;0,373;0,530;0,653;0,415;0,953;0,775}
gen = 0027,avg = 0,818,best = 0,818,chrom = {0,569;0,750;0,136;0,164;0,138;0,878;0,373;0,530;0,653;0,415;0,953;0,775}
gen = 0028,avg = 0,818,best = 0,818,chrom = {0,569;0,750;0,136;0,164;0,138;0,878;0,373;0,530;0,653;0,415;0,953;0,775}
gen = 0029,avg = 0,818,best = 0,818,chrom = {0,569;0,750;0,136;0,164;0,138;0,878;0,373;0,530;0,653;0,415;0,953;0,775}
gen = 0030,avg = 0,818,best = 0,818,chrom = {0,569;0,750;0,136;0,164;0,138;0,878;0,373;0,530;0,653;0,415;0,953;0,775}
gen = 0031,avg = 0,818,best = 0,818,chrom = {0,569;0,750;0,136;0,164;0,138;0,878;0,373;0,530;0,653;0,415;0,953;0,775}
gen = 0032,avg = 0,818,best = 0,818,chrom = {0,569;0,750;0,136;0,164;0,138;0,878;0,373;0,530;0,653;0,415;0,953;0,775}
gen = 0033,avg = 0,818,best = 0,818,chrom = {0,569;0,750;0,136;0,164;0,138;0,878;0,373;0,530;0,653;0,415;0,953;0,775}
gen = 0034,avg = 0,818,best = 0,818,chrom = {0,569;0,750;0,136;0,164;0,138;0,878;0,373;0,530;0,653;0,415;0,953;0,775}
gen = 0035,avg = 0,818,best = 0,818,chrom = {0,569;0,750;0,136;0,164;0,138;0,878;0,373;0,530;0,653;0,415;0,953;0,775}
gen = 0036,avg = 0,818,best = 0,818,chrom = {0,569;0,750;0,136;0,164;0,138;0,878;0,373;0,530;0,653;0,415;0,953;0,775}
gen = 0037,avg = 0,818,best = 0,818,chrom = {0,569;0,750;0,136;0,164;0,138;0,878;0,373;0,530;0,653;0,415;0,953;0,775}
gen = 0038,avg = 0,818,best = 0,818,chrom = {0,569;0,750;0,136;0,164;0,138;0,878;0,373;0,530;0,653;0,415;0,953;0,775}
gen = 0039,avg = 0,818,best = 0,818,chrom = {0,569;0,750;0,136;0,164;0,138;0,878;0,373;0,530;0,653;0,415;0,953;0,775}
gen = 0040,avg = 0,818,best = 0,818,chrom = {0,569;0,750;0,136;0,164;0,138;0,878;0,373;0,530;0,653;0,415;0,953;0,775}
gen = 0041,avg = 0,818,best = 0,818,chrom = {0,569;0,750;0,136;0,164;0,138;0,878;0,373;0,530;0,653;0,415;0,953;0,775}
gen = 0042,avg = 0,818,best = 0,818,chrom = {0,569;0,750;0,136;0,164;0,138;0,878;0,373;0,530;0,653;0,415;0,953;0,775}
gen = 0043,avg = 0,818,best = 0,818,chrom = {0,569;0,750;0,136;0,164;0,138;0,878;0,373;0,530;0,653;0,415;0,953;0,775}
gen = 0044,avg = 0,818,best = 0,818,chrom = {0,569;0,750;0,136;0,164;0,138;0,878;0,373;0,530;0,653;0,415;0,953;0,775}
gen = 0045,avg = 0,818,best = 0,818,chrom = {0,569;0,750;0,136;0,164;0,138;0,878;0,373;0,530;0,653;0,415;0,953;0,775}
gen = 0046,avg = 0,818,best = 0,818,chrom = {0,569;0,750;0,136;0,164;0,138;0,878;0,373;0,530;0,653;0,415;0,953;0,775}
gen = 0047,avg = 0,818,best = 0,818,chrom = {0,569;0,750;0,136;0,164;0,138;0,878;0,373;0,530;0,653;0,415;0,953;0,775}
gen = 0048,avg = 0,818,best = 0,818,chrom = {0,569;0,750;0,136;0,164;0,138;0,878;0,373;0,530;0,653;0,415;0,953;0,775}
gen = 0049,avg = 0,818,best = 0,818,chrom = {0,569;0,750;0,136;0,164;0,138;0,878;0,373;0,530;0,653;0,415;0,953;0,775}
gen = 0050,avg = 0,818,best = 0,818,chrom = {0,569;0,750;0,136;0,164;0,138;0,878;0,373;0,530;0,653;0,415;0,953;0,775}
Execution Time = 0744,302ms;
