gen = -001,avg = 0,347,best = 0,347,chrom = {0,694;0,475;0,509;0,365;0,810;0,760;0,446;0,550;0,694;0,131;0,159;0,005}
gen = 0000,avg = 0,142,best = 0,498,chrom = {0,311;0,209;0,867;0,074;0,993;0,684;0,475;0,149;0,503;0,558;0,592;0,892}
gen = 0001,avg = 0,310,best = 0,651,chrom = {0,311;0,209;0,867;0,074;0,993;0,684;0,475;0,149;0,503;0,964;0,592;0,858}
gen = 0002,avg = 0,443,best = 0,651,chrom = {0,311;0,209;0,867;0,074;0,993;0,684;0,475;0,149;0,503;0,964;0,592;0,858}
gen = 0003,avg = 0,569,best = 0,708,chrom = {0,311;0,209;0,867;0,074;0,993;0,684;0,475;0,149;0,503;0,964;0,592;0,858}
gen = 0004,avg = 0,641,best = 0,708,chrom = {0,311;0,209;0,867;0,074;0,993;0,684;0,475;0,149;0,503;0,964;0,592;0,858}
gen = 0005,avg = 0,656,best = 0,708,chrom = {0,311;0,209;0,867;0,074;0,993;0,684;0,475;0,149;0,503;0,964;0,592;0,858}
gen = 0006,avg = 0,671,best = 0,708,chrom = {0,311;0,209;0,867;0,074;0,993;0,684;0,475;0,149;0,503;0,964;0,592;0,858}
gen = 0007,avg = 0,691,best = 0,735,chrom = {0,311;0,209;0,867;0,074;0,993;0,684;0,417;0,149;0,503;0,964;0,592;0,858}
gen = 0008,avg = 0,702,best = 0,735,chrom = {0,311;0,209;0,867;0,074;0,993;0,684;0,417;0,149;0,503;0,964;0,592;0,858}
gen = 0009,avg = 0,708,best = 0,735,chrom = {0,311;0,209;0,867;0,074;0,993;0,684;0,417;0,149;0,503;0,964;0,592;0,858}
gen = 0010,avg = 0,715,best = 0,735,chrom = {0,311;0,209;0,867;0,074;0,993;0,684;0,417;0,149;0,503;0,964;0,592;0,858}
gen = 0011,avg = 0,723,best = 0,752,chrom = {0,311;0,209;0,867;0,074;0,993;0,684;0,475;0,149;0,503;0,964;0,592;0,858}
gen = 0012,avg = 0,727,best = 0,752,chrom = {0,311;0,209;0,867;0,074;0,993;0,684;0,475;0,149;0,503;0,964;0,592;0,858}
gen = 0013,avg = 0,730,best = 0,752,chrom = {0,311;0,209;0,867;0,074;0,993;0,684;0,475;0,149;0,503;0,964;0,592;0,858}
gen = 0014,avg = 0,733,best = 0,752,chrom = {0,311;0,209;0,867;0,074;0,993;0,684;0,475;0,149;0,503;0,964;0,592;0,858}
gen = 0015,avg = 0,736,best = 0,752,chrom = {0,311;0,209;0,867;0,074;0,993;0,684;0,475;0,149;0,503;0,964;0,592;0,858}
gen = 0016,avg = 0,738,best = 0,752,chrom = {0,311;0,209;0,867;0,074;0,993;0,684;0,475;0,149;0,503;0,964;0,592;0,858}
gen = 0017,avg = 0,741,best = 0,752,chrom = {0,311;0,209;0,867;0,074;0,993;0,684;0,475;0,149;0,503;0,964;0,592;0,858}
gen = 0018,avg = 0,746,best = 0,754,chrom = {0,311;0,209;0,867;0,074;0,993;0,684;0,475;0,149;0,503;0,964;0,592;0,858}
gen = 0019,avg = 0,748,best = 0,754,chrom = {0,311;0,209;0,867;0,074;0,993;0,684;0,475;0,149;0,503;0,964;0,592;0,858}
gen = 0020,avg = 0,749,best = 0,754,chrom = {0,311;0,209;0,867;0,074;0,993;0,684;0,475;0,149;0,503;0,964;0,592;0,858}
gen = 0021,avg = 0,750,best = 0,754,chrom = {0,311;0,209;0,867;0,074;0,993;0,684;0,475;0,149;0,503;0,964;0,592;0,858}
gen = 0022,avg = 0,751,best = 0,754,chrom = {0,311;0,209;0,867;0,074;0,993;0,684;0,475;0,149;0,503;0,964;0,592;0,858}
gen = 0023,avg = 0,753,best = 0,754,chrom = {0,311;0,209;0,867;0,074;0,993;0,684;0,475;0,149;0,503;0,964;0,592;0,858}
gen = 0024,avg = 0,753,best = 0,754,chrom = {0,311;0,209;0,867;0,074;0,993;0,684;0,475;0,149;0,503;0,964;0,592;0,858}
gen = 0025,avg = 0,753,best = 0,754,chrom = {0,311;0,209;0,867;0,074;0,993;0,684;0,475;0,149;0,503;0,964;0,592;0,858}
gen = 0026,avg = 0,753,best = 0,754,chrom = {0,311;0,209;0,867;0,074;0,993;0,684;0,475;0,149;0,503;0,964;0,592;0,858}
gen = 0027,avg = 0,753,best = 0,754,chrom = {0,311;0,209;0,867;0,074;0,993;0,684;0,475;0,149;0,503;0,964;0,592;0,858}
gen = 0028,avg = 0,753,best = 0,754,chrom = {0,311;0,209;0,867;0,074;0,993;0,684;0,475;0,149;0,503;0,964;0,592;0,858}
gen = 0029,avg = 0,754,best = 0,754,chrom = {0,311;0,209;0,867;0,074;0,993;0,684;0,475;0,149;0,503;0,964;0,592;0,858}
gen = 0030,avg = 0,754,best = 0,754,chrom = {0,311;0,209;0,867;0,074;0,993;0,684;0,475;0,149;0,503;0,964;0,592;0,858}
gen = 0031,avg = 0,754,best = 0,754,chrom = {0,311;0,209;0,867;0,074;0,993;0,684;0,475;0,149;0,503;0,964;0,592;0,858}
gen = 0032,avg = 0,754,best = 0,754,chrom = {0,311;0,209;0,867;0,074;0,993;0,684;0,475;0,149;0,503;0,964;0,592;0,858}
gen = 0033,avg = 0,754,best = 0,754,chrom = {0,311;0,209;0,867;0,074;0,993;0,684;0,475;0,149;0,503;0,964;0,592;0,858}
gen = 0034,avg = 0,754,best = 0,754,chrom = {0,311;0,209;0,867;0,074;0,993;0,684;0,475;0,149;0,503;0,964;0,592;0,858}
gen = 0035,avg = 0,754,best = 0,754,chrom = {0,311;0,209;0,867;0,074;0,993;0,684;0,475;0,149;0,503;0,964;0,592;0,858}
gen = 0036,avg = 0,754,best = 0,754,chrom = {0,311;0,209;0,867;0,074;0,993;0,684;0,475;0,149;0,503;0,964;0,592;0,858}
gen = 0037,avg = 0,754,best = 0,754,chrom = {0,311;0,209;0,867;0,074;0,993;0,684;0,475;0,149;0,503;0,964;0,592;0,858}
gen = 0038,avg = 0,754,best = 0,754,chrom = {0,311;0,209;0,867;0,074;0,993;0,684;0,475;0,149;0,503;0,964;0,592;0,858}
gen = 0039,avg = 0,754,best = 0,754,chrom = {0,311;0,209;0,867;0,074;0,993;0,684;0,475;0,149;0,503;0,964;0,592;0,858}
gen = 0040,avg = 0,754,best = 0,754,chrom = {0,311;0,209;0,867;0,074;0,993;0,684;0,475;0,149;0,503;0,964;0,592;0,858}
gen = 0041,avg = 0,754,best = 0,754,chrom = {0,311;0,209;0,867;0,074;0,993;0,684;0,475;0,149;0,503;0,964;0,592;0,858}
gen = 0042,avg = 0,754,best = 0,754,chrom = {0,311;0,209;0,867;0,074;0,993;0,684;0,475;0,149;0,503;0,964;0,592;0,858}
gen = 0043,avg = 0,754,best = 0,754,chrom = {0,311;0,209;0,867;0,074;0,993;0,684;0,475;0,149;0,503;0,964;0,592;0,858}
gen = 0044,avg = 0,754,best = 0,754,chrom = {0,311;0,209;0,867;0,074;0,993;0,684;0,475;0,149;0,503;0,964;0,592;0,858}
gen = 0045,avg = 0,754,best = 0,754,chrom = {0,311;0,209;0,867;0,074;0,993;0,684;0,475;0,149;0,503;0,964;0,592;0,858}
gen = 0046,avg = 0,754,best = 0,754,chrom = {0,311;0,209;0,867;0,074;0,993;0,684;0,475;0,149;0,503;0,964;0,592;0,858}
gen = 0047,avg = 0,754,best = 0,754,chrom = {0,311;0,209;0,867;0,074;0,993;0,684;0,475;0,149;0,503;0,964;0,592;0,858}
gen = 0048,avg = 0,754,best = 0,754,chrom = {0,311;0,209;0,867;0,074;0,993;0,684;0,475;0,149;0,503;0,964;0,592;0,858}
gen = 0049,avg = 0,754,best = 0,754,chrom = {0,311;0,209;0,867;0,074;0,993;0,684;0,475;0,149;0,503;0,964;0,592;0,858}
gen = 0050,avg = 0,754,best = 0,754,chrom = {0,311;0,209;0,867;0,074;0,993;0,684;0,475;0,149;0,503;0,964;0,592;0,858}
Execution Time = 0979,349ms;
