gen = -001,avg = 0,009,best = 0,009,chrom = {0,429;0,114;0,052;0,627;0,901;0,845;0,094;0,334;0,093;0,083;0,140;0,694}
gen = 0000,avg = 0,142,best = 0,384,chrom = {0,052;0,014;0,357;0,665;0,311;0,267;0,696;0,462;0,822;0,029;0,168;0,843}
gen = 0001,avg = 0,297,best = 0,392,chrom = {0,361;0,977;0,382;0,755;0,632;0,121;0,758;0,889;0,046;0,492;0,613;0,779}
gen = 0002,avg = 0,351,best = 0,392,chrom = {0,361;0,977;0,382;0,755;0,632;0,121;0,758;0,889;0,046;0,492;0,613;0,779}
gen = 0003,avg = 0,399,best = 0,551,chrom = {0,361;0,977;0,382;0,755;0,632;0,121;0,758;0,889;0,046;0,768;0,613;0,779}
gen = 0004,avg = 0,416,best = 0,551,chrom = {0,361;0,977;0,382;0,755;0,632;0,121;0,758;0,889;0,046;0,768;0,613;0,779}
gen = 0005,avg = 0,435,best = 0,551,chrom = {0,361;0,977;0,382;0,755;0,632;0,121;0,758;0,889;0,046;0,768;0,613;0,779}
gen = 0006,avg = 0,526,best = 0,625,chrom = {0,052;0,014;0,357;0,665;0,311;0,267;0,696;0,462;0,822;0,252;0,168;0,843}
gen = 0007,avg = 0,584,best = 0,628,chrom = {0,361;0,977;0,382;0,798;0,632;0,121;0,758;0,889;0,046;0,768;0,613;0,779}
gen = 0008,avg = 0,598,best = 0,628,chrom = {0,361;0,977;0,382;0,798;0,632;0,121;0,758;0,889;0,046;0,768;0,613;0,779}
gen = 0009,avg = 0,614,best = 0,633,chrom = {0,052;0,014;0,357;0,665;0,311;0,267;0,696;0,462;0,046;0,768;0,613;0,779}
gen = 0010,avg = 0,628,best = 0,663,chrom = {0,361;0,977;0,382;0,755;0,311;0,121;0,758;0,889;0,777;0,768;0,613;0,779}
gen = 0011,avg = 0,635,best = 0,663,chrom = {0,361;0,977;0,382;0,755;0,311;0,121;0,758;0,889;0,777;0,768;0,613;0,779}
gen = 0012,avg = 0,648,best = 0,700,chrom = {0,361;0,977;0,382;0,755;0,013;0,121;0,758;0,889;0,315;0,768;0,613;0,779}
gen = 0013,avg = 0,667,best = 0,700,chrom = {0,361;0,977;0,382;0,755;0,013;0,121;0,758;0,889;0,315;0,768;0,613;0,779}
gen = 0014,avg = 0,681,best = 0,718,chrom = {0,361;0,977;0,442;0,755;0,311;0,121;0,758;0,889;0,798;0,768;0,613;0,779}
gen = 0015,avg = 0,687,best = 0,718,chrom = {0,361;0,977;0,442;0,755;0,311;0,121;0,758;0,889;0,798;0,768;0,613;0,779}
gen = 0016,avg = 0,697,best = 0,718,chrom = {0,361;0,977;0,442;0,755;0,311;0,121;0,758;0,889;0,798;0,768;0,613;0,779}
gen = 0017,avg = 0,700,best = 0,718,chrom = {0,361;0,977;0,442;0,755;0,311;0,121;0,758;0,889;0,798;0,768;0,613;0,779}
gen = 0018,avg = 0,709,best = 0,728,chrom = {0,361;0,977;0,442;0,755;0,311;0,121;0,758;0,889;0,798;0,768;0,613;0,779}
gen = 0019,avg = 0,712,best = 0,728,chrom = {0,361;0,977;0,442;0,755;0,311;0,121;0,758;0,889;0,798;0,768;0,613;0,779}
gen = 0020,avg = 0,714,best = 0,728,chrom = {0,361;0,977;0,442;0,755;0,311;0,121;0,758;0,889;0,798;0,768;0,613;0,779}
gen = 0021,avg = 0,716,best = 0,728,chrom = {0,361;0,977;0,442;0,755;0,311;0,121;0,758;0,889;0,798;0,768;0,613;0,779}
gen = 0022,avg = 0,722,best = 0,739,chrom = {0,361;0,977;0,442;0,755;0,311;0,121;0,758;0,889;0,798;0,768;0,613;0,779}
gen = 0023,avg = 0,726,best = 0,739,chrom = {0,361;0,977;0,442;0,755;0,311;0,121;0,758;0,889;0,798;0,768;0,613;0,779}
gen = 0024,avg = 0,729,best = 0,740,chrom = {0,611;0,977;0,442;0,755;0,311;0,121;0,837;0,889;0,798;0,768;0,613;0,779}
gen = 0025,avg = 0,731,best = 0,740,chrom = {0,611;0,977;0,442;0,755;0,311;0,121;0,837;0,889;0,798;0,768;0,613;0,779}
gen = 0026,avg = 0,732,best = 0,740,chrom = {0,611;0,977;0,442;0,755;0,311;0,121;0,837;0,889;0,798;0,768;0,613;0,779}
gen = 0027,avg = 0,735,best = 0,740,chrom = {0,611;0,977;0,442;0,755;0,311;0,121;0,837;0,889;0,798;0,768;0,613;0,779}
gen = 0028,avg = 0,736,best = 0,740,chrom = {0,611;0,977;0,442;0,755;0,311;0,121;0,837;0,889;0,798;0,768;0,613;0,779}
gen = 0029,avg = 0,737,best = 0,740,chrom = {0,611;0,977;0,442;0,755;0,311;0,121;0,837;0,889;0,798;0,768;0,613;0,779}
gen = 0030,avg = 0,738,best = 0,740,chrom = {0,611;0,977;0,442;0,755;0,311;0,121;0,837;0,889;0,798;0,768;0,613;0,779}
gen = 0031,avg = 0,742,best = 0,755,chrom = {0,361;0,977;0,442;0,755;0,311;0,121;0,758;0,889;0,798;0,768;0,613;0,779}
gen = 0032,avg = 0,744,best = 0,755,chrom = {0,361;0,977;0,442;0,755;0,311;0,121;0,758;0,889;0,798;0,768;0,613;0,779}
gen = 0033,avg = 0,746,best = 0,755,chrom = {0,361;0,977;0,442;0,755;0,311;0,121;0,758;0,889;0,798;0,768;0,613;0,779}
gen = 0034,avg = 0,747,best = 0,755,chrom = {0,361;0,977;0,442;0,755;0,311;0,121;0,758;0,889;0,798;0,768;0,613;0,779}
gen = 0035,avg = 0,749,best = 0,755,chrom = {0,361;0,977;0,442;0,755;0,311;0,121;0,758;0,889;0,798;0,768;0,613;0,779}
gen = 0036,avg = 0,750,best = 0,755,chrom = {0,361;0,977;0,442;0,755;0,311;0,121;0,758;0,889;0,798;0,768;0,613;0,779}
gen = 0037,avg = 0,751,best = 0,755,chrom = {0,361;0,977;0,442;0,755;0,311;0,121;0,758;0,889;0,798;0,768;0,613;0,779}
gen = 0038,avg = 0,752,best = 0,755,chrom = {0,361;0,977;0,442;0,755;0,311;0,121;0,758;0,889;0,798;0,768;0,613;0,779}
gen = 0039,avg = 0,753,best = 0,755,chrom = {0,361;0,977;0,442;0,755;0,311;0,121;0,758;0,889;0,798;0,768;0,613;0,779}
gen = 0040,avg = 0,754,best = 0,755,chrom = {0,361;0,977;0,442;0,755;0,311;0,121;0,758;0,889;0,798;0,768;0,613;0,779}
gen = 0041,avg = 0,754,best = 0,755,chrom = {0,361;0,977;0,442;0,755;0,311;0,121;0,758;0,889;0,798;0,768;0,613;0,779}
gen = 0042,avg = 0,755,best = 0,755,chrom = {0,361;0,977;0,442;0,755;0,311;0,121;0,758;0,889;0,798;0,768;0,613;0,779}
gen = 0043,avg = 0,757,best = 0,769,chrom = {0,361;0,977;0,442;0,755;0,311;0,121;0,758;0,889;0,798;0,768;0,613;0,779}
gen = 0044,avg = 0,758,best = 0,769,chrom = {0,361;0,977;0,442;0,755;0,311;0,121;0,758;0,889;0,798;0,768;0,613;0,779}
gen = 0045,avg = 0,759,best = 0,769,chrom = {0,361;0,977;0,442;0,755;0,311;0,121;0,758;0,889;0,798;0,768;0,613;0,779}
gen = 0046,avg = 0,760,best = 0,769,chrom = {0,361;0,977;0,442;0,755;0,311;0,121;0,758;0,889;0,798;0,768;0,613;0,779}
gen = 0047,avg = 0,761,best = 0,769,chrom = {0,361;0,977;0,442;0,755;0,311;0,121;0,758;0,889;0,798;0,768;0,613;0,779}
gen = 0048,avg = 0,762,best = 0,769,chrom = {0,361;0,977;0,442;0,755;0,311;0,121;0,758;0,889;0,798;0,768;0,613;0,779}
gen = 0049,avg = 0,763,best = 0,769,chrom = {0,361;0,977;0,442;0,755;0,311;0,121;0,758;0,889;0,798;0,768;0,613;0,779}
gen = 0050,avg = 0,764,best = 0,769,chrom = {0,361;0,977;0,442;0,755;0,311;0,121;0,758;0,889;0,798;0,768;0,613;0,779}
Execution Time = 0666,198ms;
