gen = -001,avg = 0,348,best = 0,348,chrom = {0,498;0,674;0,899;0,919;0,177;0,929;0,434;0,624;0,700;0,831;0,936;0,989}
gen = 0000,avg = 0,101,best = 0,348,chrom = {0,498;0,674;0,899;0,919;0,177;0,929;0,434;0,624;0,700;0,831;0,936;0,989}
gen = 0001,avg = 0,173,best = 0,348,chrom = {0,498;0,674;0,899;0,919;0,177;0,929;0,434;0,624;0,700;0,831;0,936;0,989}
gen = 0002,avg = 0,392,best = 0,724,chrom = {0,251;0,733;0,512;0,852;0,524;0,396;0,268;0,555;0,312;0,003;0,102;0,198}
gen = 0003,avg = 0,475,best = 0,724,chrom = {0,251;0,733;0,512;0,852;0,524;0,396;0,268;0,555;0,312;0,003;0,102;0,198}
gen = 0004,avg = 0,531,best = 0,724,chrom = {0,251;0,733;0,512;0,852;0,524;0,396;0,268;0,555;0,312;0,003;0,102;0,198}
gen = 0005,avg = 0,603,best = 0,724,chrom = {0,251;0,733;0,512;0,852;0,524;0,396;0,268;0,555;0,312;0,003;0,102;0,198}
gen = 0006,avg = 0,657,best = 0,724,chrom = {0,251;0,733;0,512;0,852;0,524;0,396;0,268;0,555;0,312;0,003;0,102;0,198}
gen = 0007,avg = 0,688,best = 0,724,chrom = {0,251;0,733;0,512;0,852;0,524;0,396;0,268;0,555;0,312;0,003;0,102;0,198}
gen = 0008,avg = 0,697,best = 0,724,chrom = {0,251;0,733;0,512;0,852;0,524;0,396;0,268;0,555;0,312;0,003;0,102;0,198}
gen = 0009,avg = 0,717,best = 0,724,chrom = {0,251;0,733;0,512;0,852;0,524;0,396;0,268;0,555;0,312;0,003;0,102;0,198}
gen = 0010,avg = 0,720,best = 0,724,chrom = {0,251;0,733;0,512;0,852;0,524;0,396;0,268;0,555;0,312;0,003;0,102;0,198}
gen = 0011,avg = 0,722,best = 0,724,chrom = {0,251;0,733;0,512;0,852;0,524;0,396;0,268;0,555;0,312;0,003;0,102;0,198}
gen = 0012,avg = 0,723,best = 0,724,chrom = {0,251;0,733;0,512;0,852;0,524;0,396;0,268;0,555;0,312;0,003;0,102;0,198}
gen = 0013,avg = 0,724,best = 0,724,chrom = {0,251;0,733;0,512;0,852;0,524;0,396;0,268;0,555;0,312;0,003;0,102;0,198}
gen = 0014,avg = 0,724,best = 0,724,chrom = {0,251;0,733;0,512;0,852;0,524;0,396;0,268;0,555;0,312;0,003;0,102;0,198}
gen = 0015,avg = 0,724,best = 0,724,chrom = {0,251;0,733;0,512;0,852;0,524;0,396;0,268;0,555;0,312;0,003;0,102;0,198}
gen = 0016,avg = 0,724,best = 0,724,chrom = {0,251;0,733;0,512;0,852;0,524;0,396;0,268;0,555;0,312;0,003;0,102;0,198}
gen = 0017,avg = 0,724,best = 0,724,chrom = {0,251;0,733;0,512;0,852;0,524;0,396;0,268;0,555;0,312;0,003;0,102;0,198}
gen = 0018,avg = 0,724,best = 0,724,chrom = {0,251;0,733;0,512;0,852;0,524;0,396;0,268;0,555;0,312;0,003;0,102;0,198}
gen = 0019,avg = 0,724,best = 0,724,chrom = {0,251;0,733;0,512;0,852;0,524;0,396;0,268;0,555;0,312;0,003;0,102;0,198}
gen = 0020,avg = 0,724,best = 0,724,chrom = {0,251;0,733;0,512;0,852;0,524;0,396;0,268;0,555;0,312;0,003;0,102;0,198}
gen = 0021,avg = 0,724,best = 0,724,chrom = {0,251;0,733;0,512;0,852;0,524;0,396;0,268;0,555;0,312;0,003;0,102;0,198}
gen = 0022,avg = 0,724,best = 0,724,chrom = {0,251;0,733;0,512;0,852;0,524;0,396;0,268;0,555;0,312;0,003;0,102;0,198}
gen = 0023,avg = 0,724,best = 0,724,chrom = {0,251;0,733;0,512;0,852;0,524;0,396;0,268;0,555;0,312;0,003;0,102;0,198}
gen = 0024,avg = 0,724,best = 0,724,chrom = {0,251;0,733;0,512;0,852;0,524;0,396;0,268;0,555;0,312;0,003;0,102;0,198}
gen = 0025,avg = 0,724,best = 0,724,chrom = {0,251;0,733;0,512;0,852;0,524;0,396;0,268;0,555;0,312;0,003;0,102;0,198}
gen = 0026,avg = 0,724,best = 0,724,chrom = {0,251;0,733;0,512;0,852;0,524;0,396;0,268;0,555;0,312;0,003;0,102;0,198}
gen = 0027,avg = 0,725,best = 0,734,chrom = {0,251;0,733;0,512;0,852;0,524;0,396;0,268;0,555;0,312;0,003;0,102;0,198}
gen = 0028,avg = 0,726,best = 0,734,chrom = {0,251;0,733;0,512;0,852;0,524;0,396;0,268;0,555;0,312;0,003;0,102;0,198}
gen = 0029,avg = 0,727,best = 0,734,chrom = {0,251;0,733;0,512;0,852;0,524;0,396;0,268;0,555;0,312;0,003;0,102;0,198}
gen = 0030,avg = 0,727,best = 0,734,chrom = {0,251;0,733;0,512;0,852;0,524;0,396;0,268;0,555;0,312;0,003;0,102;0,198}
gen = 0031,avg = 0,728,best = 0,734,chrom = {0,251;0,733;0,512;0,852;0,524;0,396;0,268;0,555;0,312;0,003;0,102;0,198}
gen = 0032,avg = 0,729,best = 0,734,chrom = {0,251;0,733;0,512;0,852;0,524;0,396;0,268;0,555;0,312;0,003;0,102;0,198}
gen = 0033,avg = 0,729,best = 0,734,chrom = {0,251;0,733;0,512;0,852;0,524;0,396;0,268;0,555;0,312;0,003;0,102;0,198}
gen = 0034,avg = 0,730,best = 0,734,chrom = {0,251;0,733;0,512;0,852;0,524;0,396;0,268;0,555;0,312;0,003;0,102;0,198}
gen = 0035,avg = 0,731,best = 0,734,chrom = {0,251;0,733;0,512;0,852;0,524;0,396;0,268;0,555;0,312;0,003;0,102;0,198}
gen = 0036,avg = 0,731,best = 0,734,chrom = {0,251;0,733;0,512;0,852;0,524;0,396;0,268;0,555;0,312;0,003;0,102;0,198}
gen = 0037,avg = 0,732,best = 0,734,chrom = {0,251;0,733;0,512;0,852;0,524;0,396;0,268;0,555;0,312;0,003;0,102;0,198}
gen = 0038,avg = 0,733,best = 0,734,chrom = {0,251;0,733;0,512;0,852;0,524;0,396;0,268;0,555;0,312;0,003;0,102;0,198}
gen = 0039,avg = 0,733,best = 0,734,chrom = {0,251;0,733;0,512;0,852;0,524;0,396;0,268;0,555;0,312;0,003;0,102;0,198}
gen = 0040,avg = 0,734,best = 0,734,chrom = {0,251;0,733;0,512;0,852;0,524;0,396;0,268;0,555;0,312;0,003;0,102;0,198}
gen = 0041,avg = 0,734,best = 0,734,chrom = {0,251;0,733;0,512;0,852;0,524;0,396;0,268;0,555;0,312;0,003;0,102;0,198}
gen = 0042,avg = 0,734,best = 0,734,chrom = {0,251;0,733;0,512;0,852;0,524;0,396;0,268;0,555;0,312;0,003;0,102;0,198}
gen = 0043,avg = 0,734,best = 0,734,chrom = {0,251;0,733;0,512;0,852;0,524;0,396;0,268;0,555;0,312;0,003;0,102;0,198}
gen = 0044,avg = 0,734,best = 0,734,chrom = {0,251;0,733;0,512;0,852;0,524;0,396;0,268;0,555;0,312;0,003;0,102;0,198}
gen = 0045,avg = 0,735,best = 0,743,chrom = {0,251;0,733;0,512;0,852;0,524;0,396;0,268;0,555;0,312;0,003;0,102;0,198}
gen = 0046,avg = 0,736,best = 0,743,chrom = {0,251;0,733;0,512;0,852;0,524;0,396;0,268;0,555;0,312;0,003;0,102;0,198}
gen = 0047,avg = 0,736,best = 0,743,chrom = {0,251;0,733;0,512;0,852;0,524;0,396;0,268;0,555;0,312;0,003;0,102;0,198}
gen = 0048,avg = 0,737,best = 0,743,chrom = {0,251;0,733;0,512;0,852;0,524;0,396;0,268;0,555;0,312;0,003;0,102;0,198}
gen = 0049,avg = 0,738,best = 0,743,chrom = {0,251;0,733;0,512;0,852;0,524;0,396;0,268;0,555;0,312;0,003;0,102;0,198}
gen = 0050,avg = 0,738,best = 0,743,chrom = {0,251;0,733;0,512;0,852;0,524;0,396;0,268;0,555;0,312;0,003;0,102;0,198}
Execution Time = 0770,184ms;
