gen = -001,avg = 0,009,best = 0,009,chrom = {0,108;0,788;0,057;0,471;0,712;0,064;0,154;0,187;0,488;0,378;0,564;0,644}
gen = 0000,avg = 0,096,best = 0,293,chrom = {0,519;0,119;0,848;0,578;0,950;0,652;0,372;0,546;0,795;0,107;0,941;0,543}
gen = 0001,avg = 0,289,best = 0,493,chrom = {0,459;0,575;0,903;0,195;0,269;0,943;0,275;0,002;0,891;0,683;0,876;0,160}
gen = 0002,avg = 0,399,best = 0,510,chrom = {0,062;0,562;0,455;0,846;0,375;0,701;0,372;0,546;0,795;0,107;0,941;0,850}
gen = 0003,avg = 0,525,best = 0,702,chrom = {0,459;0,575;0,903;0,195;0,269;0,701;0,372;0,546;0,795;0,107;0,941;0,850}
gen = 0004,avg = 0,601,best = 0,702,chrom = {0,459;0,575;0,903;0,195;0,269;0,701;0,372;0,546;0,795;0,107;0,941;0,850}
gen = 0005,avg = 0,646,best = 0,702,chrom = {0,459;0,575;0,903;0,195;0,269;0,701;0,372;0,546;0,795;0,107;0,941;0,850}
gen = 0006,avg = 0,670,best = 0,702,chrom = {0,459;0,575;0,903;0,195;0,269;0,701;0,372;0,546;0,795;0,107;0,941;0,850}
gen = 0007,avg = 0,681,best = 0,702,chrom = {0,459;0,575;0,903;0,195;0,269;0,701;0,372;0,546;0,795;0,107;0,941;0,850}
gen = 0008,avg = 0,689,best = 0,709,chrom = {0,062;0,562;0,455;0,846;0,987;0,701;0,372;0,546;0,795;0,107;0,941;0,850}
gen = 0009,avg = 0,697,best = 0,719,chrom = {0,459;0,575;0,455;0,846;0,987;0,701;0,372;0,546;0,795;0,107;0,941;0,850}
gen = 0010,avg = 0,701,best = 0,719,chrom = {0,459;0,575;0,455;0,846;0,987;0,701;0,372;0,546;0,795;0,107;0,941;0,850}
gen = 0011,avg = 0,704,best = 0,719,chrom = {0,459;0,575;0,455;0,846;0,987;0,701;0,372;0,546;0,795;0,107;0,941;0,850}
gen = 0012,avg = 0,710,best = 0,719,chrom = {0,459;0,575;0,178;0,846;0,987;0,701;0,448;0,546;0,795;0,107;0,941;0,850}
gen = 0013,avg = 0,711,best = 0,719,chrom = {0,459;0,575;0,178;0,846;0,987;0,701;0,448;0,546;0,795;0,107;0,941;0,850}
gen = 0014,avg = 0,712,best = 0,719,chrom = {0,459;0,575;0,178;0,846;0,987;0,701;0,448;0,546;0,795;0,107;0,941;0,850}
gen = 0015,avg = 0,713,best = 0,719,chrom = {0,459;0,575;0,178;0,846;0,987;0,701;0,448;0,546;0,795;0,107;0,941;0,850}
gen = 0016,avg = 0,714,best = 0,719,chrom = {0,459;0,575;0,178;0,846;0,987;0,701;0,448;0,546;0,795;0,107;0,941;0,850}
gen = 0017,avg = 0,715,best = 0,719,chrom = {0,459;0,575;0,178;0,846;0,987;0,701;0,448;0,546;0,795;0,107;0,941;0,850}
gen = 0018,avg = 0,717,best = 0,719,chrom = {0,459;0,575;0,178;0,846;0,987;0,701;0,448;0,546;0,795;0,107;0,941;0,850}
gen = 0019,avg = 0,718,best = 0,719,chrom = {0,459;0,575;0,178;0,846;0,987;0,701;0,448;0,546;0,795;0,107;0,941;0,850}
gen = 0020,avg = 0,718,best = 0,719,chrom = {0,459;0,575;0,178;0,846;0,987;0,701;0,448;0,546;0,795;0,107;0,941;0,850}
gen = 0021,avg = 0,719,best = 0,719,chrom = {0,459;0,575;0,178;0,846;0,987;0,701;0,448;0,546;0,795;0,107;0,941;0,850}
gen = 0022,avg = 0,719,best = 0,719,chrom = {0,459;0,575;0,178;0,846;0,987;0,701;0,448;0,546;0,795;0,107;0,941;0,850}
gen = 0023,avg = 0,719,best = 0,719,chrom = {0,459;0,575;0,178;0,846;0,987;0,701;0,448;0,546;0,795;0,107;0,941;0,850}
gen = 0024,avg = 0,719,best = 0,719,chrom = {0,459;0,575;0,178;0,846;0,987;0,701;0,448;0,546;0,795;0,107;0,941;0,850}
gen = 0025,avg = 0,719,best = 0,719,chrom = {0,459;0,575;0,178;0,846;0,987;0,701;0,448;0,546;0,795;0,107;0,941;0,850}
gen = 0026,avg = 0,719,best = 0,719,chrom = {0,459;0,575;0,178;0,846;0,987;0,701;0,448;0,546;0,795;0,107;0,941;0,850}
gen = 0027,avg = 0,719,best = 0,719,chrom = {0,459;0,575;0,178;0,846;0,987;0,701;0,448;0,546;0,795;0,107;0,941;0,850}
gen = 0028,avg = 0,719,best = 0,719,chrom = {0,459;0,575;0,178;0,846;0,987;0,701;0,448;0,546;0,795;0,107;0,941;0,850}
gen = 0029,avg = 0,719,best = 0,719,chrom = {0,459;0,575;0,178;0,846;0,987;0,701;0,448;0,546;0,795;0,107;0,941;0,850}
gen = 0030,avg = 0,719,best = 0,719,chrom = {0,459;0,575;0,178;0,846;0,987;0,701;0,448;0,546;0,795;0,107;0,941;0,850}
gen = 0031,avg = 0,719,best = 0,719,chrom = {0,459;0,575;0,178;0,846;0,987;0,701;0,448;0,546;0,795;0,107;0,941;0,850}
gen = 0032,avg = 0,719,best = 0,720,chrom = {0,459;0,575;0,681;0,667;0,987;0,701;0,448;0,546;0,795;0,107;0,941;0,850}
gen = 0033,avg = 0,720,best = 0,720,chrom = {0,459;0,575;0,681;0,667;0,987;0,701;0,448;0,546;0,795;0,107;0,941;0,850}
gen = 0034,avg = 0,720,best = 0,720,chrom = {0,459;0,575;0,681;0,667;0,987;0,701;0,448;0,546;0,795;0,107;0,941;0,850}
gen = 0035,avg = 0,720,best = 0,720,chrom = {0,459;0,575;0,681;0,667;0,987;0,701;0,448;0,546;0,795;0,107;0,941;0,850}
gen = 0036,avg = 0,720,best = 0,720,chrom = {0,459;0,575;0,681;0,667;0,987;0,701;0,448;0,546;0,795;0,107;0,941;0,850}
gen = 0037,avg = 0,720,best = 0,720,chrom = {0,459;0,575;0,681;0,667;0,987;0,701;0,448;0,546;0,795;0,107;0,941;0,850}
gen = 0038,avg = 0,720,best = 0,720,chrom = {0,459;0,575;0,681;0,667;0,987;0,701;0,448;0,546;0,795;0,107;0,941;0,850}
gen = 0039,avg = 0,720,best = 0,720,chrom = {0,459;0,575;0,681;0,667;0,987;0,701;0,448;0,546;0,795;0,107;0,941;0,850}
gen = 0040,avg = 0,721,best = 0,730,chrom = {0,459;0,575;0,681;0,667;0,987;0,701;0,448;0,546;0,795;0,107;0,941;0,850}
gen = 0041,avg = 0,722,best = 0,730,chrom = {0,459;0,575;0,681;0,667;0,987;0,701;0,448;0,546;0,795;0,107;0,941;0,850}
gen = 0042,avg = 0,723,best = 0,730,chrom = {0,459;0,575;0,681;0,667;0,987;0,701;0,448;0,546;0,795;0,107;0,941;0,850}
gen = 0043,avg = 0,724,best = 0,730,chrom = {0,459;0,575;0,681;0,667;0,987;0,701;0,448;0,546;0,795;0,107;0,941;0,850}
gen = 0044,avg = 0,724,best = 0,730,chrom = {0,459;0,575;0,681;0,667;0,987;0,701;0,448;0,546;0,795;0,107;0,941;0,850}
gen = 0045,avg = 0,725,best = 0,730,chrom = {0,459;0,575;0,681;0,667;0,987;0,701;0,448;0,546;0,795;0,107;0,941;0,850}
gen = 0046,avg = 0,726,best = 0,730,chrom = {0,459;0,575;0,681;0,667;0,987;0,701;0,448;0,546;0,795;0,107;0,941;0,850}
gen = 0047,avg = 0,726,best = 0,730,chrom = {0,459;0,575;0,681;0,667;0,987;0,701;0,448;0,546;0,795;0,107;0,941;0,850}
gen = 0048,avg = 0,727,best = 0,730,chrom = {0,459;0,575;0,681;0,667;0,987;0,701;0,448;0,546;0,795;0,107;0,941;0,850}
gen = 0049,avg = 0,727,best = 0,730,chrom = {0,459;0,575;0,681;0,667;0,987;0,701;0,448;0,546;0,795;0,107;0,941;0,850}
gen = 0050,avg = 0,728,best = 0,730,chrom = {0,459;0,575;0,681;0,667;0,987;0,701;0,448;0,546;0,795;0,107;0,941;0,850}
Execution Time = 0920,958ms;
