gen = -001,avg = 0,433,best = 0,433,chrom = {0,398;0,470;0,775;0,335;0,124;0,631;0,405;0,320;0,222;0,297;0,825;0,862}
gen = 0000,avg = 0,178,best = 0,433,chrom = {0,398;0,470;0,775;0,335;0,124;0,631;0,405;0,320;0,222;0,297;0,825;0,862}
gen = 0001,avg = 0,315,best = 0,433,chrom = {0,398;0,470;0,775;0,335;0,124;0,631;0,405;0,320;0,222;0,297;0,825;0,862}
gen = 0002,avg = 0,390,best = 0,519,chrom = {0,398;0,232;0,019;0,800;0,222;0,732;0,959;0,435;0,361;0,547;0,933;0,997}
gen = 0003,avg = 0,490,best = 0,593,chrom = {0,398;0,232;0,019;0,800;0,222;0,042;0,959;0,435;0,361;0,547;0,933;0,997}
gen = 0004,avg = 0,562,best = 0,708,chrom = {0,398;0,232;0,019;0,800;0,222;0,732;0,959;0,435;0,361;0,547;0,933;0,997}
gen = 0005,avg = 0,621,best = 0,708,chrom = {0,398;0,232;0,019;0,800;0,222;0,732;0,959;0,435;0,361;0,547;0,933;0,997}
gen = 0006,avg = 0,669,best = 0,715,chrom = {0,671;0,715;0,019;0,800;0,222;0,189;0,959;0,435;0,361;0,547;0,933;0,997}
gen = 0007,avg = 0,682,best = 0,715,chrom = {0,671;0,715;0,019;0,800;0,222;0,189;0,959;0,435;0,361;0,547;0,933;0,997}
gen = 0008,avg = 0,697,best = 0,740,chrom = {0,671;0,715;0,019;0,800;0,222;0,189;0,959;0,435;0,361;0,547;0,933;0,702}
gen = 0009,avg = 0,703,best = 0,740,chrom = {0,671;0,715;0,019;0,800;0,222;0,189;0,959;0,435;0,361;0,547;0,933;0,702}
gen = 0010,avg = 0,711,best = 0,740,chrom = {0,671;0,715;0,019;0,800;0,222;0,189;0,959;0,435;0,361;0,547;0,933;0,702}
gen = 0011,avg = 0,723,best = 0,744,chrom = {0,398;0,590;0,019;0,654;0,143;0,732;0,959;0,805;0,361;0,547;0,119;0,997}
gen = 0012,avg = 0,726,best = 0,744,chrom = {0,398;0,590;0,019;0,654;0,143;0,732;0,959;0,805;0,361;0,547;0,119;0,997}
gen = 0013,avg = 0,728,best = 0,744,chrom = {0,398;0,590;0,019;0,654;0,143;0,732;0,959;0,805;0,361;0,547;0,119;0,997}
gen = 0014,avg = 0,730,best = 0,744,chrom = {0,398;0,590;0,019;0,654;0,143;0,732;0,959;0,805;0,361;0,547;0,119;0,997}
gen = 0015,avg = 0,733,best = 0,744,chrom = {0,398;0,590;0,019;0,654;0,143;0,732;0,959;0,805;0,361;0,547;0,119;0,997}
gen = 0016,avg = 0,737,best = 0,746,chrom = {0,398;0,590;0,019;0,654;0,143;0,732;0,959;0,805;0,361;0,547;0,119;0,997}
gen = 0017,avg = 0,740,best = 0,746,chrom = {0,398;0,590;0,019;0,654;0,143;0,732;0,959;0,805;0,361;0,547;0,119;0,997}
gen = 0018,avg = 0,742,best = 0,746,chrom = {0,398;0,590;0,019;0,654;0,143;0,732;0,959;0,805;0,361;0,547;0,119;0,997}
gen = 0019,avg = 0,744,best = 0,746,chrom = {0,398;0,590;0,019;0,654;0,143;0,732;0,959;0,805;0,361;0,547;0,119;0,997}
gen = 0020,avg = 0,744,best = 0,746,chrom = {0,398;0,590;0,019;0,654;0,143;0,732;0,959;0,805;0,361;0,547;0,119;0,997}
gen = 0021,avg = 0,744,best = 0,746,chrom = {0,398;0,590;0,019;0,654;0,143;0,732;0,959;0,805;0,361;0,547;0,119;0,997}
gen = 0022,avg = 0,745,best = 0,746,chrom = {0,398;0,590;0,019;0,654;0,143;0,732;0,959;0,805;0,361;0,547;0,119;0,997}
gen = 0023,avg = 0,745,best = 0,746,chrom = {0,398;0,590;0,019;0,654;0,143;0,732;0,959;0,805;0,361;0,547;0,119;0,997}
gen = 0024,avg = 0,745,best = 0,746,chrom = {0,398;0,590;0,019;0,654;0,143;0,732;0,959;0,805;0,361;0,547;0,119;0,997}
gen = 0025,avg = 0,745,best = 0,746,chrom = {0,398;0,590;0,019;0,654;0,143;0,732;0,959;0,805;0,361;0,547;0,119;0,997}
gen = 0026,avg = 0,745,best = 0,746,chrom = {0,398;0,590;0,019;0,654;0,143;0,732;0,959;0,805;0,361;0,547;0,119;0,997}
gen = 0027,avg = 0,746,best = 0,746,chrom = {0,398;0,590;0,019;0,654;0,143;0,732;0,959;0,805;0,361;0,547;0,119;0,997}
gen = 0028,avg = 0,746,best = 0,746,chrom = {0,398;0,590;0,019;0,654;0,143;0,732;0,959;0,805;0,361;0,547;0,119;0,997}
gen = 0029,avg = 0,746,best = 0,746,chrom = {0,398;0,590;0,019;0,654;0,143;0,732;0,959;0,805;0,361;0,547;0,119;0,997}
gen = 0030,avg = 0,746,best = 0,746,chrom = {0,398;0,590;0,019;0,654;0,143;0,732;0,959;0,805;0,361;0,547;0,119;0,997}
gen = 0031,avg = 0,746,best = 0,746,chrom = {0,398;0,590;0,019;0,654;0,143;0,732;0,959;0,805;0,361;0,547;0,119;0,997}
gen = 0032,avg = 0,746,best = 0,746,chrom = {0,398;0,590;0,019;0,654;0,143;0,732;0,959;0,805;0,361;0,547;0,119;0,997}
gen = 0033,avg = 0,746,best = 0,746,chrom = {0,398;0,590;0,019;0,654;0,143;0,732;0,959;0,805;0,361;0,547;0,119;0,997}
gen = 0034,avg = 0,746,best = 0,746,chrom = {0,398;0,590;0,019;0,654;0,143;0,732;0,959;0,805;0,361;0,547;0,119;0,997}
gen = 0035,avg = 0,746,best = 0,746,chrom = {0,398;0,590;0,019;0,654;0,143;0,732;0,959;0,805;0,361;0,547;0,119;0,997}
gen = 0036,avg = 0,746,best = 0,746,chrom = {0,398;0,590;0,019;0,654;0,143;0,732;0,959;0,805;0,361;0,547;0,119;0,997}
gen = 0037,avg = 0,746,best = 0,746,chrom = {0,398;0,590;0,019;0,654;0,143;0,732;0,959;0,805;0,361;0,547;0,119;0,997}
gen = 0038,avg = 0,746,best = 0,746,chrom = {0,398;0,590;0,019;0,654;0,143;0,732;0,959;0,805;0,361;0,547;0,119;0,997}
gen = 0039,avg = 0,746,best = 0,746,chrom = {0,398;0,590;0,019;0,654;0,143;0,732;0,959;0,805;0,361;0,547;0,119;0,997}
gen = 0040,avg = 0,746,best = 0,746,chrom = {0,398;0,590;0,019;0,654;0,143;0,732;0,959;0,805;0,361;0,547;0,119;0,997}
gen = 0041,avg = 0,746,best = 0,746,chrom = {0,398;0,590;0,019;0,654;0,143;0,732;0,959;0,805;0,361;0,547;0,119;0,997}
gen = 0042,avg = 0,746,best = 0,746,chrom = {0,398;0,590;0,019;0,654;0,143;0,732;0,959;0,805;0,361;0,547;0,119;0,997}
gen = 0043,avg = 0,746,best = 0,746,chrom = {0,398;0,590;0,019;0,654;0,143;0,732;0,959;0,805;0,361;0,547;0,119;0,997}
gen = 0044,avg = 0,746,best = 0,746,chrom = {0,398;0,590;0,019;0,654;0,143;0,732;0,959;0,805;0,361;0,547;0,119;0,997}
gen = 0045,avg = 0,746,best = 0,746,chrom = {0,398;0,590;0,019;0,654;0,143;0,732;0,959;0,805;0,361;0,547;0,119;0,997}
gen = 0046,avg = 0,749,best = 0,767,chrom = {0,398;0,590;0,019;0,654;0,143;0,732;0,959;0,805;0,361;0,547;0,119;0,997}
gen = 0047,avg = 0,750,best = 0,767,chrom = {0,398;0,590;0,019;0,654;0,143;0,732;0,959;0,805;0,361;0,547;0,119;0,997}
gen = 0048,avg = 0,752,best = 0,767,chrom = {0,398;0,590;0,019;0,654;0,143;0,732;0,959;0,805;0,361;0,547;0,119;0,997}
gen = 0049,avg = 0,753,best = 0,767,chrom = {0,398;0,590;0,019;0,654;0,143;0,732;0,959;0,805;0,361;0,547;0,119;0,997}
gen = 0050,avg = 0,754,best = 0,767,chrom = {0,398;0,590;0,019;0,654;0,143;0,732;0,959;0,805;0,361;0,547;0,119;0,997}
Execution Time = 0838,628ms;
