gen = -001,avg = 0,009,best = 0,009,chrom = {0,693;0,019;0,388;0,293;0,540;0,523;0,248;0,914;0,327;0,167;0,356;0,702}
gen = 0000,avg = 0,189,best = 0,578,chrom = {0,468;0,625;0,118;0,944;0,173;0,877;0,391;0,586;0,920;0,112;0,552;0,800}
gen = 0001,avg = 0,372,best = 0,584,chrom = {0,377;0,539;0,876;0,637;0,277;0,487;0,283;0,429;0,338;0,072;0,170;0,623}
gen = 0002,avg = 0,480,best = 0,584,chrom = {0,377;0,539;0,876;0,637;0,277;0,487;0,283;0,429;0,338;0,072;0,170;0,623}
gen = 0003,avg = 0,593,best = 0,658,chrom = {0,377;0,539;0,876;0,341;0,277;0,487;0,283;0,429;0,581;0,072;0,170;0,623}
gen = 0004,avg = 0,614,best = 0,658,chrom = {0,377;0,539;0,876;0,341;0,277;0,487;0,283;0,429;0,581;0,072;0,170;0,623}
gen = 0005,avg = 0,634,best = 0,658,chrom = {0,377;0,539;0,876;0,341;0,277;0,487;0,283;0,429;0,581;0,072;0,170;0,623}
gen = 0006,avg = 0,645,best = 0,658,chrom = {0,377;0,539;0,876;0,341;0,277;0,487;0,283;0,429;0,581;0,072;0,170;0,623}
gen = 0007,avg = 0,655,best = 0,698,chrom = {0,468;0,625;0,876;0,637;0,277;0,487;0,283;0,429;0,581;0,072;0,170;0,623}
gen = 0008,avg = 0,671,best = 0,713,chrom = {0,377;0,539;0,876;0,637;0,277;0,487;0,283;0,429;0,581;0,072;0,170;0,623}
gen = 0009,avg = 0,675,best = 0,713,chrom = {0,377;0,539;0,876;0,637;0,277;0,487;0,283;0,429;0,581;0,072;0,170;0,623}
gen = 0010,avg = 0,680,best = 0,713,chrom = {0,377;0,539;0,876;0,637;0,277;0,487;0,283;0,429;0,581;0,072;0,170;0,623}
gen = 0011,avg = 0,687,best = 0,713,chrom = {0,377;0,539;0,876;0,637;0,277;0,487;0,283;0,429;0,581;0,072;0,170;0,623}
gen = 0012,avg = 0,694,best = 0,713,chrom = {0,377;0,539;0,876;0,637;0,277;0,487;0,283;0,429;0,581;0,072;0,170;0,623}
gen = 0013,avg = 0,700,best = 0,713,chrom = {0,377;0,539;0,876;0,637;0,277;0,487;0,283;0,429;0,581;0,072;0,170;0,623}
gen = 0014,avg = 0,704,best = 0,713,chrom = {0,377;0,539;0,876;0,637;0,277;0,487;0,283;0,429;0,581;0,072;0,170;0,623}
gen = 0015,avg = 0,707,best = 0,713,chrom = {0,377;0,539;0,876;0,637;0,277;0,487;0,283;0,429;0,581;0,072;0,170;0,623}
gen = 0016,avg = 0,709,best = 0,713,chrom = {0,377;0,539;0,876;0,637;0,277;0,487;0,283;0,429;0,581;0,072;0,170;0,623}
gen = 0017,avg = 0,710,best = 0,713,chrom = {0,377;0,539;0,876;0,637;0,277;0,487;0,283;0,429;0,581;0,072;0,170;0,623}
gen = 0018,avg = 0,711,best = 0,713,chrom = {0,377;0,539;0,876;0,637;0,277;0,487;0,283;0,429;0,581;0,072;0,170;0,623}
gen = 0019,avg = 0,712,best = 0,713,chrom = {0,377;0,539;0,876;0,637;0,277;0,487;0,283;0,429;0,581;0,072;0,170;0,623}
gen = 0020,avg = 0,713,best = 0,713,chrom = {0,377;0,539;0,876;0,637;0,277;0,487;0,283;0,429;0,581;0,072;0,170;0,623}
gen = 0021,avg = 0,713,best = 0,713,chrom = {0,377;0,539;0,876;0,637;0,277;0,487;0,283;0,429;0,581;0,072;0,170;0,623}
gen = 0022,avg = 0,713,best = 0,713,chrom = {0,377;0,539;0,876;0,637;0,277;0,487;0,283;0,429;0,581;0,072;0,170;0,623}
gen = 0023,avg = 0,713,best = 0,713,chrom = {0,377;0,539;0,876;0,637;0,277;0,487;0,283;0,429;0,581;0,072;0,170;0,623}
gen = 0024,avg = 0,714,best = 0,719,chrom = {0,377;0,539;0,876;0,637;0,277;0,487;0,283;0,429;0,581;0,072;0,170;0,654}
gen = 0025,avg = 0,714,best = 0,719,chrom = {0,377;0,539;0,876;0,637;0,277;0,487;0,283;0,429;0,581;0,072;0,170;0,654}
gen = 0026,avg = 0,715,best = 0,719,chrom = {0,377;0,539;0,876;0,637;0,277;0,487;0,283;0,429;0,581;0,072;0,170;0,654}
gen = 0027,avg = 0,715,best = 0,719,chrom = {0,377;0,539;0,876;0,637;0,277;0,487;0,283;0,429;0,581;0,072;0,170;0,654}
gen = 0028,avg = 0,716,best = 0,719,chrom = {0,377;0,539;0,876;0,637;0,277;0,487;0,283;0,429;0,581;0,072;0,170;0,654}
gen = 0029,avg = 0,716,best = 0,719,chrom = {0,377;0,539;0,876;0,637;0,277;0,487;0,283;0,429;0,581;0,072;0,170;0,654}
gen = 0030,avg = 0,716,best = 0,719,chrom = {0,377;0,539;0,876;0,637;0,277;0,487;0,283;0,429;0,581;0,072;0,170;0,654}
gen = 0031,avg = 0,717,best = 0,719,chrom = {0,377;0,539;0,876;0,637;0,277;0,487;0,283;0,429;0,581;0,072;0,170;0,654}
gen = 0032,avg = 0,717,best = 0,719,chrom = {0,377;0,539;0,876;0,637;0,277;0,487;0,283;0,429;0,581;0,072;0,170;0,654}
gen = 0033,avg = 0,718,best = 0,719,chrom = {0,377;0,539;0,876;0,637;0,277;0,487;0,283;0,429;0,581;0,072;0,170;0,654}
gen = 0034,avg = 0,718,best = 0,719,chrom = {0,377;0,539;0,876;0,637;0,277;0,487;0,283;0,429;0,581;0,072;0,170;0,654}
gen = 0035,avg = 0,718,best = 0,719,chrom = {0,377;0,539;0,876;0,637;0,277;0,487;0,283;0,429;0,581;0,072;0,170;0,654}
gen = 0036,avg = 0,719,best = 0,719,chrom = {0,377;0,539;0,876;0,637;0,277;0,487;0,283;0,429;0,581;0,072;0,170;0,654}
gen = 0037,avg = 0,719,best = 0,719,chrom = {0,377;0,539;0,876;0,637;0,277;0,487;0,283;0,429;0,581;0,072;0,170;0,654}
gen = 0038,avg = 0,719,best = 0,719,chrom = {0,377;0,539;0,876;0,637;0,277;0,487;0,283;0,429;0,581;0,072;0,170;0,654}
gen = 0039,avg = 0,719,best = 0,719,chrom = {0,377;0,539;0,876;0,637;0,277;0,487;0,283;0,429;0,581;0,072;0,170;0,654}
gen = 0040,avg = 0,719,best = 0,719,chrom = {0,377;0,539;0,876;0,637;0,277;0,487;0,283;0,429;0,581;0,072;0,170;0,654}
gen = 0041,avg = 0,719,best = 0,719,chrom = {0,377;0,539;0,876;0,637;0,277;0,487;0,283;0,429;0,581;0,072;0,170;0,654}
gen = 0042,avg = 0,719,best = 0,719,chrom = {0,377;0,539;0,876;0,637;0,277;0,487;0,283;0,429;0,581;0,072;0,170;0,654}
gen = 0043,avg = 0,719,best = 0,719,chrom = {0,377;0,539;0,876;0,637;0,277;0,487;0,283;0,429;0,581;0,072;0,170;0,654}
gen = 0044,avg = 0,719,best = 0,719,chrom = {0,377;0,539;0,876;0,637;0,277;0,487;0,283;0,429;0,581;0,072;0,170;0,654}
gen = 0045,avg = 0,719,best = 0,719,chrom = {0,377;0,539;0,876;0,637;0,277;0,487;0,283;0,429;0,581;0,072;0,170;0,654}
gen = 0046,avg = 0,719,best = 0,719,chrom = {0,377;0,539;0,876;0,637;0,277;0,487;0,283;0,429;0,581;0,072;0,170;0,654}
gen = 0047,avg = 0,719,best = 0,719,chrom = {0,377;0,539;0,876;0,637;0,277;0,487;0,283;0,429;0,581;0,072;0,170;0,654}
gen = 0048,avg = 0,721,best = 0,733,chrom = {0,377;0,539;0,876;0,637;0,277;0,487;0,283;0,429;0,581;0,072;0,170;0,654}
gen = 0049,avg = 0,722,best = 0,733,chrom = {0,377;0,539;0,876;0,637;0,277;0,487;0,283;0,429;0,581;0,072;0,170;0,654}
gen = 0050,avg = 0,723,best = 0,733,chrom = {0,377;0,539;0,876;0,637;0,277;0,487;0,283;0,429;0,581;0,072;0,170;0,654}
Execution Time = 0723,225ms;
