gen = -001,avg = 0,066,best = 0,066,chrom = {0,188;0,506;0,071;0,565;0,953;0,948;0,675;0,526;0,614;0,425;0,217;0,461}
gen = 0000,avg = 0,107,best = 0,380,chrom = {0,912;0,603;0,338;0,263;0,303;0,596;0,929;0,033;0,348;0,647;0,265;0,779}
gen = 0001,avg = 0,195,best = 0,380,chrom = {0,912;0,603;0,338;0,263;0,303;0,596;0,929;0,033;0,348;0,647;0,265;0,779}
gen = 0002,avg = 0,272,best = 0,402,chrom = {0,648;0,819;0,259;0,513;0,425;0,008;0,333;0,658;0,474;0,823;0,982;0,944}
gen = 0003,avg = 0,369,best = 0,508,chrom = {0,648;0,819;0,259;0,513;0,425;0,008;0,333;0,368;0,474;0,823;0,118;0,944}
gen = 0004,avg = 0,410,best = 0,508,chrom = {0,648;0,819;0,259;0,513;0,425;0,008;0,333;0,368;0,474;0,823;0,118;0,944}
gen = 0005,avg = 0,446,best = 0,551,chrom = {0,648;0,819;0,259;0,957;0,781;0,902;0,693;0,803;0,474;0,823;0,982;0,944}
gen = 0006,avg = 0,512,best = 0,567,chrom = {0,912;0,819;0,259;0,513;0,425;0,008;0,333;0,368;0,474;0,823;0,118;0,944}
gen = 0007,avg = 0,540,best = 0,567,chrom = {0,912;0,819;0,259;0,513;0,425;0,008;0,333;0,368;0,474;0,823;0,118;0,944}
gen = 0008,avg = 0,569,best = 0,630,chrom = {0,648;0,819;0,259;0,957;0,781;0,902;0,693;0,803;0,474;0,823;0,982;0,944}
gen = 0009,avg = 0,589,best = 0,653,chrom = {0,912;0,819;0,259;0,513;0,425;0,008;0,333;0,368;0,474;0,136;0,118;0,944}
gen = 0010,avg = 0,598,best = 0,653,chrom = {0,912;0,819;0,259;0,513;0,425;0,008;0,333;0,368;0,474;0,136;0,118;0,944}
gen = 0011,avg = 0,622,best = 0,729,chrom = {0,648;0,819;0,259;0,513;0,425;0,008;0,333;0,973;0,474;0,823;0,118;0,944}
gen = 0012,avg = 0,642,best = 0,729,chrom = {0,648;0,819;0,259;0,513;0,425;0,008;0,333;0,973;0,474;0,823;0,118;0,944}
gen = 0013,avg = 0,673,best = 0,729,chrom = {0,648;0,819;0,259;0,513;0,425;0,008;0,333;0,973;0,474;0,823;0,118;0,944}
gen = 0014,avg = 0,702,best = 0,731,chrom = {0,648;0,819;0,259;0,513;0,425;0,008;0,333;0,973;0,474;0,823;0,118;0,944}
gen = 0015,avg = 0,729,best = 0,762,chrom = {0,912;0,819;0,511;0,513;0,790;0,008;0,333;0,973;0,474;0,823;0,118;0,944}
gen = 0016,avg = 0,738,best = 0,762,chrom = {0,912;0,819;0,511;0,513;0,790;0,008;0,333;0,973;0,474;0,823;0,118;0,944}
gen = 0017,avg = 0,743,best = 0,762,chrom = {0,912;0,819;0,511;0,513;0,790;0,008;0,333;0,973;0,474;0,823;0,118;0,944}
gen = 0018,avg = 0,746,best = 0,762,chrom = {0,912;0,819;0,511;0,513;0,790;0,008;0,333;0,973;0,474;0,823;0,118;0,944}
gen = 0019,avg = 0,748,best = 0,762,chrom = {0,912;0,819;0,511;0,513;0,790;0,008;0,333;0,973;0,474;0,823;0,118;0,944}
gen = 0020,avg = 0,750,best = 0,762,chrom = {0,912;0,819;0,511;0,513;0,790;0,008;0,333;0,973;0,474;0,823;0,118;0,944}
gen = 0021,avg = 0,752,best = 0,762,chrom = {0,912;0,819;0,511;0,513;0,790;0,008;0,333;0,973;0,474;0,823;0,118;0,944}
gen = 0022,avg = 0,755,best = 0,762,chrom = {0,912;0,819;0,511;0,513;0,790;0,008;0,333;0,973;0,474;0,823;0,118;0,944}
gen = 0023,avg = 0,757,best = 0,762,chrom = {0,912;0,819;0,511;0,513;0,790;0,008;0,333;0,973;0,474;0,823;0,118;0,944}
gen = 0024,avg = 0,760,best = 0,765,chrom = {0,912;0,819;0,511;0,513;0,790;0,008;0,333;0,973;0,474;0,823;0,118;0,944}
gen = 0025,avg = 0,762,best = 0,765,chrom = {0,912;0,819;0,511;0,513;0,790;0,008;0,333;0,973;0,474;0,823;0,118;0,944}
gen = 0026,avg = 0,763,best = 0,765,chrom = {0,912;0,819;0,511;0,513;0,790;0,008;0,333;0,973;0,474;0,823;0,118;0,944}
gen = 0027,avg = 0,763,best = 0,765,chrom = {0,912;0,819;0,511;0,513;0,790;0,008;0,333;0,973;0,474;0,823;0,118;0,944}
gen = 0028,avg = 0,763,best = 0,765,chrom = {0,912;0,819;0,511;0,513;0,790;0,008;0,333;0,973;0,474;0,823;0,118;0,944}
gen = 0029,avg = 0,763,best = 0,765,chrom = {0,912;0,819;0,511;0,513;0,790;0,008;0,333;0,973;0,474;0,823;0,118;0,944}
gen = 0030,avg = 0,764,best = 0,765,chrom = {0,912;0,819;0,511;0,513;0,790;0,008;0,333;0,973;0,474;0,823;0,118;0,944}
gen = 0031,avg = 0,764,best = 0,765,chrom = {0,912;0,819;0,511;0,513;0,790;0,008;0,333;0,973;0,474;0,823;0,118;0,944}
gen = 0032,avg = 0,764,best = 0,765,chrom = {0,912;0,819;0,511;0,513;0,790;0,008;0,333;0,973;0,474;0,823;0,118;0,944}
gen = 0033,avg = 0,764,best = 0,765,chrom = {0,912;0,819;0,511;0,513;0,790;0,008;0,333;0,973;0,474;0,823;0,118;0,944}
gen = 0034,avg = 0,764,best = 0,765,chrom = {0,912;0,819;0,511;0,513;0,790;0,008;0,333;0,973;0,474;0,823;0,118;0,944}
gen = 0035,avg = 0,764,best = 0,765,chrom = {0,912;0,819;0,511;0,513;0,790;0,008;0,333;0,973;0,474;0,823;0,118;0,944}
gen = 0036,avg = 0,764,best = 0,765,chrom = {0,912;0,819;0,511;0,513;0,790;0,008;0,333;0,973;0,474;0,823;0,118;0,944}
gen = 0037,avg = 0,765,best = 0,765,chrom = {0,912;0,819;0,511;0,513;0,790;0,008;0,333;0,973;0,474;0,823;0,118;0,944}
gen = 0038,avg = 0,765,best = 0,765,chrom = {0,912;0,819;0,511;0,513;0,790;0,008;0,333;0,973;0,474;0,823;0,118;0,944}
gen = 0039,avg = 0,765,best = 0,765,chrom = {0,912;0,819;0,511;0,513;0,790;0,008;0,333;0,973;0,474;0,823;0,118;0,944}
gen = 0040,avg = 0,765,best = 0,765,chrom = {0,912;0,819;0,511;0,513;0,790;0,008;0,333;0,973;0,474;0,823;0,118;0,944}
gen = 0041,avg = 0,765,best = 0,765,chrom = {0,912;0,819;0,511;0,513;0,790;0,008;0,333;0,973;0,474;0,823;0,118;0,944}
gen = 0042,avg = 0,765,best = 0,765,chrom = {0,912;0,819;0,511;0,513;0,790;0,008;0,333;0,973;0,474;0,823;0,118;0,944}
gen = 0043,avg = 0,765,best = 0,765,chrom = {0,912;0,819;0,511;0,513;0,790;0,008;0,333;0,973;0,474;0,823;0,118;0,944}
gen = 0044,avg = 0,765,best = 0,769,chrom = {0,912;0,819;0,253;0,513;0,633;0,008;0,333;0,973;0,474;0,823;0,118;0,944}
gen = 0045,avg = 0,765,best = 0,769,chrom = {0,912;0,819;0,253;0,513;0,633;0,008;0,333;0,973;0,474;0,823;0,118;0,944}
gen = 0046,avg = 0,766,best = 0,769,chrom = {0,912;0,819;0,253;0,513;0,633;0,008;0,333;0,973;0,474;0,823;0,118;0,944}
gen = 0047,avg = 0,766,best = 0,769,chrom = {0,912;0,819;0,253;0,513;0,633;0,008;0,333;0,973;0,474;0,823;0,118;0,944}
gen = 0048,avg = 0,766,best = 0,769,chrom = {0,912;0,819;0,253;0,513;0,633;0,008;0,333;0,973;0,474;0,823;0,118;0,944}
gen = 0049,avg = 0,767,best = 0,769,chrom = {0,912;0,819;0,253;0,513;0,633;0,008;0,333;0,973;0,474;0,823;0,118;0,944}
gen = 0050,avg = 0,767,best = 0,769,chrom = {0,912;0,819;0,253;0,513;0,633;0,008;0,333;0,973;0,474;0,823;0,118;0,944}
Execution Time = 0739,158ms;
