gen = -001,avg = 0,119,best = 0,119,chrom = {0,425;0,715;0,180;0,946;0,707;0,434;0,839;0,990;0,197;0,473;0,366;0,206}
gen = 0000,avg = 0,131,best = 0,480,chrom = {0,102;0,091;0,338;0,302;0,054;0,544;0,348;0,636;0,467;0,635;0,819;0,337}
gen = 0001,avg = 0,279,best = 0,480,chrom = {0,102;0,091;0,338;0,302;0,054;0,544;0,348;0,636;0,467;0,635;0,819;0,337}
gen = 0002,avg = 0,375,best = 0,503,chrom = {0,351;0,968;0,594;0,955;0,658;0,576;0,741;0,916;0,334;0,145;0,434;0,990}
gen = 0003,avg = 0,400,best = 0,503,chrom = {0,351;0,968;0,594;0,955;0,658;0,576;0,741;0,916;0,334;0,145;0,434;0,990}
gen = 0004,avg = 0,485,best = 0,572,chrom = {0,102;0,091;0,338;0,302;0,054;0,544;0,348;0,636;0,467;0,496;0,270;0,706}
gen = 0005,avg = 0,524,best = 0,576,chrom = {0,877;0,093;0,594;0,955;0,658;0,576;0,741;0,032;0,334;0,145;0,434;0,990}
gen = 0006,avg = 0,564,best = 0,634,chrom = {0,351;0,968;0,594;0,994;0,658;0,576;0,741;0,916;0,334;0,145;0,434;0,990}
gen = 0007,avg = 0,596,best = 0,663,chrom = {0,102;0,091;0,338;0,864;0,054;0,544;0,348;0,636;0,467;0,635;0,819;0,482}
gen = 0008,avg = 0,622,best = 0,672,chrom = {0,351;0,968;0,594;0,955;0,658;0,576;0,741;0,916;0,334;0,871;0,434;0,990}
gen = 0009,avg = 0,639,best = 0,672,chrom = {0,351;0,968;0,594;0,955;0,658;0,576;0,741;0,916;0,334;0,871;0,434;0,990}
gen = 0010,avg = 0,645,best = 0,672,chrom = {0,351;0,968;0,594;0,955;0,658;0,576;0,741;0,916;0,334;0,871;0,434;0,990}
gen = 0011,avg = 0,652,best = 0,672,chrom = {0,351;0,968;0,594;0,955;0,658;0,576;0,741;0,916;0,334;0,871;0,434;0,990}
gen = 0012,avg = 0,660,best = 0,672,chrom = {0,351;0,968;0,594;0,955;0,658;0,576;0,741;0,916;0,334;0,871;0,434;0,990}
gen = 0013,avg = 0,663,best = 0,672,chrom = {0,351;0,968;0,594;0,955;0,658;0,576;0,741;0,916;0,334;0,871;0,434;0,990}
gen = 0014,avg = 0,671,best = 0,697,chrom = {0,351;0,968;0,594;0,994;0,658;0,576;0,741;0,916;0,334;0,145;0,434;0,990}
gen = 0015,avg = 0,674,best = 0,697,chrom = {0,351;0,968;0,594;0,994;0,658;0,576;0,741;0,916;0,334;0,145;0,434;0,990}
gen = 0016,avg = 0,677,best = 0,697,chrom = {0,351;0,968;0,594;0,994;0,658;0,576;0,741;0,916;0,334;0,145;0,434;0,990}
gen = 0017,avg = 0,679,best = 0,697,chrom = {0,351;0,968;0,594;0,994;0,658;0,576;0,741;0,916;0,334;0,145;0,434;0,990}
gen = 0018,avg = 0,681,best = 0,697,chrom = {0,351;0,968;0,594;0,994;0,658;0,576;0,741;0,916;0,334;0,145;0,434;0,990}
gen = 0019,avg = 0,684,best = 0,697,chrom = {0,351;0,968;0,594;0,994;0,658;0,576;0,741;0,916;0,334;0,145;0,434;0,990}
gen = 0020,avg = 0,687,best = 0,697,chrom = {0,351;0,968;0,594;0,994;0,658;0,576;0,741;0,916;0,334;0,145;0,434;0,990}
gen = 0021,avg = 0,689,best = 0,697,chrom = {0,351;0,968;0,594;0,994;0,658;0,576;0,741;0,916;0,334;0,145;0,434;0,990}
gen = 0022,avg = 0,690,best = 0,697,chrom = {0,351;0,968;0,594;0,994;0,658;0,576;0,741;0,916;0,334;0,145;0,434;0,990}
gen = 0023,avg = 0,692,best = 0,697,chrom = {0,351;0,968;0,594;0,994;0,658;0,576;0,741;0,916;0,334;0,145;0,434;0,990}
gen = 0024,avg = 0,694,best = 0,697,chrom = {0,351;0,968;0,594;0,994;0,658;0,576;0,741;0,916;0,334;0,145;0,434;0,990}
gen = 0025,avg = 0,696,best = 0,697,chrom = {0,351;0,968;0,594;0,994;0,658;0,576;0,741;0,916;0,334;0,145;0,434;0,990}
gen = 0026,avg = 0,697,best = 0,697,chrom = {0,351;0,968;0,594;0,994;0,658;0,576;0,741;0,916;0,334;0,145;0,434;0,990}
gen = 0027,avg = 0,697,best = 0,697,chrom = {0,351;0,968;0,594;0,994;0,658;0,576;0,741;0,916;0,334;0,145;0,434;0,990}
gen = 0028,avg = 0,697,best = 0,697,chrom = {0,351;0,968;0,594;0,994;0,658;0,576;0,741;0,916;0,334;0,145;0,434;0,990}
gen = 0029,avg = 0,697,best = 0,697,chrom = {0,351;0,968;0,594;0,994;0,658;0,576;0,741;0,916;0,334;0,145;0,434;0,990}
gen = 0030,avg = 0,697,best = 0,697,chrom = {0,351;0,968;0,594;0,994;0,658;0,576;0,741;0,916;0,334;0,145;0,434;0,990}
gen = 0031,avg = 0,697,best = 0,697,chrom = {0,351;0,968;0,594;0,994;0,658;0,576;0,741;0,916;0,334;0,145;0,434;0,990}
gen = 0032,avg = 0,697,best = 0,697,chrom = {0,351;0,968;0,594;0,994;0,658;0,576;0,741;0,916;0,334;0,145;0,434;0,990}
gen = 0033,avg = 0,697,best = 0,697,chrom = {0,351;0,968;0,594;0,994;0,658;0,576;0,741;0,916;0,334;0,145;0,434;0,990}
gen = 0034,avg = 0,697,best = 0,697,chrom = {0,351;0,968;0,594;0,994;0,658;0,576;0,741;0,916;0,334;0,145;0,434;0,990}
gen = 0035,avg = 0,697,best = 0,697,chrom = {0,351;0,968;0,594;0,994;0,658;0,576;0,741;0,916;0,334;0,145;0,434;0,990}
gen = 0036,avg = 0,699,best = 0,707,chrom = {0,351;0,968;0,594;0,994;0,616;0,576;0,741;0,916;0,334;0,145;0,434;0,990}
gen = 0037,avg = 0,699,best = 0,707,chrom = {0,351;0,968;0,594;0,994;0,616;0,576;0,741;0,916;0,334;0,145;0,434;0,990}
gen = 0038,avg = 0,700,best = 0,707,chrom = {0,351;0,968;0,594;0,994;0,616;0,576;0,741;0,916;0,334;0,145;0,434;0,990}
gen = 0039,avg = 0,701,best = 0,707,chrom = {0,351;0,968;0,594;0,994;0,616;0,576;0,741;0,916;0,334;0,145;0,434;0,990}
gen = 0040,avg = 0,701,best = 0,707,chrom = {0,351;0,968;0,594;0,994;0,616;0,576;0,741;0,916;0,334;0,145;0,434;0,990}
gen = 0041,avg = 0,702,best = 0,707,chrom = {0,351;0,968;0,594;0,994;0,616;0,576;0,741;0,916;0,334;0,145;0,434;0,990}
gen = 0042,avg = 0,702,best = 0,707,chrom = {0,351;0,968;0,594;0,994;0,616;0,576;0,741;0,916;0,334;0,145;0,434;0,990}
gen = 0043,avg = 0,703,best = 0,707,chrom = {0,351;0,968;0,594;0,994;0,616;0,576;0,741;0,916;0,334;0,145;0,434;0,990}
gen = 0044,avg = 0,704,best = 0,707,chrom = {0,351;0,968;0,594;0,994;0,616;0,576;0,741;0,916;0,334;0,145;0,434;0,990}
gen = 0045,avg = 0,704,best = 0,707,chrom = {0,351;0,968;0,594;0,994;0,616;0,576;0,741;0,916;0,334;0,145;0,434;0,990}
gen = 0046,avg = 0,705,best = 0,707,chrom = {0,351;0,968;0,594;0,994;0,616;0,576;0,741;0,916;0,334;0,145;0,434;0,990}
gen = 0047,avg = 0,706,best = 0,707,chrom = {0,351;0,968;0,594;0,994;0,616;0,576;0,741;0,916;0,334;0,145;0,434;0,990}
gen = 0048,avg = 0,706,best = 0,707,chrom = {0,351;0,968;0,594;0,994;0,616;0,576;0,741;0,916;0,334;0,145;0,434;0,990}
gen = 0049,avg = 0,707,best = 0,707,chrom = {0,351;0,968;0,594;0,994;0,616;0,576;0,741;0,916;0,334;0,145;0,434;0,990}
gen = 0050,avg = 0,707,best = 0,707,chrom = {0,351;0,968;0,594;0,994;0,616;0,576;0,741;0,916;0,334;0,145;0,434;0,990}
Execution Time = 0928,281ms;
