gen = -001,avg = 0,251,best = 0,251,chrom = {0,736;0,411;0,115;0,530;0,060;0,526;0,458;0,735;0,437;0,821;0,451;0,072}
gen = 0000,avg = 0,105,best = 0,356,chrom = {0,113;0,331;0,191;0,162;0,243;0,781;0,705;0,684;0,547;0,489;0,751;0,424}
gen = 0001,avg = 0,251,best = 0,356,chrom = {0,113;0,331;0,191;0,162;0,243;0,781;0,705;0,684;0,547;0,489;0,751;0,424}
gen = 0002,avg = 0,341,best = 0,476,chrom = {0,642;0,785;0,971;0,705;0,553;0,224;0,541;0,094;0,798;0,768;0,062;0,810}
gen = 0003,avg = 0,378,best = 0,476,chrom = {0,642;0,785;0,971;0,705;0,553;0,224;0,541;0,094;0,798;0,768;0,062;0,810}
gen = 0004,avg = 0,423,best = 0,516,chrom = {0,113;0,187;0,609;0,114;0,076;0,611;0,541;0,094;0,798;0,768;0,062;0,810}
gen = 0005,avg = 0,458,best = 0,520,chrom = {0,113;0,187;0,609;0,114;0,076;0,611;0,541;0,094;0,798;0,768;0,062;0,810}
gen = 0006,avg = 0,533,best = 0,638,chrom = {0,113;0,187;0,609;0,114;0,076;0,611;0,541;0,094;0,798;0,768;0,062;0,810}
gen = 0007,avg = 0,576,best = 0,650,chrom = {0,113;0,187;0,786;0,114;0,076;0,611;0,541;0,094;0,798;0,768;0,062;0,810}
gen = 0008,avg = 0,600,best = 0,684,chrom = {0,113;0,187;0,609;0,114;0,076;0,611;0,541;0,094;0,798;0,768;0,062;0,810}
gen = 0009,avg = 0,625,best = 0,684,chrom = {0,113;0,187;0,609;0,114;0,076;0,611;0,541;0,094;0,798;0,768;0,062;0,810}
gen = 0010,avg = 0,649,best = 0,691,chrom = {0,113;0,187;0,786;0,114;0,076;0,611;0,541;0,094;0,962;0,768;0,062;0,810}
gen = 0011,avg = 0,660,best = 0,691,chrom = {0,113;0,187;0,786;0,114;0,076;0,611;0,541;0,094;0,962;0,768;0,062;0,810}
gen = 0012,avg = 0,665,best = 0,691,chrom = {0,113;0,187;0,786;0,114;0,076;0,611;0,541;0,094;0,962;0,768;0,062;0,810}
gen = 0013,avg = 0,670,best = 0,691,chrom = {0,113;0,187;0,786;0,114;0,076;0,611;0,541;0,094;0,962;0,768;0,062;0,810}
gen = 0014,avg = 0,677,best = 0,695,chrom = {0,113;0,187;0,609;0,114;0,076;0,611;0,541;0,069;0,798;0,768;0,062;0,810}
gen = 0015,avg = 0,681,best = 0,695,chrom = {0,113;0,187;0,609;0,114;0,076;0,611;0,541;0,069;0,798;0,768;0,062;0,810}
gen = 0016,avg = 0,684,best = 0,695,chrom = {0,113;0,187;0,609;0,114;0,076;0,611;0,541;0,069;0,798;0,768;0,062;0,810}
gen = 0017,avg = 0,690,best = 0,695,chrom = {0,113;0,187;0,609;0,114;0,076;0,611;0,541;0,069;0,798;0,768;0,062;0,810}
gen = 0018,avg = 0,691,best = 0,695,chrom = {0,113;0,187;0,609;0,114;0,076;0,611;0,541;0,069;0,798;0,768;0,062;0,810}
gen = 0019,avg = 0,692,best = 0,695,chrom = {0,113;0,187;0,609;0,114;0,076;0,611;0,541;0,069;0,798;0,768;0,062;0,810}
gen = 0020,avg = 0,692,best = 0,695,chrom = {0,113;0,187;0,609;0,114;0,076;0,611;0,541;0,069;0,798;0,768;0,062;0,810}
gen = 0021,avg = 0,700,best = 0,742,chrom = {0,113;0,187;0,609;0,114;0,076;0,611;0,541;0,069;0,798;0,768;0,062;0,810}
gen = 0022,avg = 0,704,best = 0,742,chrom = {0,113;0,187;0,609;0,114;0,076;0,611;0,541;0,069;0,798;0,768;0,062;0,810}
gen = 0023,avg = 0,707,best = 0,742,chrom = {0,113;0,187;0,609;0,114;0,076;0,611;0,541;0,069;0,798;0,768;0,062;0,810}
gen = 0024,avg = 0,710,best = 0,742,chrom = {0,113;0,187;0,609;0,114;0,076;0,611;0,541;0,069;0,798;0,768;0,062;0,810}
gen = 0025,avg = 0,715,best = 0,742,chrom = {0,113;0,187;0,609;0,114;0,076;0,611;0,541;0,069;0,798;0,768;0,062;0,810}
gen = 0026,avg = 0,718,best = 0,742,chrom = {0,113;0,187;0,609;0,114;0,076;0,611;0,541;0,069;0,798;0,768;0,062;0,810}
gen = 0027,avg = 0,722,best = 0,742,chrom = {0,113;0,187;0,609;0,114;0,076;0,611;0,541;0,069;0,798;0,768;0,062;0,810}
gen = 0028,avg = 0,725,best = 0,742,chrom = {0,113;0,187;0,609;0,114;0,076;0,611;0,541;0,069;0,798;0,768;0,062;0,810}
gen = 0029,avg = 0,731,best = 0,742,chrom = {0,113;0,187;0,609;0,114;0,076;0,611;0,541;0,069;0,798;0,768;0,062;0,810}
gen = 0030,avg = 0,734,best = 0,742,chrom = {0,113;0,187;0,609;0,114;0,076;0,611;0,541;0,069;0,798;0,768;0,062;0,810}
gen = 0031,avg = 0,737,best = 0,742,chrom = {0,113;0,187;0,609;0,114;0,076;0,611;0,541;0,069;0,798;0,768;0,062;0,810}
gen = 0032,avg = 0,740,best = 0,742,chrom = {0,113;0,187;0,609;0,114;0,076;0,611;0,541;0,069;0,798;0,768;0,062;0,810}
gen = 0033,avg = 0,742,best = 0,742,chrom = {0,113;0,187;0,609;0,114;0,076;0,611;0,541;0,069;0,798;0,768;0,062;0,810}
gen = 0034,avg = 0,742,best = 0,742,chrom = {0,113;0,187;0,609;0,114;0,076;0,611;0,541;0,069;0,798;0,768;0,062;0,810}
gen = 0035,avg = 0,742,best = 0,742,chrom = {0,113;0,187;0,609;0,114;0,076;0,611;0,541;0,069;0,798;0,768;0,062;0,810}
gen = 0036,avg = 0,742,best = 0,742,chrom = {0,113;0,187;0,609;0,114;0,076;0,611;0,541;0,069;0,798;0,768;0,062;0,810}
gen = 0037,avg = 0,742,best = 0,742,chrom = {0,113;0,187;0,609;0,114;0,076;0,611;0,541;0,069;0,798;0,768;0,062;0,810}
gen = 0038,avg = 0,746,best = 0,770,chrom = {0,113;0,187;0,609;0,113;0,076;0,611;0,541;0,069;0,798;0,768;0,062;0,810}
gen = 0039,avg = 0,748,best = 0,770,chrom = {0,113;0,187;0,609;0,113;0,076;0,611;0,541;0,069;0,798;0,768;0,062;0,810}
gen = 0040,avg = 0,750,best = 0,770,chrom = {0,113;0,187;0,609;0,113;0,076;0,611;0,541;0,069;0,798;0,768;0,062;0,810}
gen = 0041,avg = 0,751,best = 0,770,chrom = {0,113;0,187;0,609;0,113;0,076;0,611;0,541;0,069;0,798;0,768;0,062;0,810}
gen = 0042,avg = 0,753,best = 0,770,chrom = {0,113;0,187;0,609;0,113;0,076;0,611;0,541;0,069;0,798;0,768;0,062;0,810}
gen = 0043,avg = 0,755,best = 0,770,chrom = {0,113;0,187;0,609;0,113;0,076;0,611;0,541;0,069;0,798;0,768;0,062;0,810}
gen = 0044,avg = 0,757,best = 0,770,chrom = {0,113;0,187;0,609;0,113;0,076;0,611;0,541;0,069;0,798;0,768;0,062;0,810}
gen = 0045,avg = 0,759,best = 0,770,chrom = {0,113;0,187;0,609;0,113;0,076;0,611;0,541;0,069;0,798;0,768;0,062;0,810}
gen = 0046,avg = 0,760,best = 0,770,chrom = {0,113;0,187;0,609;0,113;0,076;0,611;0,541;0,069;0,798;0,768;0,062;0,810}
gen = 0047,avg = 0,762,best = 0,770,chrom = {0,113;0,187;0,609;0,113;0,076;0,611;0,541;0,069;0,798;0,768;0,062;0,810}
gen = 0048,avg = 0,764,best = 0,770,chrom = {0,113;0,187;0,609;0,113;0,076;0,611;0,541;0,069;0,798;0,768;0,062;0,810}
gen = 0049,avg = 0,766,best = 0,770,chrom = {0,113;0,187;0,609;0,113;0,076;0,611;0,541;0,069;0,798;0,768;0,062;0,810}
gen = 0050,avg = 0,768,best = 0,770,chrom = {0,113;0,187;0,609;0,113;0,076;0,611;0,541;0,069;0,798;0,768;0,062;0,810}
Execution Time = 0855,112ms;
