gen = -001,avg = 0,016,best = 0,016,chrom = {0,843;0,745;0,818;0,236;0,429;0,170;0,502;0,917;0,370;0,779;0,049;0,877}
gen = 0000,avg = 0,081,best = 0,285,chrom = {0,739;0,178;0,785;0,236;0,161;0,999;0,232;0,895;0,571;0,994;0,869;0,338}
gen = 0001,avg = 0,198,best = 0,369,chrom = {0,665;0,513;0,938;0,017;0,446;0,050;0,272;0,856;0,988;0,424;0,013;0,316}
gen = 0002,avg = 0,323,best = 0,446,chrom = {0,294;0,825;0,938;0,017;0,446;0,050;0,272;0,856;0,988;0,424;0,013;0,316}
gen = 0003,avg = 0,380,best = 0,497,chrom = {0,423;0,582;0,771;0,017;0,446;0,050;0,272;0,856;0,988;0,424;0,013;0,316}
gen = 0004,avg = 0,462,best = 0,646,chrom = {0,423;0,582;0,771;0,017;0,446;0,050;0,272;0,856;0,988;0,424;0,013;0,175}
gen = 0005,avg = 0,512,best = 0,646,chrom = {0,423;0,582;0,771;0,017;0,446;0,050;0,272;0,856;0,988;0,424;0,013;0,175}
gen = 0006,avg = 0,581,best = 0,663,chrom = {0,294;0,825;0,938;0,017;0,446;0,050;0,272;0,856;0,387;0,424;0,013;0,316}
gen = 0007,avg = 0,601,best = 0,663,chrom = {0,294;0,825;0,938;0,017;0,446;0,050;0,272;0,856;0,387;0,424;0,013;0,316}
gen = 0008,avg = 0,616,best = 0,663,chrom = {0,294;0,825;0,938;0,017;0,446;0,050;0,272;0,856;0,387;0,424;0,013;0,316}
gen = 0009,avg = 0,638,best = 0,707,chrom = {0,439;0,582;0,771;0,017;0,490;0,050;0,272;0,856;0,988;0,424;0,013;0,316}
gen = 0010,avg = 0,654,best = 0,707,chrom = {0,439;0,582;0,771;0,017;0,490;0,050;0,272;0,856;0,988;0,424;0,013;0,316}
gen = 0011,avg = 0,666,best = 0,707,chrom = {0,439;0,582;0,771;0,017;0,490;0,050;0,272;0,856;0,988;0,424;0,013;0,316}
gen = 0012,avg = 0,672,best = 0,707,chrom = {0,439;0,582;0,771;0,017;0,490;0,050;0,272;0,856;0,988;0,424;0,013;0,316}
gen = 0013,avg = 0,676,best = 0,707,chrom = {0,439;0,582;0,771;0,017;0,490;0,050;0,272;0,856;0,988;0,424;0,013;0,316}
gen = 0014,avg = 0,680,best = 0,707,chrom = {0,439;0,582;0,771;0,017;0,490;0,050;0,272;0,856;0,988;0,424;0,013;0,316}
gen = 0015,avg = 0,687,best = 0,707,chrom = {0,439;0,582;0,771;0,017;0,490;0,050;0,272;0,856;0,988;0,424;0,013;0,316}
gen = 0016,avg = 0,697,best = 0,730,chrom = {0,294;0,825;0,938;0,348;0,446;0,050;0,272;0,856;0,387;0,424;0,013;0,961}
gen = 0017,avg = 0,703,best = 0,730,chrom = {0,294;0,825;0,938;0,348;0,446;0,050;0,272;0,856;0,387;0,424;0,013;0,961}
gen = 0018,avg = 0,709,best = 0,730,chrom = {0,294;0,825;0,938;0,348;0,446;0,050;0,272;0,856;0,387;0,424;0,013;0,961}
gen = 0019,avg = 0,721,best = 0,754,chrom = {0,294;0,904;0,938;0,348;0,446;0,050;0,272;0,856;0,387;0,424;0,013;0,961}
gen = 0020,avg = 0,725,best = 0,754,chrom = {0,294;0,904;0,938;0,348;0,446;0,050;0,272;0,856;0,387;0,424;0,013;0,961}
gen = 0021,avg = 0,729,best = 0,754,chrom = {0,294;0,904;0,938;0,348;0,446;0,050;0,272;0,856;0,387;0,424;0,013;0,961}
gen = 0022,avg = 0,735,best = 0,754,chrom = {0,294;0,904;0,938;0,348;0,446;0,050;0,272;0,856;0,387;0,424;0,013;0,961}
gen = 0023,avg = 0,739,best = 0,754,chrom = {0,294;0,904;0,938;0,348;0,446;0,050;0,272;0,856;0,387;0,424;0,013;0,961}
gen = 0024,avg = 0,742,best = 0,754,chrom = {0,294;0,904;0,938;0,348;0,446;0,050;0,272;0,856;0,387;0,424;0,013;0,961}
gen = 0025,avg = 0,744,best = 0,754,chrom = {0,294;0,904;0,938;0,348;0,446;0,050;0,272;0,856;0,387;0,424;0,013;0,961}
gen = 0026,avg = 0,746,best = 0,754,chrom = {0,294;0,904;0,938;0,348;0,446;0,050;0,272;0,856;0,387;0,424;0,013;0,961}
gen = 0027,avg = 0,750,best = 0,760,chrom = {0,294;0,904;0,938;0,348;0,446;0,050;0,272;0,856;0,387;0,424;0,013;0,961}
gen = 0028,avg = 0,753,best = 0,760,chrom = {0,294;0,904;0,938;0,348;0,446;0,050;0,272;0,856;0,387;0,424;0,013;0,961}
gen = 0029,avg = 0,755,best = 0,760,chrom = {0,294;0,904;0,938;0,348;0,446;0,050;0,272;0,856;0,387;0,424;0,013;0,961}
gen = 0030,avg = 0,756,best = 0,760,chrom = {0,294;0,904;0,938;0,348;0,446;0,050;0,272;0,856;0,387;0,424;0,013;0,961}
gen = 0031,avg = 0,757,best = 0,760,chrom = {0,294;0,904;0,938;0,348;0,446;0,050;0,272;0,856;0,387;0,424;0,013;0,961}
gen = 0032,avg = 0,757,best = 0,760,chrom = {0,294;0,904;0,938;0,348;0,446;0,050;0,272;0,856;0,387;0,424;0,013;0,961}
gen = 0033,avg = 0,757,best = 0,760,chrom = {0,294;0,904;0,938;0,348;0,446;0,050;0,272;0,856;0,387;0,424;0,013;0,961}
gen = 0034,avg = 0,758,best = 0,760,chrom = {0,294;0,904;0,938;0,348;0,446;0,050;0,272;0,856;0,387;0,424;0,013;0,961}
gen = 0035,avg = 0,759,best = 0,765,chrom = {0,294;0,904;0,938;0,348;0,446;0,050;0,272;0,856;0,387;0,424;0,013;0,961}
gen = 0036,avg = 0,760,best = 0,765,chrom = {0,294;0,904;0,938;0,348;0,446;0,050;0,272;0,856;0,387;0,424;0,013;0,961}
gen = 0037,avg = 0,761,best = 0,765,chrom = {0,294;0,904;0,938;0,348;0,446;0,050;0,272;0,856;0,387;0,424;0,013;0,961}
gen = 0038,avg = 0,762,best = 0,765,chrom = {0,294;0,904;0,938;0,348;0,446;0,050;0,272;0,856;0,387;0,424;0,013;0,961}
gen = 0039,avg = 0,762,best = 0,765,chrom = {0,294;0,904;0,938;0,348;0,446;0,050;0,272;0,856;0,387;0,424;0,013;0,961}
gen = 0040,avg = 0,763,best = 0,765,chrom = {0,294;0,904;0,938;0,348;0,446;0,050;0,272;0,856;0,387;0,424;0,013;0,961}
gen = 0041,avg = 0,763,best = 0,765,chrom = {0,294;0,904;0,938;0,348;0,446;0,050;0,272;0,856;0,387;0,424;0,013;0,961}
gen = 0042,avg = 0,763,best = 0,765,chrom = {0,294;0,904;0,938;0,348;0,446;0,050;0,272;0,856;0,387;0,424;0,013;0,961}
gen = 0043,avg = 0,764,best = 0,765,chrom = {0,294;0,904;0,938;0,348;0,446;0,050;0,272;0,856;0,387;0,424;0,013;0,961}
gen = 0044,avg = 0,764,best = 0,765,chrom = {0,294;0,904;0,938;0,348;0,446;0,050;0,272;0,856;0,387;0,424;0,013;0,961}
gen = 0045,avg = 0,764,best = 0,765,chrom = {0,294;0,904;0,938;0,348;0,446;0,050;0,272;0,856;0,387;0,424;0,013;0,961}
gen = 0046,avg = 0,765,best = 0,765,chrom = {0,294;0,904;0,938;0,348;0,446;0,050;0,272;0,856;0,387;0,424;0,013;0,961}
gen = 0047,avg = 0,765,best = 0,765,chrom = {0,294;0,904;0,938;0,348;0,446;0,050;0,272;0,856;0,387;0,424;0,013;0,961}
gen = 0048,avg = 0,765,best = 0,765,chrom = {0,294;0,904;0,938;0,348;0,446;0,050;0,272;0,856;0,387;0,424;0,013;0,961}
gen = 0049,avg = 0,765,best = 0,765,chrom = {0,294;0,904;0,938;0,348;0,446;0,050;0,272;0,856;0,387;0,424;0,013;0,961}
gen = 0050,avg = 0,765,best = 0,765,chrom = {0,294;0,904;0,938;0,348;0,446;0,050;0,272;0,856;0,387;0,424;0,013;0,961}
Execution Time = 0686,210ms;
