gen = -001,avg = 0,237,best = 0,237,chrom = {0,422;0,228;0,402;0,112;0,649;0,600;0,315;0,302;0,680;0,759;0,831;0,912}
gen = 0000,avg = 0,165,best = 0,632,chrom = {0,130;0,194;0,245;0,625;0,610;0,187;0,567;0,283;0,612;0,472;0,260;0,958}
gen = 0001,avg = 0,346,best = 0,632,chrom = {0,130;0,194;0,245;0,625;0,610;0,187;0,567;0,283;0,612;0,472;0,260;0,958}
gen = 0002,avg = 0,466,best = 0,632,chrom = {0,130;0,194;0,245;0,625;0,610;0,187;0,567;0,283;0,612;0,472;0,260;0,958}
gen = 0003,avg = 0,543,best = 0,632,chrom = {0,130;0,194;0,245;0,625;0,610;0,187;0,567;0,283;0,612;0,472;0,260;0,958}
gen = 0004,avg = 0,560,best = 0,632,chrom = {0,130;0,194;0,245;0,625;0,610;0,187;0,567;0,283;0,612;0,472;0,260;0,958}
gen = 0005,avg = 0,585,best = 0,643,chrom = {0,130;0,194;0,245;0,625;0,610;0,187;0,505;0,283;0,612;0,472;0,260;0,958}
gen = 0006,avg = 0,614,best = 0,649,chrom = {0,130;0,194;0,245;0,132;0,610;0,187;0,567;0,283;0,147;0,472;0,260;0,958}
gen = 0007,avg = 0,628,best = 0,649,chrom = {0,130;0,194;0,245;0,132;0,610;0,187;0,567;0,283;0,147;0,472;0,260;0,958}
gen = 0008,avg = 0,644,best = 0,684,chrom = {0,301;0,194;0,245;0,132;0,610;0,187;0,927;0,283;0,147;0,472;0,260;0,958}
gen = 0009,avg = 0,650,best = 0,684,chrom = {0,301;0,194;0,245;0,132;0,610;0,187;0,927;0,283;0,147;0,472;0,260;0,958}
gen = 0010,avg = 0,653,best = 0,684,chrom = {0,301;0,194;0,245;0,132;0,610;0,187;0,927;0,283;0,147;0,472;0,260;0,958}
gen = 0011,avg = 0,665,best = 0,720,chrom = {0,301;0,194;0,245;0,625;0,610;0,187;0,505;0,283;0,612;0,582;0,036;0,958}
gen = 0012,avg = 0,673,best = 0,720,chrom = {0,301;0,194;0,245;0,625;0,610;0,187;0,505;0,283;0,612;0,582;0,036;0,958}
gen = 0013,avg = 0,681,best = 0,720,chrom = {0,301;0,194;0,245;0,625;0,610;0,187;0,505;0,283;0,612;0,582;0,036;0,958}
gen = 0014,avg = 0,690,best = 0,720,chrom = {0,301;0,194;0,245;0,625;0,610;0,187;0,505;0,283;0,612;0,582;0,036;0,958}
gen = 0015,avg = 0,696,best = 0,720,chrom = {0,301;0,194;0,245;0,625;0,610;0,187;0,505;0,283;0,612;0,582;0,036;0,958}
gen = 0016,avg = 0,702,best = 0,720,chrom = {0,301;0,194;0,245;0,625;0,610;0,187;0,505;0,283;0,612;0,582;0,036;0,958}
gen = 0017,avg = 0,704,best = 0,720,chrom = {0,301;0,194;0,245;0,625;0,610;0,187;0,505;0,283;0,612;0,582;0,036;0,958}
gen = 0018,avg = 0,707,best = 0,720,chrom = {0,301;0,194;0,245;0,625;0,610;0,187;0,505;0,283;0,612;0,582;0,036;0,958}
gen = 0019,avg = 0,709,best = 0,720,chrom = {0,301;0,194;0,245;0,625;0,610;0,187;0,505;0,283;0,612;0,582;0,036;0,958}
gen = 0020,avg = 0,713,best = 0,720,chrom = {0,301;0,194;0,245;0,625;0,610;0,187;0,505;0,283;0,612;0,582;0,036;0,958}
gen = 0021,avg = 0,716,best = 0,720,chrom = {0,301;0,194;0,245;0,625;0,610;0,187;0,505;0,283;0,612;0,582;0,036;0,958}
gen = 0022,avg = 0,718,best = 0,720,chrom = {0,301;0,194;0,245;0,625;0,610;0,187;0,505;0,283;0,612;0,582;0,036;0,958}
gen = 0023,avg = 0,719,best = 0,720,chrom = {0,301;0,194;0,245;0,625;0,610;0,187;0,505;0,283;0,612;0,582;0,036;0,958}
gen = 0024,avg = 0,720,best = 0,720,chrom = {0,301;0,194;0,245;0,625;0,610;0,187;0,505;0,283;0,612;0,582;0,036;0,958}
gen = 0025,avg = 0,720,best = 0,720,chrom = {0,301;0,194;0,245;0,625;0,610;0,187;0,505;0,283;0,612;0,582;0,036;0,958}
gen = 0026,avg = 0,720,best = 0,720,chrom = {0,301;0,194;0,245;0,625;0,610;0,187;0,505;0,283;0,612;0,582;0,036;0,958}
gen = 0027,avg = 0,720,best = 0,720,chrom = {0,301;0,194;0,245;0,625;0,610;0,187;0,505;0,283;0,612;0,582;0,036;0,958}
gen = 0028,avg = 0,720,best = 0,720,chrom = {0,301;0,194;0,245;0,625;0,610;0,187;0,505;0,283;0,612;0,582;0,036;0,958}
gen = 0029,avg = 0,720,best = 0,720,chrom = {0,301;0,194;0,245;0,625;0,610;0,187;0,505;0,283;0,612;0,582;0,036;0,958}
gen = 0030,avg = 0,720,best = 0,720,chrom = {0,301;0,194;0,245;0,625;0,610;0,187;0,505;0,283;0,612;0,582;0,036;0,958}
gen = 0031,avg = 0,720,best = 0,720,chrom = {0,301;0,194;0,245;0,625;0,610;0,187;0,505;0,283;0,612;0,582;0,036;0,958}
gen = 0032,avg = 0,720,best = 0,720,chrom = {0,301;0,194;0,245;0,625;0,610;0,187;0,505;0,283;0,612;0,582;0,036;0,958}
gen = 0033,avg = 0,720,best = 0,720,chrom = {0,301;0,194;0,245;0,625;0,610;0,187;0,505;0,283;0,612;0,582;0,036;0,958}
gen = 0034,avg = 0,720,best = 0,720,chrom = {0,301;0,194;0,245;0,625;0,610;0,187;0,505;0,283;0,612;0,582;0,036;0,958}
gen = 0035,avg = 0,720,best = 0,720,chrom = {0,301;0,194;0,245;0,625;0,610;0,187;0,505;0,283;0,612;0,582;0,036;0,958}
gen = 0036,avg = 0,720,best = 0,720,chrom = {0,301;0,194;0,245;0,625;0,610;0,187;0,505;0,283;0,612;0,582;0,036;0,958}
gen = 0037,avg = 0,720,best = 0,720,chrom = {0,301;0,194;0,245;0,625;0,610;0,187;0,505;0,283;0,612;0,582;0,036;0,958}
gen = 0038,avg = 0,720,best = 0,720,chrom = {0,301;0,194;0,245;0,625;0,610;0,187;0,505;0,283;0,612;0,582;0,036;0,958}
gen = 0039,avg = 0,720,best = 0,720,chrom = {0,301;0,194;0,245;0,625;0,610;0,187;0,505;0,283;0,612;0,582;0,036;0,958}
gen = 0040,avg = 0,720,best = 0,720,chrom = {0,301;0,194;0,245;0,625;0,610;0,187;0,505;0,283;0,612;0,582;0,036;0,958}
gen = 0041,avg = 0,720,best = 0,720,chrom = {0,301;0,194;0,245;0,625;0,610;0,187;0,505;0,283;0,612;0,582;0,036;0,958}
gen = 0042,avg = 0,722,best = 0,732,chrom = {0,301;0,194;0,245;0,625;0,610;0,187;0,505;0,283;0,422;0,582;0,036;0,958}
gen = 0043,avg = 0,722,best = 0,732,chrom = {0,301;0,194;0,245;0,625;0,610;0,187;0,505;0,283;0,422;0,582;0,036;0,958}
gen = 0044,avg = 0,723,best = 0,732,chrom = {0,301;0,194;0,245;0,625;0,610;0,187;0,505;0,283;0,422;0,582;0,036;0,958}
gen = 0045,avg = 0,724,best = 0,732,chrom = {0,301;0,194;0,245;0,625;0,610;0,187;0,505;0,283;0,422;0,582;0,036;0,958}
gen = 0046,avg = 0,725,best = 0,732,chrom = {0,301;0,194;0,245;0,625;0,610;0,187;0,505;0,283;0,422;0,582;0,036;0,958}
gen = 0047,avg = 0,726,best = 0,732,chrom = {0,301;0,194;0,245;0,625;0,610;0,187;0,505;0,283;0,422;0,582;0,036;0,958}
gen = 0048,avg = 0,726,best = 0,732,chrom = {0,301;0,194;0,245;0,625;0,610;0,187;0,505;0,283;0,422;0,582;0,036;0,958}
gen = 0049,avg = 0,727,best = 0,732,chrom = {0,301;0,194;0,245;0,625;0,610;0,187;0,505;0,283;0,422;0,582;0,036;0,958}
gen = 0050,avg = 0,728,best = 0,732,chrom = {0,301;0,194;0,245;0,625;0,610;0,187;0,505;0,283;0,422;0,582;0,036;0,958}
Execution Time = 0732,293ms;
