gen = -001,avg = 0,354,best = 0,354,chrom = {0,171;0,676;0,693;0,663;0,703;0,002;0,322;0,039;0,160;0,559;0,001;0,800}
gen = 0000,avg = 0,170,best = 0,626,chrom = {0,585;0,971;0,929;0,611;0,068;0,626;0,789;0,106;0,119;0,102;0,690;0,892}
gen = 0001,avg = 0,336,best = 0,626,chrom = {0,585;0,971;0,929;0,611;0,068;0,626;0,789;0,106;0,119;0,102;0,690;0,892}
gen = 0002,avg = 0,445,best = 0,646,chrom = {0,674;0,604;0,247;0,875;0,390;0,407;0,647;0,754;0,540;0,873;0,001;0,800}
gen = 0003,avg = 0,544,best = 0,689,chrom = {0,674;0,886;0,247;0,875;0,390;0,407;0,647;0,754;0,540;0,873;0,001;0,800}
gen = 0004,avg = 0,637,best = 0,695,chrom = {0,585;0,971;0,929;0,611;0,068;0,626;0,207;0,469;0,119;0,102;0,690;0,892}
gen = 0005,avg = 0,652,best = 0,695,chrom = {0,585;0,971;0,929;0,611;0,068;0,626;0,207;0,469;0,119;0,102;0,690;0,892}
gen = 0006,avg = 0,658,best = 0,695,chrom = {0,585;0,971;0,929;0,611;0,068;0,626;0,207;0,469;0,119;0,102;0,690;0,892}
gen = 0007,avg = 0,676,best = 0,720,chrom = {0,585;0,328;0,929;0,475;0,068;0,626;0,207;0,469;0,119;0,102;0,690;0,946}
gen = 0008,avg = 0,687,best = 0,720,chrom = {0,585;0,328;0,929;0,475;0,068;0,626;0,207;0,469;0,119;0,102;0,690;0,946}
gen = 0009,avg = 0,697,best = 0,720,chrom = {0,585;0,328;0,929;0,475;0,068;0,626;0,207;0,469;0,119;0,102;0,690;0,946}
gen = 0010,avg = 0,711,best = 0,745,chrom = {0,585;0,328;0,929;0,475;0,068;0,626;0,207;0,469;0,119;0,102;0,690;0,946}
gen = 0011,avg = 0,717,best = 0,745,chrom = {0,585;0,328;0,929;0,475;0,068;0,626;0,207;0,469;0,119;0,102;0,690;0,946}
gen = 0012,avg = 0,727,best = 0,746,chrom = {0,291;0,328;0,929;0,102;0,068;0,626;0,207;0,469;0,119;0,102;0,690;0,946}
gen = 0013,avg = 0,730,best = 0,746,chrom = {0,291;0,328;0,929;0,102;0,068;0,626;0,207;0,469;0,119;0,102;0,690;0,946}
gen = 0014,avg = 0,738,best = 0,746,chrom = {0,291;0,328;0,929;0,102;0,068;0,626;0,207;0,469;0,119;0,102;0,690;0,946}
gen = 0015,avg = 0,744,best = 0,752,chrom = {0,291;0,328;0,929;0,475;0,068;0,626;0,207;0,469;0,119;0,102;0,690;0,946}
gen = 0016,avg = 0,747,best = 0,754,chrom = {0,585;0,328;0,929;0,475;0,068;0,626;0,207;0,469;0,119;0,102;0,690;0,946}
gen = 0017,avg = 0,750,best = 0,765,chrom = {0,585;0,328;0,929;0,475;0,068;0,626;0,207;0,469;0,119;0,102;0,690;0,946}
gen = 0018,avg = 0,751,best = 0,765,chrom = {0,585;0,328;0,929;0,475;0,068;0,626;0,207;0,469;0,119;0,102;0,690;0,946}
gen = 0019,avg = 0,763,best = 0,830,chrom = {0,163;0,328;0,929;0,186;0,068;0,626;0,207;0,469;0,119;0,102;0,690;0,946}
gen = 0020,avg = 0,769,best = 0,830,chrom = {0,163;0,328;0,929;0,186;0,068;0,626;0,207;0,469;0,119;0,102;0,690;0,946}
gen = 0021,avg = 0,774,best = 0,830,chrom = {0,163;0,328;0,929;0,186;0,068;0,626;0,207;0,469;0,119;0,102;0,690;0,946}
gen = 0022,avg = 0,780,best = 0,830,chrom = {0,163;0,328;0,929;0,186;0,068;0,626;0,207;0,469;0,119;0,102;0,690;0,946}
gen = 0023,avg = 0,789,best = 0,830,chrom = {0,163;0,328;0,929;0,186;0,068;0,626;0,207;0,469;0,119;0,102;0,690;0,946}
gen = 0024,avg = 0,795,best = 0,830,chrom = {0,163;0,328;0,929;0,186;0,068;0,626;0,207;0,469;0,119;0,102;0,690;0,946}
gen = 0025,avg = 0,801,best = 0,830,chrom = {0,163;0,328;0,929;0,186;0,068;0,626;0,207;0,469;0,119;0,102;0,690;0,946}
gen = 0026,avg = 0,807,best = 0,830,chrom = {0,163;0,328;0,929;0,186;0,068;0,626;0,207;0,469;0,119;0,102;0,690;0,946}
gen = 0027,avg = 0,811,best = 0,830,chrom = {0,163;0,328;0,929;0,186;0,068;0,626;0,207;0,469;0,119;0,102;0,690;0,946}
gen = 0028,avg = 0,815,best = 0,830,chrom = {0,163;0,328;0,929;0,186;0,068;0,626;0,207;0,469;0,119;0,102;0,690;0,946}
gen = 0029,avg = 0,820,best = 0,830,chrom = {0,163;0,328;0,929;0,186;0,068;0,626;0,207;0,469;0,119;0,102;0,690;0,946}
gen = 0030,avg = 0,823,best = 0,830,chrom = {0,163;0,328;0,929;0,186;0,068;0,626;0,207;0,469;0,119;0,102;0,690;0,946}
gen = 0031,avg = 0,827,best = 0,830,chrom = {0,163;0,328;0,929;0,186;0,068;0,626;0,207;0,469;0,119;0,102;0,690;0,946}
gen = 0032,avg = 0,830,best = 0,830,chrom = {0,163;0,328;0,929;0,186;0,068;0,626;0,207;0,469;0,119;0,102;0,690;0,946}
gen = 0033,avg = 0,830,best = 0,830,chrom = {0,163;0,328;0,929;0,186;0,068;0,626;0,207;0,469;0,119;0,102;0,690;0,946}
gen = 0034,avg = 0,830,best = 0,830,chrom = {0,163;0,328;0,929;0,186;0,068;0,626;0,207;0,469;0,119;0,102;0,690;0,946}
gen = 0035,avg = 0,830,best = 0,830,chrom = {0,163;0,328;0,929;0,186;0,068;0,626;0,207;0,469;0,119;0,102;0,690;0,946}
gen = 0036,avg = 0,834,best = 0,858,chrom = {0,394;0,328;0,929;0,186;0,068;0,626;0,207;0,469;0,119;0,102;0,690;0,946}
gen = 0037,avg = 0,835,best = 0,858,chrom = {0,394;0,328;0,929;0,186;0,068;0,626;0,207;0,469;0,119;0,102;0,690;0,946}
gen = 0038,avg = 0,837,best = 0,858,chrom = {0,394;0,328;0,929;0,186;0,068;0,626;0,207;0,469;0,119;0,102;0,690;0,946}
gen = 0039,avg = 0,839,best = 0,858,chrom = {0,394;0,328;0,929;0,186;0,068;0,626;0,207;0,469;0,119;0,102;0,690;0,946}
gen = 0040,avg = 0,841,best = 0,858,chrom = {0,394;0,328;0,929;0,186;0,068;0,626;0,207;0,469;0,119;0,102;0,690;0,946}
gen = 0041,avg = 0,843,best = 0,858,chrom = {0,394;0,328;0,929;0,186;0,068;0,626;0,207;0,469;0,119;0,102;0,690;0,946}
gen = 0042,avg = 0,845,best = 0,858,chrom = {0,394;0,328;0,929;0,186;0,068;0,626;0,207;0,469;0,119;0,102;0,690;0,946}
gen = 0043,avg = 0,847,best = 0,858,chrom = {0,394;0,328;0,929;0,186;0,068;0,626;0,207;0,469;0,119;0,102;0,690;0,946}
gen = 0044,avg = 0,849,best = 0,858,chrom = {0,394;0,328;0,929;0,186;0,068;0,626;0,207;0,469;0,119;0,102;0,690;0,946}
gen = 0045,avg = 0,851,best = 0,858,chrom = {0,394;0,328;0,929;0,186;0,068;0,626;0,207;0,469;0,119;0,102;0,690;0,946}
gen = 0046,avg = 0,853,best = 0,858,chrom = {0,394;0,328;0,929;0,186;0,068;0,626;0,207;0,469;0,119;0,102;0,690;0,946}
gen = 0047,avg = 0,854,best = 0,858,chrom = {0,394;0,328;0,929;0,186;0,068;0,626;0,207;0,469;0,119;0,102;0,690;0,946}
gen = 0048,avg = 0,856,best = 0,858,chrom = {0,394;0,328;0,929;0,186;0,068;0,626;0,207;0,469;0,119;0,102;0,690;0,946}
gen = 0049,avg = 0,858,best = 0,858,chrom = {0,394;0,328;0,929;0,186;0,068;0,626;0,207;0,469;0,119;0,102;0,690;0,946}
gen = 0050,avg = 0,858,best = 0,858,chrom = {0,394;0,328;0,929;0,186;0,068;0,626;0,207;0,469;0,119;0,102;0,690;0,946}
Execution Time = 0845,872ms;
