gen = -001,avg = 0,009,best = 0,009,chrom = {0,239;0,030;0,187;0,493;0,592;0,429;0,004;0,488;0,977;0,235;0,821;0,942}
gen = 0000,avg = 0,141,best = 0,422,chrom = {0,748;0,517;0,045;0,065;0,355;0,134;0,637;0,256;0,247;0,035;0,311;0,950}
gen = 0001,avg = 0,301,best = 0,439,chrom = {0,199;0,809;0,081;0,507;0,204;0,079;0,481;0,880;0,927;0,265;0,515;0,395}
gen = 0002,avg = 0,386,best = 0,443,chrom = {0,748;0,517;0,045;0,065;0,355;0,134;0,637;0,256;0,247;0,035;0,311;0,950}
gen = 0003,avg = 0,451,best = 0,585,chrom = {0,419;0,517;0,045;0,065;0,355;0,134;0,637;0,141;0,247;0,035;0,311;0,950}
gen = 0004,avg = 0,526,best = 0,654,chrom = {0,199;0,809;0,081;0,507;0,204;0,079;0,481;0,880;0,927;0,265;0,515;0,395}
gen = 0005,avg = 0,567,best = 0,654,chrom = {0,199;0,809;0,081;0,507;0,204;0,079;0,481;0,880;0,927;0,265;0,515;0,395}
gen = 0006,avg = 0,593,best = 0,654,chrom = {0,199;0,809;0,081;0,507;0,204;0,079;0,481;0,880;0,927;0,265;0,515;0,395}
gen = 0007,avg = 0,653,best = 0,737,chrom = {0,110;0,869;0,081;0,507;0,204;0,079;0,481;0,880;0,247;0,035;0,311;0,950}
gen = 0008,avg = 0,679,best = 0,737,chrom = {0,110;0,869;0,081;0,507;0,204;0,079;0,481;0,880;0,247;0,035;0,311;0,950}
gen = 0009,avg = 0,707,best = 0,745,chrom = {0,199;0,809;0,081;0,507;0,204;0,079;0,481;0,880;0,927;0,035;0,311;0,950}
gen = 0010,avg = 0,721,best = 0,745,chrom = {0,199;0,809;0,081;0,507;0,204;0,079;0,481;0,880;0,927;0,035;0,311;0,950}
gen = 0011,avg = 0,732,best = 0,764,chrom = {0,110;0,842;0,081;0,507;0,204;0,079;0,481;0,880;0,247;0,035;0,311;0,950}
gen = 0012,avg = 0,737,best = 0,764,chrom = {0,110;0,842;0,081;0,507;0,204;0,079;0,481;0,880;0,247;0,035;0,311;0,950}
gen = 0013,avg = 0,741,best = 0,764,chrom = {0,110;0,842;0,081;0,507;0,204;0,079;0,481;0,880;0,247;0,035;0,311;0,950}
gen = 0014,avg = 0,747,best = 0,764,chrom = {0,110;0,842;0,081;0,507;0,204;0,079;0,481;0,880;0,247;0,035;0,311;0,950}
gen = 0015,avg = 0,750,best = 0,764,chrom = {0,110;0,842;0,081;0,507;0,204;0,079;0,481;0,880;0,247;0,035;0,311;0,950}
gen = 0016,avg = 0,753,best = 0,764,chrom = {0,110;0,842;0,081;0,507;0,204;0,079;0,481;0,880;0,247;0,035;0,311;0,950}
gen = 0017,avg = 0,756,best = 0,764,chrom = {0,110;0,842;0,081;0,507;0,204;0,079;0,481;0,880;0,247;0,035;0,311;0,950}
gen = 0018,avg = 0,758,best = 0,764,chrom = {0,110;0,842;0,081;0,507;0,204;0,079;0,481;0,880;0,247;0,035;0,311;0,950}
gen = 0019,avg = 0,760,best = 0,764,chrom = {0,110;0,842;0,081;0,507;0,204;0,079;0,481;0,880;0,247;0,035;0,311;0,950}
gen = 0020,avg = 0,761,best = 0,764,chrom = {0,110;0,842;0,081;0,507;0,204;0,079;0,481;0,880;0,247;0,035;0,311;0,950}
gen = 0021,avg = 0,762,best = 0,764,chrom = {0,110;0,842;0,081;0,507;0,204;0,079;0,481;0,880;0,247;0,035;0,311;0,950}
gen = 0022,avg = 0,763,best = 0,764,chrom = {0,110;0,842;0,081;0,507;0,204;0,079;0,481;0,880;0,247;0,035;0,311;0,950}
gen = 0023,avg = 0,764,best = 0,764,chrom = {0,110;0,842;0,081;0,507;0,204;0,079;0,481;0,880;0,247;0,035;0,311;0,950}
gen = 0024,avg = 0,764,best = 0,764,chrom = {0,110;0,842;0,081;0,507;0,204;0,079;0,481;0,880;0,247;0,035;0,311;0,950}
gen = 0025,avg = 0,764,best = 0,764,chrom = {0,110;0,842;0,081;0,507;0,204;0,079;0,481;0,880;0,247;0,035;0,311;0,950}
gen = 0026,avg = 0,764,best = 0,764,chrom = {0,110;0,842;0,081;0,507;0,204;0,079;0,481;0,880;0,247;0,035;0,311;0,950}
gen = 0027,avg = 0,764,best = 0,764,chrom = {0,110;0,842;0,081;0,507;0,204;0,079;0,481;0,880;0,247;0,035;0,311;0,950}
gen = 0028,avg = 0,764,best = 0,764,chrom = {0,110;0,842;0,081;0,507;0,204;0,079;0,481;0,880;0,247;0,035;0,311;0,950}
gen = 0029,avg = 0,764,best = 0,764,chrom = {0,110;0,842;0,081;0,507;0,204;0,079;0,481;0,880;0,247;0,035;0,311;0,950}
gen = 0030,avg = 0,764,best = 0,764,chrom = {0,110;0,842;0,081;0,507;0,204;0,079;0,481;0,880;0,247;0,035;0,311;0,950}
gen = 0031,avg = 0,764,best = 0,764,chrom = {0,110;0,842;0,081;0,507;0,204;0,079;0,481;0,880;0,247;0,035;0,311;0,950}
gen = 0032,avg = 0,764,best = 0,764,chrom = {0,110;0,842;0,081;0,507;0,204;0,079;0,481;0,880;0,247;0,035;0,311;0,950}
gen = 0033,avg = 0,764,best = 0,764,chrom = {0,110;0,842;0,081;0,507;0,204;0,079;0,481;0,880;0,247;0,035;0,311;0,950}
gen = 0034,avg = 0,764,best = 0,764,chrom = {0,110;0,842;0,081;0,507;0,204;0,079;0,481;0,880;0,247;0,035;0,311;0,950}
gen = 0035,avg = 0,764,best = 0,764,chrom = {0,110;0,842;0,081;0,507;0,204;0,079;0,481;0,880;0,247;0,035;0,311;0,950}
gen = 0036,avg = 0,764,best = 0,764,chrom = {0,110;0,842;0,081;0,507;0,204;0,079;0,481;0,880;0,247;0,035;0,311;0,950}
gen = 0037,avg = 0,764,best = 0,764,chrom = {0,110;0,842;0,081;0,507;0,204;0,079;0,481;0,880;0,247;0,035;0,311;0,950}
gen = 0038,avg = 0,764,best = 0,764,chrom = {0,110;0,842;0,081;0,507;0,204;0,079;0,481;0,880;0,247;0,035;0,311;0,950}
gen = 0039,avg = 0,764,best = 0,764,chrom = {0,110;0,842;0,081;0,507;0,204;0,079;0,481;0,880;0,247;0,035;0,311;0,950}
gen = 0040,avg = 0,764,best = 0,764,chrom = {0,110;0,842;0,081;0,507;0,204;0,079;0,481;0,880;0,247;0,035;0,311;0,950}
gen = 0041,avg = 0,764,best = 0,764,chrom = {0,110;0,842;0,081;0,507;0,204;0,079;0,481;0,880;0,247;0,035;0,311;0,950}
gen = 0042,avg = 0,766,best = 0,778,chrom = {0,110;0,842;0,081;0,507;0,204;0,079;0,481;0,880;0,097;0,035;0,311;0,950}
gen = 0043,avg = 0,767,best = 0,778,chrom = {0,110;0,842;0,081;0,507;0,204;0,079;0,481;0,880;0,097;0,035;0,311;0,950}
gen = 0044,avg = 0,768,best = 0,778,chrom = {0,110;0,842;0,081;0,507;0,204;0,079;0,481;0,880;0,097;0,035;0,311;0,950}
gen = 0045,avg = 0,769,best = 0,778,chrom = {0,110;0,842;0,081;0,507;0,204;0,079;0,481;0,880;0,097;0,035;0,311;0,950}
gen = 0046,avg = 0,770,best = 0,778,chrom = {0,110;0,842;0,081;0,507;0,204;0,079;0,481;0,880;0,097;0,035;0,311;0,950}
gen = 0047,avg = 0,771,best = 0,778,chrom = {0,110;0,842;0,081;0,507;0,204;0,079;0,481;0,880;0,097;0,035;0,311;0,950}
gen = 0048,avg = 0,772,best = 0,778,chrom = {0,110;0,842;0,081;0,507;0,204;0,079;0,481;0,880;0,097;0,035;0,311;0,950}
gen = 0049,avg = 0,772,best = 0,778,chrom = {0,110;0,842;0,081;0,507;0,204;0,079;0,481;0,880;0,097;0,035;0,311;0,950}
gen = 0050,avg = 0,773,best = 0,778,chrom = {0,110;0,842;0,081;0,507;0,204;0,079;0,481;0,880;0,097;0,035;0,311;0,950}
Execution Time = 0587,436ms;
