gen = -001,avg = 0,136,best = 0,136,chrom = {0,966;0,531;0,188;0,210;0,211;0,327;0,552;0,369;0,795;0,215;0,283;0,739}
gen = 0000,avg = 0,183,best = 0,466,chrom = {0,470;0,496;0,804;0,294;0,102;0,419;0,917;0,179;0,777;0,151;0,446;0,793}
gen = 0001,avg = 0,286,best = 0,466,chrom = {0,470;0,496;0,804;0,294;0,102;0,419;0,917;0,179;0,777;0,151;0,446;0,793}
gen = 0002,avg = 0,356,best = 0,466,chrom = {0,470;0,496;0,804;0,294;0,102;0,419;0,917;0,179;0,777;0,151;0,446;0,793}
gen = 0003,avg = 0,384,best = 0,466,chrom = {0,470;0,496;0,804;0,294;0,102;0,419;0,917;0,179;0,777;0,151;0,446;0,793}
gen = 0004,avg = 0,419,best = 0,466,chrom = {0,470;0,496;0,804;0,294;0,102;0,419;0,917;0,179;0,777;0,151;0,446;0,793}
gen = 0005,avg = 0,453,best = 0,533,chrom = {0,300;0,361;0,704;0,431;0,800;0,664;0,464;0,862;0,634;0,817;0,446;0,793}
gen = 0006,avg = 0,497,best = 0,576,chrom = {0,300;0,361;0,704;0,336;0,033;0,664;0,464;0,305;0,634;0,817;0,446;0,793}
gen = 0007,avg = 0,550,best = 0,748,chrom = {0,470;0,496;0,804;0,294;0,102;0,419;0,464;0,305;0,634;0,817;0,446;0,793}
gen = 0008,avg = 0,582,best = 0,748,chrom = {0,470;0,496;0,804;0,294;0,102;0,419;0,464;0,305;0,634;0,817;0,446;0,793}
gen = 0009,avg = 0,612,best = 0,748,chrom = {0,470;0,496;0,804;0,294;0,102;0,419;0,464;0,305;0,634;0,817;0,446;0,793}
gen = 0010,avg = 0,652,best = 0,748,chrom = {0,470;0,496;0,804;0,294;0,102;0,419;0,464;0,305;0,634;0,817;0,446;0,793}
gen = 0011,avg = 0,684,best = 0,748,chrom = {0,470;0,496;0,804;0,294;0,102;0,419;0,464;0,305;0,634;0,817;0,446;0,793}
gen = 0012,avg = 0,712,best = 0,748,chrom = {0,470;0,496;0,804;0,294;0,102;0,419;0,464;0,305;0,634;0,817;0,446;0,793}
gen = 0013,avg = 0,723,best = 0,748,chrom = {0,470;0,496;0,804;0,294;0,102;0,419;0,464;0,305;0,634;0,817;0,446;0,793}
gen = 0014,avg = 0,735,best = 0,748,chrom = {0,470;0,496;0,804;0,294;0,102;0,419;0,464;0,305;0,634;0,817;0,446;0,793}
gen = 0015,avg = 0,740,best = 0,748,chrom = {0,470;0,496;0,804;0,294;0,102;0,419;0,464;0,305;0,634;0,817;0,446;0,793}
gen = 0016,avg = 0,744,best = 0,748,chrom = {0,470;0,496;0,804;0,294;0,102;0,419;0,464;0,305;0,634;0,817;0,446;0,793}
gen = 0017,avg = 0,745,best = 0,748,chrom = {0,470;0,496;0,804;0,294;0,102;0,419;0,464;0,305;0,634;0,817;0,446;0,793}
gen = 0018,avg = 0,747,best = 0,748,chrom = {0,470;0,496;0,804;0,294;0,102;0,419;0,464;0,305;0,634;0,817;0,446;0,793}
gen = 0019,avg = 0,747,best = 0,748,chrom = {0,470;0,496;0,804;0,294;0,102;0,419;0,464;0,305;0,634;0,817;0,446;0,793}
gen = 0020,avg = 0,748,best = 0,748,chrom = {0,470;0,496;0,804;0,294;0,102;0,419;0,464;0,305;0,634;0,817;0,446;0,793}
gen = 0021,avg = 0,748,best = 0,748,chrom = {0,470;0,496;0,804;0,294;0,102;0,419;0,464;0,305;0,634;0,817;0,446;0,793}
gen = 0022,avg = 0,748,best = 0,748,chrom = {0,470;0,496;0,804;0,294;0,102;0,419;0,464;0,305;0,634;0,817;0,446;0,793}
gen = 0023,avg = 0,748,best = 0,748,chrom = {0,470;0,496;0,804;0,294;0,102;0,419;0,464;0,305;0,634;0,817;0,446;0,793}
gen = 0024,avg = 0,749,best = 0,754,chrom = {0,470;0,670;0,804;0,294;0,102;0,419;0,464;0,305;0,634;0,817;0,446;0,793}
gen = 0025,avg = 0,749,best = 0,754,chrom = {0,470;0,670;0,804;0,294;0,102;0,419;0,464;0,305;0,634;0,817;0,446;0,793}
gen = 0026,avg = 0,750,best = 0,754,chrom = {0,470;0,670;0,804;0,294;0,102;0,419;0,464;0,305;0,634;0,817;0,446;0,793}
gen = 0027,avg = 0,750,best = 0,754,chrom = {0,470;0,670;0,804;0,294;0,102;0,419;0,464;0,305;0,634;0,817;0,446;0,793}
gen = 0028,avg = 0,750,best = 0,754,chrom = {0,470;0,670;0,804;0,294;0,102;0,419;0,464;0,305;0,634;0,817;0,446;0,793}
gen = 0029,avg = 0,751,best = 0,754,chrom = {0,470;0,670;0,804;0,294;0,102;0,419;0,464;0,305;0,634;0,817;0,446;0,793}
gen = 0030,avg = 0,751,best = 0,754,chrom = {0,470;0,670;0,804;0,294;0,102;0,419;0,464;0,305;0,634;0,817;0,446;0,793}
gen = 0031,avg = 0,752,best = 0,754,chrom = {0,470;0,670;0,804;0,294;0,102;0,419;0,464;0,305;0,634;0,817;0,446;0,793}
gen = 0032,avg = 0,752,best = 0,754,chrom = {0,470;0,670;0,804;0,294;0,102;0,419;0,464;0,305;0,634;0,817;0,446;0,793}
gen = 0033,avg = 0,752,best = 0,754,chrom = {0,470;0,670;0,804;0,294;0,102;0,419;0,464;0,305;0,634;0,817;0,446;0,793}
gen = 0034,avg = 0,753,best = 0,754,chrom = {0,470;0,670;0,804;0,294;0,102;0,419;0,464;0,305;0,634;0,817;0,446;0,793}
gen = 0035,avg = 0,753,best = 0,754,chrom = {0,470;0,670;0,804;0,294;0,102;0,419;0,464;0,305;0,634;0,817;0,446;0,793}
gen = 0036,avg = 0,754,best = 0,754,chrom = {0,470;0,670;0,804;0,294;0,102;0,419;0,464;0,305;0,634;0,817;0,446;0,793}
gen = 0037,avg = 0,754,best = 0,754,chrom = {0,470;0,670;0,804;0,294;0,102;0,419;0,464;0,305;0,634;0,817;0,446;0,793}
gen = 0038,avg = 0,754,best = 0,754,chrom = {0,470;0,670;0,804;0,294;0,102;0,419;0,464;0,305;0,634;0,817;0,446;0,793}
gen = 0039,avg = 0,754,best = 0,754,chrom = {0,470;0,670;0,804;0,294;0,102;0,419;0,464;0,305;0,634;0,817;0,446;0,793}
gen = 0040,avg = 0,754,best = 0,754,chrom = {0,470;0,670;0,804;0,294;0,102;0,419;0,464;0,305;0,634;0,817;0,446;0,793}
gen = 0041,avg = 0,754,best = 0,754,chrom = {0,470;0,670;0,804;0,294;0,102;0,419;0,464;0,305;0,634;0,817;0,446;0,793}
gen = 0042,avg = 0,754,best = 0,754,chrom = {0,470;0,670;0,804;0,294;0,102;0,419;0,464;0,305;0,634;0,817;0,446;0,793}
gen = 0043,avg = 0,754,best = 0,754,chrom = {0,470;0,670;0,804;0,294;0,102;0,419;0,464;0,305;0,634;0,817;0,446;0,793}
gen = 0044,avg = 0,754,best = 0,754,chrom = {0,470;0,670;0,804;0,294;0,102;0,419;0,464;0,305;0,634;0,817;0,446;0,793}
gen = 0045,avg = 0,754,best = 0,754,chrom = {0,470;0,670;0,804;0,294;0,102;0,419;0,464;0,305;0,634;0,817;0,446;0,793}
gen = 0046,avg = 0,754,best = 0,754,chrom = {0,470;0,670;0,804;0,294;0,102;0,419;0,464;0,305;0,634;0,817;0,446;0,793}
gen = 0047,avg = 0,755,best = 0,764,chrom = {0,470;0,670;0,804;0,294;0,102;0,419;0,464;0,305;0,634;0,817;0,446;0,793}
gen = 0048,avg = 0,756,best = 0,764,chrom = {0,470;0,670;0,804;0,294;0,102;0,419;0,464;0,305;0,634;0,817;0,446;0,793}
gen = 0049,avg = 0,757,best = 0,764,chrom = {0,470;0,670;0,804;0,294;0,102;0,419;0,464;0,305;0,634;0,817;0,446;0,793}
gen = 0050,avg = 0,757,best = 0,764,chrom = {0,470;0,670;0,804;0,294;0,102;0,419;0,464;0,305;0,634;0,817;0,446;0,793}
Execution Time = 0901,380ms;
