gen = -001,avg = 0,204,best = 0,204,chrom = {0,210;0,841;0,262;0,194;0,834;0,385;0,476;0,750;0,696;0,430;0,584;0,456}
gen = 0000,avg = 0,142,best = 0,375,chrom = {0,352;0,006;0,132;0,687;0,605;0,979;0,916;0,979;0,800;0,827;0,725;0,433}
gen = 0001,avg = 0,225,best = 0,375,chrom = {0,352;0,006;0,132;0,687;0,605;0,979;0,916;0,979;0,800;0,827;0,725;0,433}
gen = 0002,avg = 0,291,best = 0,375,chrom = {0,352;0,006;0,132;0,687;0,605;0,979;0,916;0,979;0,800;0,827;0,725;0,433}
gen = 0003,avg = 0,391,best = 0,626,chrom = {0,748;0,695;0,782;0,793;0,294;0,623;0,489;0,370;0,299;0,568;0,713;0,928}
gen = 0004,avg = 0,443,best = 0,626,chrom = {0,748;0,695;0,782;0,793;0,294;0,623;0,489;0,370;0,299;0,568;0,713;0,928}
gen = 0005,avg = 0,504,best = 0,626,chrom = {0,748;0,695;0,782;0,793;0,294;0,623;0,489;0,370;0,299;0,568;0,713;0,928}
gen = 0006,avg = 0,597,best = 0,669,chrom = {0,748;0,695;0,782;0,793;0,294;0,623;0,489;0,370;0,299;0,040;0,713;0,928}
gen = 0007,avg = 0,634,best = 0,669,chrom = {0,748;0,695;0,782;0,793;0,294;0,623;0,489;0,370;0,299;0,040;0,713;0,928}
gen = 0008,avg = 0,648,best = 0,694,chrom = {0,116;0,695;0,782;0,793;0,294;0,623;0,489;0,370;0,299;0,568;0,713;0,914}
gen = 0009,avg = 0,659,best = 0,703,chrom = {0,748;0,695;0,782;0,793;0,294;0,623;0,489;0,370;0,299;0,568;0,738;0,928}
gen = 0010,avg = 0,676,best = 0,741,chrom = {0,352;0,695;0,782;0,793;0,294;0,623;0,489;0,370;0,299;0,568;0,738;0,928}
gen = 0011,avg = 0,683,best = 0,741,chrom = {0,352;0,695;0,782;0,793;0,294;0,623;0,489;0,370;0,299;0,568;0,738;0,928}
gen = 0012,avg = 0,694,best = 0,741,chrom = {0,352;0,695;0,782;0,793;0,294;0,623;0,489;0,370;0,299;0,568;0,738;0,928}
gen = 0013,avg = 0,701,best = 0,741,chrom = {0,352;0,695;0,782;0,793;0,294;0,623;0,489;0,370;0,299;0,568;0,738;0,928}
gen = 0014,avg = 0,711,best = 0,741,chrom = {0,352;0,695;0,782;0,793;0,294;0,623;0,489;0,370;0,299;0,568;0,738;0,928}
gen = 0015,avg = 0,721,best = 0,741,chrom = {0,352;0,695;0,782;0,793;0,294;0,623;0,489;0,370;0,299;0,568;0,738;0,928}
gen = 0016,avg = 0,724,best = 0,741,chrom = {0,352;0,695;0,782;0,793;0,294;0,623;0,489;0,370;0,299;0,568;0,738;0,928}
gen = 0017,avg = 0,727,best = 0,741,chrom = {0,352;0,695;0,782;0,793;0,294;0,623;0,489;0,370;0,299;0,568;0,738;0,928}
gen = 0018,avg = 0,730,best = 0,741,chrom = {0,352;0,695;0,782;0,793;0,294;0,623;0,489;0,370;0,299;0,568;0,738;0,928}
gen = 0019,avg = 0,733,best = 0,741,chrom = {0,352;0,695;0,782;0,793;0,294;0,623;0,489;0,370;0,299;0,568;0,738;0,928}
gen = 0020,avg = 0,736,best = 0,741,chrom = {0,352;0,695;0,782;0,793;0,294;0,623;0,489;0,370;0,299;0,568;0,738;0,928}
gen = 0021,avg = 0,739,best = 0,741,chrom = {0,352;0,695;0,782;0,793;0,294;0,623;0,489;0,370;0,299;0,568;0,738;0,928}
gen = 0022,avg = 0,740,best = 0,741,chrom = {0,352;0,695;0,782;0,793;0,294;0,623;0,489;0,370;0,299;0,568;0,738;0,928}
gen = 0023,avg = 0,741,best = 0,741,chrom = {0,352;0,695;0,782;0,793;0,294;0,623;0,489;0,370;0,299;0,568;0,738;0,928}
gen = 0024,avg = 0,741,best = 0,741,chrom = {0,352;0,695;0,782;0,793;0,294;0,623;0,489;0,370;0,299;0,568;0,738;0,928}
gen = 0025,avg = 0,742,best = 0,751,chrom = {0,677;0,695;0,782;0,793;0,294;0,623;0,489;0,330;0,299;0,568;0,738;0,928}
gen = 0026,avg = 0,744,best = 0,754,chrom = {0,352;0,695;0,782;0,793;0,294;0,623;0,489;0,370;0,299;0,568;0,738;0,928}
gen = 0027,avg = 0,745,best = 0,754,chrom = {0,352;0,695;0,782;0,793;0,294;0,623;0,489;0,370;0,299;0,568;0,738;0,928}
gen = 0028,avg = 0,745,best = 0,754,chrom = {0,352;0,695;0,782;0,793;0,294;0,623;0,489;0,370;0,299;0,568;0,738;0,928}
gen = 0029,avg = 0,746,best = 0,754,chrom = {0,352;0,695;0,782;0,793;0,294;0,623;0,489;0,370;0,299;0,568;0,738;0,928}
gen = 0030,avg = 0,747,best = 0,754,chrom = {0,352;0,695;0,782;0,793;0,294;0,623;0,489;0,370;0,299;0,568;0,738;0,928}
gen = 0031,avg = 0,748,best = 0,754,chrom = {0,352;0,695;0,782;0,793;0,294;0,623;0,489;0,370;0,299;0,568;0,738;0,928}
gen = 0032,avg = 0,749,best = 0,754,chrom = {0,352;0,695;0,782;0,793;0,294;0,623;0,489;0,370;0,299;0,568;0,738;0,928}
gen = 0033,avg = 0,750,best = 0,754,chrom = {0,352;0,695;0,782;0,793;0,294;0,623;0,489;0,370;0,299;0,568;0,738;0,928}
gen = 0034,avg = 0,751,best = 0,754,chrom = {0,352;0,695;0,782;0,793;0,294;0,623;0,489;0,370;0,299;0,568;0,738;0,928}
gen = 0035,avg = 0,752,best = 0,754,chrom = {0,352;0,695;0,782;0,793;0,294;0,623;0,489;0,370;0,299;0,568;0,738;0,928}
gen = 0036,avg = 0,752,best = 0,754,chrom = {0,352;0,695;0,782;0,793;0,294;0,623;0,489;0,370;0,299;0,568;0,738;0,928}
gen = 0037,avg = 0,753,best = 0,754,chrom = {0,352;0,695;0,782;0,793;0,294;0,623;0,489;0,370;0,299;0,568;0,738;0,928}
gen = 0038,avg = 0,754,best = 0,754,chrom = {0,352;0,695;0,782;0,793;0,294;0,623;0,489;0,370;0,299;0,568;0,738;0,928}
gen = 0039,avg = 0,755,best = 0,761,chrom = {0,352;0,695;0,754;0,813;0,294;0,623;0,489;0,370;0,299;0,568;0,738;0,928}
gen = 0040,avg = 0,755,best = 0,761,chrom = {0,352;0,695;0,754;0,813;0,294;0,623;0,489;0,370;0,299;0,568;0,738;0,928}
gen = 0041,avg = 0,756,best = 0,761,chrom = {0,352;0,695;0,754;0,813;0,294;0,623;0,489;0,370;0,299;0,568;0,738;0,928}
gen = 0042,avg = 0,756,best = 0,761,chrom = {0,352;0,695;0,754;0,813;0,294;0,623;0,489;0,370;0,299;0,568;0,738;0,928}
gen = 0043,avg = 0,757,best = 0,761,chrom = {0,352;0,695;0,754;0,813;0,294;0,623;0,489;0,370;0,299;0,568;0,738;0,928}
gen = 0044,avg = 0,757,best = 0,761,chrom = {0,352;0,695;0,754;0,813;0,294;0,623;0,489;0,370;0,299;0,568;0,738;0,928}
gen = 0045,avg = 0,757,best = 0,761,chrom = {0,352;0,695;0,754;0,813;0,294;0,623;0,489;0,370;0,299;0,568;0,738;0,928}
gen = 0046,avg = 0,758,best = 0,761,chrom = {0,352;0,695;0,754;0,813;0,294;0,623;0,489;0,370;0,299;0,568;0,738;0,928}
gen = 0047,avg = 0,758,best = 0,761,chrom = {0,352;0,695;0,754;0,813;0,294;0,623;0,489;0,370;0,299;0,568;0,738;0,928}
gen = 0048,avg = 0,759,best = 0,761,chrom = {0,352;0,695;0,754;0,813;0,294;0,623;0,489;0,370;0,299;0,568;0,738;0,928}
gen = 0049,avg = 0,759,best = 0,761,chrom = {0,352;0,695;0,754;0,813;0,294;0,623;0,489;0,370;0,299;0,568;0,738;0,928}
gen = 0050,avg = 0,760,best = 0,761,chrom = {0,352;0,695;0,754;0,813;0,294;0,623;0,489;0,370;0,299;0,568;0,738;0,928}
Execution Time = 1044,451ms;
