gen = -001,avg = 0,341,best = 0,341,chrom = {0,723;0,764;0,945;0,180;0,156;0,312;0,676;0,359;0,517;0,724;0,589;0,489}
gen = 0000,avg = 0,139,best = 0,391,chrom = {0,794;0,129;0,176;0,997;0,816;0,804;0,376;0,589;0,172;0,498;0,779;0,359}
gen = 0001,avg = 0,300,best = 0,435,chrom = {0,676;0,981;0,306;0,174;0,835;0,862;0,376;0,589;0,172;0,498;0,779;0,359}
gen = 0002,avg = 0,377,best = 0,435,chrom = {0,676;0,981;0,306;0,174;0,835;0,862;0,376;0,589;0,172;0,498;0,779;0,359}
gen = 0003,avg = 0,422,best = 0,523,chrom = {0,199;0,607;0,878;0,841;0,676;0,714;0,421;0,020;0,261;0,484;0,175;0,908}
gen = 0004,avg = 0,448,best = 0,542,chrom = {0,199;0,607;0,878;0,841;0,676;0,714;0,421;0,324;0,261;0,484;0,175;0,908}
gen = 0005,avg = 0,490,best = 0,652,chrom = {0,199;0,607;0,577;0,841;0,676;0,714;0,974;0,020;0,257;0,222;0,175;0,902}
gen = 0006,avg = 0,518,best = 0,652,chrom = {0,199;0,607;0,577;0,841;0,676;0,714;0,974;0,020;0,257;0,222;0,175;0,902}
gen = 0007,avg = 0,549,best = 0,652,chrom = {0,199;0,607;0,577;0,841;0,676;0,714;0,974;0,020;0,257;0,222;0,175;0,902}
gen = 0008,avg = 0,570,best = 0,652,chrom = {0,199;0,607;0,577;0,841;0,676;0,714;0,974;0,020;0,257;0,222;0,175;0,902}
gen = 0009,avg = 0,603,best = 0,652,chrom = {0,199;0,607;0,577;0,841;0,676;0,714;0,974;0,020;0,257;0,222;0,175;0,902}
gen = 0010,avg = 0,616,best = 0,652,chrom = {0,199;0,607;0,577;0,841;0,676;0,714;0,974;0,020;0,257;0,222;0,175;0,902}
gen = 0011,avg = 0,628,best = 0,652,chrom = {0,199;0,607;0,577;0,841;0,676;0,714;0,974;0,020;0,257;0,222;0,175;0,902}
gen = 0012,avg = 0,637,best = 0,652,chrom = {0,199;0,607;0,577;0,841;0,676;0,714;0,974;0,020;0,257;0,222;0,175;0,902}
gen = 0013,avg = 0,642,best = 0,652,chrom = {0,199;0,607;0,577;0,841;0,676;0,714;0,974;0,020;0,257;0,222;0,175;0,902}
gen = 0014,avg = 0,644,best = 0,652,chrom = {0,199;0,607;0,577;0,841;0,676;0,714;0,974;0,020;0,257;0,222;0,175;0,902}
gen = 0015,avg = 0,650,best = 0,656,chrom = {0,199;0,607;0,328;0,841;0,161;0,714;0,974;0,020;0,257;0,222;0,175;0,902}
gen = 0016,avg = 0,652,best = 0,656,chrom = {0,199;0,607;0,328;0,841;0,161;0,714;0,974;0,020;0,257;0,222;0,175;0,902}
gen = 0017,avg = 0,653,best = 0,656,chrom = {0,199;0,607;0,328;0,841;0,161;0,714;0,974;0,020;0,257;0,222;0,175;0,902}
gen = 0018,avg = 0,653,best = 0,656,chrom = {0,199;0,607;0,328;0,841;0,161;0,714;0,974;0,020;0,257;0,222;0,175;0,902}
gen = 0019,avg = 0,659,best = 0,694,chrom = {0,199;0,607;0,328;0,841;0,161;0,714;0,974;0,020;0,257;0,222;0,175;0,902}
gen = 0020,avg = 0,668,best = 0,702,chrom = {0,199;0,607;0,328;0,841;0,161;0,714;0,974;0,020;0,257;0,222;0,175;0,902}
gen = 0021,avg = 0,674,best = 0,702,chrom = {0,199;0,607;0,328;0,841;0,161;0,714;0,974;0,020;0,257;0,222;0,175;0,902}
gen = 0022,avg = 0,680,best = 0,702,chrom = {0,199;0,607;0,328;0,841;0,161;0,714;0,974;0,020;0,257;0,222;0,175;0,902}
gen = 0023,avg = 0,683,best = 0,702,chrom = {0,199;0,607;0,328;0,841;0,161;0,714;0,974;0,020;0,257;0,222;0,175;0,902}
gen = 0024,avg = 0,691,best = 0,702,chrom = {0,199;0,607;0,328;0,841;0,161;0,714;0,974;0,020;0,257;0,222;0,175;0,902}
gen = 0025,avg = 0,695,best = 0,702,chrom = {0,199;0,607;0,328;0,841;0,161;0,714;0,974;0,020;0,257;0,222;0,175;0,902}
gen = 0026,avg = 0,700,best = 0,713,chrom = {0,199;0,607;0,328;0,841;0,161;0,621;0,974;0,020;0,257;0,222;0,175;0,902}
gen = 0027,avg = 0,702,best = 0,713,chrom = {0,199;0,607;0,328;0,841;0,161;0,621;0,974;0,020;0,257;0,222;0,175;0,902}
gen = 0028,avg = 0,704,best = 0,713,chrom = {0,199;0,607;0,328;0,841;0,161;0,621;0,974;0,020;0,257;0,222;0,175;0,902}
gen = 0029,avg = 0,711,best = 0,733,chrom = {0,199;0,607;0,328;0,841;0,161;0,621;0,974;0,020;0,257;0,222;0,175;0,902}
gen = 0030,avg = 0,713,best = 0,733,chrom = {0,199;0,607;0,328;0,841;0,161;0,621;0,974;0,020;0,257;0,222;0,175;0,902}
gen = 0031,avg = 0,715,best = 0,733,chrom = {0,199;0,607;0,328;0,841;0,161;0,621;0,974;0,020;0,257;0,222;0,175;0,902}
gen = 0032,avg = 0,718,best = 0,733,chrom = {0,199;0,607;0,328;0,841;0,161;0,621;0,974;0,020;0,257;0,222;0,175;0,902}
gen = 0033,avg = 0,720,best = 0,733,chrom = {0,199;0,607;0,328;0,841;0,161;0,621;0,974;0,020;0,257;0,222;0,175;0,902}
gen = 0034,avg = 0,722,best = 0,733,chrom = {0,199;0,607;0,328;0,841;0,161;0,621;0,974;0,020;0,257;0,222;0,175;0,902}
gen = 0035,avg = 0,724,best = 0,733,chrom = {0,199;0,607;0,328;0,841;0,161;0,621;0,974;0,020;0,257;0,222;0,175;0,902}
gen = 0036,avg = 0,726,best = 0,733,chrom = {0,199;0,607;0,328;0,841;0,161;0,621;0,974;0,020;0,257;0,222;0,175;0,902}
gen = 0037,avg = 0,727,best = 0,733,chrom = {0,199;0,607;0,328;0,841;0,161;0,621;0,974;0,020;0,257;0,222;0,175;0,902}
gen = 0038,avg = 0,729,best = 0,733,chrom = {0,199;0,607;0,328;0,841;0,161;0,621;0,974;0,020;0,257;0,222;0,175;0,902}
gen = 0039,avg = 0,730,best = 0,733,chrom = {0,199;0,607;0,328;0,841;0,161;0,621;0,974;0,020;0,257;0,222;0,175;0,902}
gen = 0040,avg = 0,734,best = 0,740,chrom = {0,199;0,607;0,328;0,841;0,161;0,714;0,988;0,020;0,257;0,222;0,175;0,902}
gen = 0041,avg = 0,735,best = 0,740,chrom = {0,199;0,607;0,328;0,841;0,161;0,714;0,988;0,020;0,257;0,222;0,175;0,902}
gen = 0042,avg = 0,735,best = 0,740,chrom = {0,199;0,607;0,328;0,841;0,161;0,714;0,988;0,020;0,257;0,222;0,175;0,902}
gen = 0043,avg = 0,735,best = 0,740,chrom = {0,199;0,607;0,328;0,841;0,161;0,714;0,988;0,020;0,257;0,222;0,175;0,902}
gen = 0044,avg = 0,736,best = 0,740,chrom = {0,199;0,607;0,328;0,841;0,161;0,714;0,988;0,020;0,257;0,222;0,175;0,902}
gen = 0045,avg = 0,736,best = 0,740,chrom = {0,199;0,607;0,328;0,841;0,161;0,714;0,988;0,020;0,257;0,222;0,175;0,902}
gen = 0046,avg = 0,738,best = 0,745,chrom = {0,199;0,607;0,328;0,841;0,161;0,714;0,988;0,020;0,257;0,222;0,175;0,902}
gen = 0047,avg = 0,739,best = 0,745,chrom = {0,199;0,607;0,328;0,841;0,161;0,714;0,988;0,020;0,257;0,222;0,175;0,902}
gen = 0048,avg = 0,739,best = 0,745,chrom = {0,199;0,607;0,328;0,841;0,161;0,714;0,988;0,020;0,257;0,222;0,175;0,902}
gen = 0049,avg = 0,740,best = 0,745,chrom = {0,199;0,607;0,328;0,841;0,161;0,714;0,988;0,020;0,257;0,222;0,175;0,902}
gen = 0050,avg = 0,741,best = 0,745,chrom = {0,199;0,607;0,328;0,841;0,161;0,714;0,988;0,020;0,257;0,222;0,175;0,902}
Execution Time = 0897,927ms;
