gen = -001,avg = 0,141,best = 0,141,chrom = {0,303;0,057;0,497;0,428;0,766;0,446;0,514;0,874;0,813;0,609;0,812;0,778}
gen = 0000,avg = 0,163,best = 0,555,chrom = {0,183;0,110;0,526;0,197;0,148;0,317;0,268;0,528;0,470;0,595;0,393;0,925}
gen = 0001,avg = 0,294,best = 0,555,chrom = {0,183;0,110;0,526;0,197;0,148;0,317;0,268;0,528;0,470;0,595;0,393;0,925}
gen = 0002,avg = 0,409,best = 0,555,chrom = {0,183;0,110;0,526;0,197;0,148;0,317;0,268;0,528;0,470;0,595;0,393;0,925}
gen = 0003,avg = 0,484,best = 0,564,chrom = {0,183;0,110;0,526;0,197;0,148;0,317;0,268;0,528;0,470;0,595;0,453;0,925}
gen = 0004,avg = 0,554,best = 0,603,chrom = {0,485;0,110;0,526;0,197;0,148;0,317;0,268;0,528;0,093;0,595;0,393;0,925}
gen = 0005,avg = 0,579,best = 0,638,chrom = {0,183;0,110;0,526;0,197;0,148;0,317;0,268;0,528;0,470;0,595;0,393;0,925}
gen = 0006,avg = 0,616,best = 0,669,chrom = {0,183;0,110;0,526;0,197;0,148;0,317;0,268;0,528;0,470;0,595;0,393;0,925}
gen = 0007,avg = 0,639,best = 0,698,chrom = {0,183;0,110;0,526;0,608;0,148;0,830;0,268;0,528;0,470;0,595;0,287;0,925}
gen = 0008,avg = 0,655,best = 0,711,chrom = {0,183;0,110;0,526;0,608;0,148;0,830;0,268;0,528;0,470;0,595;0,287;0,925}
gen = 0009,avg = 0,690,best = 0,793,chrom = {0,183;0,316;0,526;0,183;0,148;0,830;0,268;0,528;0,470;0,595;0,287;0,925}
gen = 0010,avg = 0,706,best = 0,793,chrom = {0,183;0,316;0,526;0,183;0,148;0,830;0,268;0,528;0,470;0,595;0,287;0,925}
gen = 0011,avg = 0,728,best = 0,793,chrom = {0,183;0,316;0,526;0,183;0,148;0,830;0,268;0,528;0,470;0,595;0,287;0,925}
gen = 0012,avg = 0,751,best = 0,793,chrom = {0,183;0,316;0,526;0,183;0,148;0,830;0,268;0,528;0,470;0,595;0,287;0,925}
gen = 0013,avg = 0,767,best = 0,818,chrom = {0,183;0,316;0,526;0,608;0,148;0,830;0,268;0,528;0,470;0,595;0,287;0,925}
gen = 0014,avg = 0,775,best = 0,818,chrom = {0,183;0,316;0,526;0,608;0,148;0,830;0,268;0,528;0,470;0,595;0,287;0,925}
gen = 0015,avg = 0,781,best = 0,818,chrom = {0,183;0,316;0,526;0,608;0,148;0,830;0,268;0,528;0,470;0,595;0,287;0,925}
gen = 0016,avg = 0,789,best = 0,818,chrom = {0,183;0,316;0,526;0,608;0,148;0,830;0,268;0,528;0,470;0,595;0,287;0,925}
gen = 0017,avg = 0,799,best = 0,818,chrom = {0,183;0,316;0,526;0,608;0,148;0,830;0,268;0,528;0,470;0,595;0,287;0,925}
gen = 0018,avg = 0,806,best = 0,818,chrom = {0,183;0,316;0,526;0,608;0,148;0,830;0,268;0,528;0,470;0,595;0,287;0,925}
gen = 0019,avg = 0,809,best = 0,818,chrom = {0,183;0,316;0,526;0,608;0,148;0,830;0,268;0,528;0,470;0,595;0,287;0,925}
gen = 0020,avg = 0,823,best = 0,897,chrom = {0,183;0,316;0,526;0,608;0,148;0,830;0,268;0,528;0,470;0,595;0,287;0,925}
gen = 0021,avg = 0,830,best = 0,897,chrom = {0,183;0,316;0,526;0,608;0,148;0,830;0,268;0,528;0,470;0,595;0,287;0,925}
gen = 0022,avg = 0,837,best = 0,897,chrom = {0,183;0,316;0,526;0,608;0,148;0,830;0,268;0,528;0,470;0,595;0,287;0,925}
gen = 0023,avg = 0,843,best = 0,897,chrom = {0,183;0,316;0,526;0,608;0,148;0,830;0,268;0,528;0,470;0,595;0,287;0,925}
gen = 0024,avg = 0,849,best = 0,897,chrom = {0,183;0,316;0,526;0,608;0,148;0,830;0,268;0,528;0,470;0,595;0,287;0,925}
gen = 0025,avg = 0,855,best = 0,897,chrom = {0,183;0,316;0,526;0,608;0,148;0,830;0,268;0,528;0,470;0,595;0,287;0,925}
gen = 0026,avg = 0,860,best = 0,897,chrom = {0,183;0,316;0,526;0,608;0,148;0,830;0,268;0,528;0,470;0,595;0,287;0,925}
gen = 0027,avg = 0,865,best = 0,897,chrom = {0,183;0,316;0,526;0,608;0,148;0,830;0,268;0,528;0,470;0,595;0,287;0,925}
gen = 0028,avg = 0,871,best = 0,897,chrom = {0,183;0,316;0,526;0,608;0,148;0,830;0,268;0,528;0,470;0,595;0,287;0,925}
gen = 0029,avg = 0,876,best = 0,897,chrom = {0,183;0,316;0,526;0,608;0,148;0,830;0,268;0,528;0,470;0,595;0,287;0,925}
gen = 0030,avg = 0,881,best = 0,897,chrom = {0,183;0,316;0,526;0,608;0,148;0,830;0,268;0,528;0,470;0,595;0,287;0,925}
gen = 0031,avg = 0,886,best = 0,897,chrom = {0,183;0,316;0,526;0,608;0,148;0,830;0,268;0,528;0,470;0,595;0,287;0,925}
gen = 0032,avg = 0,891,best = 0,897,chrom = {0,183;0,316;0,526;0,608;0,148;0,830;0,268;0,528;0,470;0,595;0,287;0,925}
gen = 0033,avg = 0,897,best = 0,897,chrom = {0,183;0,316;0,526;0,608;0,148;0,830;0,268;0,528;0,470;0,595;0,287;0,925}
gen = 0034,avg = 0,897,best = 0,897,chrom = {0,183;0,316;0,526;0,608;0,148;0,830;0,268;0,528;0,470;0,595;0,287;0,925}
gen = 0035,avg = 0,897,best = 0,897,chrom = {0,183;0,316;0,526;0,608;0,148;0,830;0,268;0,528;0,470;0,595;0,287;0,925}
gen = 0036,avg = 0,897,best = 0,897,chrom = {0,183;0,316;0,526;0,608;0,148;0,830;0,268;0,528;0,470;0,595;0,287;0,925}
gen = 0037,avg = 0,897,best = 0,897,chrom = {0,183;0,316;0,526;0,608;0,148;0,830;0,268;0,528;0,470;0,595;0,287;0,925}
gen = 0038,avg = 0,897,best = 0,897,chrom = {0,183;0,316;0,526;0,608;0,148;0,830;0,268;0,528;0,470;0,595;0,287;0,925}
gen = 0039,avg = 0,897,best = 0,897,chrom = {0,183;0,316;0,526;0,608;0,148;0,830;0,268;0,528;0,470;0,595;0,287;0,925}
gen = 0040,avg = 0,897,best = 0,897,chrom = {0,183;0,316;0,526;0,608;0,148;0,830;0,268;0,528;0,470;0,595;0,287;0,925}
gen = 0041,avg = 0,897,best = 0,897,chrom = {0,183;0,316;0,526;0,608;0,148;0,830;0,268;0,528;0,470;0,595;0,287;0,925}
gen = 0042,avg = 0,897,best = 0,897,chrom = {0,183;0,316;0,526;0,608;0,148;0,830;0,268;0,528;0,470;0,595;0,287;0,925}
gen = 0043,avg = 0,897,best = 0,897,chrom = {0,183;0,316;0,526;0,608;0,148;0,830;0,268;0,528;0,470;0,595;0,287;0,925}
gen = 0044,avg = 0,897,best = 0,897,chrom = {0,183;0,316;0,526;0,608;0,148;0,830;0,268;0,528;0,470;0,595;0,287;0,925}
gen = 0045,avg = 0,897,best = 0,897,chrom = {0,183;0,316;0,526;0,608;0,148;0,830;0,268;0,528;0,470;0,595;0,287;0,925}
gen = 0046,avg = 0,897,best = 0,897,chrom = {0,183;0,316;0,526;0,608;0,148;0,830;0,268;0,528;0,470;0,595;0,287;0,925}
gen = 0047,avg = 0,897,best = 0,897,chrom = {0,183;0,316;0,526;0,608;0,148;0,830;0,268;0,528;0,470;0,595;0,287;0,925}
gen = 0048,avg = 0,897,best = 0,897,chrom = {0,183;0,316;0,526;0,608;0,148;0,830;0,268;0,528;0,470;0,595;0,287;0,925}
gen = 0049,avg = 0,897,best = 0,897,chrom = {0,183;0,316;0,526;0,608;0,148;0,830;0,268;0,528;0,470;0,595;0,287;0,925}
gen = 0050,avg = 0,897,best = 0,897,chrom = {0,183;0,316;0,526;0,608;0,148;0,830;0,268;0,528;0,470;0,595;0,287;0,925}
Execution Time = 0923,686ms;
