gen = -001,avg = 0,014,best = 0,014,chrom = {0,440;0,138;0,081;0,864;0,694;0,018;0,672;0,640;0,757;0,659;0,174;0,310}
gen = 0000,avg = 0,131,best = 0,390,chrom = {0,425;0,367;0,988;0,636;0,289;0,913;0,777;0,853;0,228;0,064;0,385;0,011}
gen = 0001,avg = 0,288,best = 0,390,chrom = {0,425;0,367;0,988;0,636;0,289;0,913;0,777;0,853;0,228;0,064;0,385;0,011}
gen = 0002,avg = 0,390,best = 0,516,chrom = {0,047;0,046;0,823;0,875;0,215;0,309;0,233;0,057;0,754;0,431;0,646;0,479}
gen = 0003,avg = 0,413,best = 0,516,chrom = {0,047;0,046;0,823;0,875;0,215;0,309;0,233;0,057;0,754;0,431;0,646;0,479}
gen = 0004,avg = 0,441,best = 0,516,chrom = {0,047;0,046;0,823;0,875;0,215;0,309;0,233;0,057;0,754;0,431;0,646;0,479}
gen = 0005,avg = 0,451,best = 0,516,chrom = {0,047;0,046;0,823;0,875;0,215;0,309;0,233;0,057;0,754;0,431;0,646;0,479}
gen = 0006,avg = 0,490,best = 0,594,chrom = {0,047;0,046;0,823;0,875;0,215;0,309;0,233;0,974;0,754;0,431;0,646;0,479}
gen = 0007,avg = 0,539,best = 0,594,chrom = {0,047;0,046;0,823;0,875;0,215;0,309;0,233;0,974;0,754;0,431;0,646;0,479}
gen = 0008,avg = 0,552,best = 0,599,chrom = {0,047;0,046;0,823;0,875;0,215;0,309;0,233;0,974;0,754;0,431;0,646;0,479}
gen = 0009,avg = 0,568,best = 0,599,chrom = {0,047;0,046;0,823;0,875;0,215;0,309;0,233;0,974;0,754;0,431;0,646;0,479}
gen = 0010,avg = 0,594,best = 0,644,chrom = {0,047;0,046;0,823;0,875;0,215;0,309;0,233;0,974;0,754;0,431;0,646;0,479}
gen = 0011,avg = 0,622,best = 0,671,chrom = {0,047;0,046;0,823;0,875;0,215;0,309;0,233;0,974;0,754;0,431;0,646;0,479}
gen = 0012,avg = 0,639,best = 0,678,chrom = {0,047;0,046;0,823;0,875;0,215;0,309;0,233;0,974;0,754;0,431;0,651;0,479}
gen = 0013,avg = 0,648,best = 0,678,chrom = {0,047;0,046;0,823;0,875;0,215;0,309;0,233;0,974;0,754;0,431;0,651;0,479}
gen = 0014,avg = 0,659,best = 0,708,chrom = {0,047;0,046;0,823;0,875;0,215;0,309;0,233;0,974;0,754;0,431;0,646;0,479}
gen = 0015,avg = 0,668,best = 0,708,chrom = {0,047;0,046;0,823;0,875;0,215;0,309;0,233;0,974;0,754;0,431;0,646;0,479}
gen = 0016,avg = 0,679,best = 0,708,chrom = {0,047;0,046;0,823;0,875;0,215;0,309;0,233;0,974;0,754;0,431;0,646;0,479}
gen = 0017,avg = 0,688,best = 0,710,chrom = {0,047;0,046;0,823;0,875;0,215;0,309;0,233;0,974;0,754;0,431;0,651;0,479}
gen = 0018,avg = 0,701,best = 0,736,chrom = {0,047;0,046;0,823;0,875;0,215;0,309;0,233;0,974;0,754;0,431;0,646;0,479}
gen = 0019,avg = 0,705,best = 0,736,chrom = {0,047;0,046;0,823;0,875;0,215;0,309;0,233;0,974;0,754;0,431;0,646;0,479}
gen = 0020,avg = 0,709,best = 0,736,chrom = {0,047;0,046;0,823;0,875;0,215;0,309;0,233;0,974;0,754;0,431;0,646;0,479}
gen = 0021,avg = 0,713,best = 0,736,chrom = {0,047;0,046;0,823;0,875;0,215;0,309;0,233;0,974;0,754;0,431;0,646;0,479}
gen = 0022,avg = 0,717,best = 0,736,chrom = {0,047;0,046;0,823;0,875;0,215;0,309;0,233;0,974;0,754;0,431;0,646;0,479}
gen = 0023,avg = 0,720,best = 0,736,chrom = {0,047;0,046;0,823;0,875;0,215;0,309;0,233;0,974;0,754;0,431;0,646;0,479}
gen = 0024,avg = 0,724,best = 0,736,chrom = {0,047;0,046;0,823;0,875;0,215;0,309;0,233;0,974;0,754;0,431;0,646;0,479}
gen = 0025,avg = 0,726,best = 0,736,chrom = {0,047;0,046;0,823;0,875;0,215;0,309;0,233;0,974;0,754;0,431;0,646;0,479}
gen = 0026,avg = 0,727,best = 0,736,chrom = {0,047;0,046;0,823;0,875;0,215;0,309;0,233;0,974;0,754;0,431;0,646;0,479}
gen = 0027,avg = 0,729,best = 0,736,chrom = {0,047;0,046;0,823;0,875;0,215;0,309;0,233;0,974;0,754;0,431;0,646;0,479}
gen = 0028,avg = 0,731,best = 0,736,chrom = {0,047;0,046;0,823;0,875;0,215;0,309;0,233;0,974;0,754;0,431;0,646;0,479}
gen = 0029,avg = 0,733,best = 0,736,chrom = {0,047;0,046;0,823;0,875;0,215;0,309;0,233;0,974;0,754;0,431;0,646;0,479}
gen = 0030,avg = 0,735,best = 0,736,chrom = {0,047;0,046;0,823;0,875;0,215;0,309;0,233;0,974;0,754;0,431;0,646;0,479}
gen = 0031,avg = 0,736,best = 0,736,chrom = {0,047;0,046;0,823;0,875;0,215;0,309;0,233;0,974;0,754;0,431;0,646;0,479}
gen = 0032,avg = 0,736,best = 0,736,chrom = {0,047;0,046;0,823;0,875;0,215;0,309;0,233;0,974;0,754;0,431;0,646;0,479}
gen = 0033,avg = 0,736,best = 0,736,chrom = {0,047;0,046;0,823;0,875;0,215;0,309;0,233;0,974;0,754;0,431;0,646;0,479}
gen = 0034,avg = 0,736,best = 0,736,chrom = {0,047;0,046;0,823;0,875;0,215;0,309;0,233;0,974;0,754;0,431;0,646;0,479}
gen = 0035,avg = 0,736,best = 0,736,chrom = {0,047;0,046;0,823;0,875;0,215;0,309;0,233;0,974;0,754;0,431;0,646;0,479}
gen = 0036,avg = 0,736,best = 0,736,chrom = {0,047;0,046;0,823;0,875;0,215;0,309;0,233;0,974;0,754;0,431;0,646;0,479}
gen = 0037,avg = 0,736,best = 0,736,chrom = {0,047;0,046;0,823;0,875;0,215;0,309;0,233;0,974;0,754;0,431;0,646;0,479}
gen = 0038,avg = 0,736,best = 0,736,chrom = {0,047;0,046;0,823;0,875;0,215;0,309;0,233;0,974;0,754;0,431;0,646;0,479}
gen = 0039,avg = 0,736,best = 0,736,chrom = {0,047;0,046;0,823;0,875;0,215;0,309;0,233;0,974;0,754;0,431;0,646;0,479}
gen = 0040,avg = 0,736,best = 0,736,chrom = {0,047;0,046;0,823;0,875;0,215;0,309;0,233;0,974;0,754;0,431;0,646;0,479}
gen = 0041,avg = 0,736,best = 0,736,chrom = {0,047;0,046;0,823;0,875;0,215;0,309;0,233;0,974;0,754;0,431;0,646;0,479}
gen = 0042,avg = 0,736,best = 0,736,chrom = {0,047;0,046;0,823;0,875;0,215;0,309;0,233;0,974;0,754;0,431;0,646;0,479}
gen = 0043,avg = 0,736,best = 0,736,chrom = {0,047;0,046;0,823;0,875;0,215;0,309;0,233;0,974;0,754;0,431;0,646;0,479}
gen = 0044,avg = 0,736,best = 0,736,chrom = {0,047;0,046;0,823;0,875;0,215;0,309;0,233;0,974;0,754;0,431;0,646;0,479}
gen = 0045,avg = 0,736,best = 0,736,chrom = {0,047;0,046;0,823;0,875;0,215;0,309;0,233;0,974;0,754;0,431;0,646;0,479}
gen = 0046,avg = 0,736,best = 0,736,chrom = {0,047;0,046;0,823;0,875;0,215;0,309;0,233;0,974;0,754;0,431;0,646;0,479}
gen = 0047,avg = 0,736,best = 0,736,chrom = {0,047;0,046;0,823;0,875;0,215;0,309;0,233;0,974;0,754;0,431;0,646;0,479}
gen = 0048,avg = 0,736,best = 0,736,chrom = {0,047;0,046;0,823;0,875;0,215;0,309;0,233;0,974;0,754;0,431;0,646;0,479}
gen = 0049,avg = 0,736,best = 0,736,chrom = {0,047;0,046;0,823;0,875;0,215;0,309;0,233;0,974;0,754;0,431;0,646;0,479}
gen = 0050,avg = 0,736,best = 0,736,chrom = {0,047;0,046;0,823;0,875;0,215;0,309;0,233;0,974;0,754;0,431;0,646;0,479}
Execution Time = 0716,235ms;
