gen = -001,avg = 0,067,best = 0,067,chrom = {0,572;0,650;0,987;0,450;0,528;0,875;0,903;0,408;0,873;0,427;0,456;0,630}
gen = 0000,avg = 0,133,best = 0,361,chrom = {0,864;0,486;0,617;0,722;0,208;0,873;0,784;0,162;0,116;0,232;1,000;0,659}
gen = 0001,avg = 0,311,best = 0,374,chrom = {0,266;0,897;0,690;0,377;0,809;0,510;0,422;0,276;0,550;0,979;0,709;0,712}
gen = 0002,avg = 0,376,best = 0,520,chrom = {0,027;0,579;0,271;0,377;0,809;0,510;0,422;0,276;0,550;0,979;0,709;0,712}
gen = 0003,avg = 0,447,best = 0,609,chrom = {0,027;0,579;0,271;0,377;0,809;0,510;0,422;0,276;0,550;0,979;0,163;0,788}
gen = 0004,avg = 0,537,best = 0,619,chrom = {0,027;0,579;0,271;0,377;0,809;0,510;0,422;0,276;0,566;0,979;0,709;0,712}
gen = 0005,avg = 0,579,best = 0,630,chrom = {0,027;0,045;0,271;0,377;0,809;0,510;0,422;0,276;0,550;0,979;0,709;0,712}
gen = 0006,avg = 0,648,best = 0,734,chrom = {0,027;0,579;0,271;0,377;0,809;0,510;0,422;0,276;0,550;0,979;0,709;0,712}
gen = 0007,avg = 0,685,best = 0,735,chrom = {0,027;0,579;0,209;0,377;0,809;0,510;0,348;0,276;0,164;0,979;0,709;0,712}
gen = 0008,avg = 0,701,best = 0,735,chrom = {0,027;0,579;0,209;0,377;0,809;0,510;0,348;0,276;0,164;0,979;0,709;0,712}
gen = 0009,avg = 0,717,best = 0,735,chrom = {0,027;0,579;0,209;0,377;0,809;0,510;0,348;0,276;0,164;0,979;0,709;0,712}
gen = 0010,avg = 0,727,best = 0,746,chrom = {0,027;0,599;0,209;0,377;0,809;0,510;0,348;0,276;0,164;0,979;0,709;0,712}
gen = 0011,avg = 0,737,best = 0,756,chrom = {0,027;0,579;0,209;0,377;0,809;0,510;0,348;0,276;0,164;0,979;0,709;0,712}
gen = 0012,avg = 0,740,best = 0,756,chrom = {0,027;0,579;0,209;0,377;0,809;0,510;0,348;0,276;0,164;0,979;0,709;0,712}
gen = 0013,avg = 0,745,best = 0,756,chrom = {0,027;0,579;0,209;0,377;0,809;0,510;0,348;0,276;0,164;0,979;0,709;0,712}
gen = 0014,avg = 0,750,best = 0,775,chrom = {0,027;0,579;0,209;0,377;0,809;0,510;0,348;0,276;0,164;0,979;0,709;0,712}
gen = 0015,avg = 0,755,best = 0,775,chrom = {0,027;0,579;0,209;0,377;0,809;0,510;0,348;0,276;0,164;0,979;0,709;0,712}
gen = 0016,avg = 0,760,best = 0,775,chrom = {0,027;0,579;0,209;0,377;0,809;0,510;0,348;0,276;0,164;0,979;0,709;0,712}
gen = 0017,avg = 0,762,best = 0,775,chrom = {0,027;0,579;0,209;0,377;0,809;0,510;0,348;0,276;0,164;0,979;0,709;0,712}
gen = 0018,avg = 0,764,best = 0,775,chrom = {0,027;0,579;0,209;0,377;0,809;0,510;0,348;0,276;0,164;0,979;0,709;0,712}
gen = 0019,avg = 0,766,best = 0,775,chrom = {0,027;0,579;0,209;0,377;0,809;0,510;0,348;0,276;0,164;0,979;0,709;0,712}
gen = 0020,avg = 0,767,best = 0,775,chrom = {0,027;0,579;0,209;0,377;0,809;0,510;0,348;0,276;0,164;0,979;0,709;0,712}
gen = 0021,avg = 0,769,best = 0,775,chrom = {0,027;0,579;0,209;0,377;0,809;0,510;0,348;0,276;0,164;0,979;0,709;0,712}
gen = 0022,avg = 0,770,best = 0,775,chrom = {0,027;0,579;0,209;0,377;0,809;0,510;0,348;0,276;0,164;0,979;0,709;0,712}
gen = 0023,avg = 0,771,best = 0,775,chrom = {0,027;0,579;0,209;0,377;0,809;0,510;0,348;0,276;0,164;0,979;0,709;0,712}
gen = 0024,avg = 0,772,best = 0,775,chrom = {0,027;0,579;0,209;0,377;0,809;0,510;0,348;0,276;0,164;0,979;0,709;0,712}
gen = 0025,avg = 0,774,best = 0,775,chrom = {0,027;0,579;0,209;0,377;0,809;0,510;0,348;0,276;0,164;0,979;0,709;0,712}
gen = 0026,avg = 0,775,best = 0,775,chrom = {0,027;0,579;0,209;0,377;0,809;0,510;0,348;0,276;0,164;0,979;0,709;0,712}
gen = 0027,avg = 0,775,best = 0,775,chrom = {0,027;0,579;0,209;0,377;0,809;0,510;0,348;0,276;0,164;0,979;0,709;0,712}
gen = 0028,avg = 0,775,best = 0,775,chrom = {0,027;0,579;0,209;0,377;0,809;0,510;0,348;0,276;0,164;0,979;0,709;0,712}
gen = 0029,avg = 0,775,best = 0,775,chrom = {0,027;0,579;0,209;0,377;0,809;0,510;0,348;0,276;0,164;0,979;0,709;0,712}
gen = 0030,avg = 0,775,best = 0,775,chrom = {0,027;0,579;0,209;0,377;0,809;0,510;0,348;0,276;0,164;0,979;0,709;0,712}
gen = 0031,avg = 0,775,best = 0,775,chrom = {0,027;0,579;0,209;0,377;0,809;0,510;0,348;0,276;0,164;0,979;0,709;0,712}
gen = 0032,avg = 0,775,best = 0,775,chrom = {0,027;0,579;0,209;0,377;0,809;0,510;0,348;0,276;0,164;0,979;0,709;0,712}
gen = 0033,avg = 0,775,best = 0,775,chrom = {0,027;0,579;0,209;0,377;0,809;0,510;0,348;0,276;0,164;0,979;0,709;0,712}
gen = 0034,avg = 0,775,best = 0,775,chrom = {0,027;0,579;0,209;0,377;0,809;0,510;0,348;0,276;0,164;0,979;0,709;0,712}
gen = 0035,avg = 0,775,best = 0,775,chrom = {0,027;0,579;0,209;0,377;0,809;0,510;0,348;0,276;0,164;0,979;0,709;0,712}
gen = 0036,avg = 0,775,best = 0,775,chrom = {0,027;0,579;0,209;0,377;0,809;0,510;0,348;0,276;0,164;0,979;0,709;0,712}
gen = 0037,avg = 0,775,best = 0,775,chrom = {0,027;0,579;0,209;0,377;0,809;0,510;0,348;0,276;0,164;0,979;0,709;0,712}
gen = 0038,avg = 0,775,best = 0,775,chrom = {0,027;0,579;0,209;0,377;0,809;0,510;0,348;0,276;0,164;0,979;0,709;0,712}
gen = 0039,avg = 0,775,best = 0,775,chrom = {0,027;0,579;0,209;0,377;0,809;0,510;0,348;0,276;0,164;0,979;0,709;0,712}
gen = 0040,avg = 0,775,best = 0,775,chrom = {0,027;0,579;0,209;0,377;0,809;0,510;0,348;0,276;0,164;0,979;0,709;0,712}
gen = 0041,avg = 0,775,best = 0,775,chrom = {0,027;0,579;0,209;0,377;0,809;0,510;0,348;0,276;0,164;0,979;0,709;0,712}
gen = 0042,avg = 0,775,best = 0,775,chrom = {0,027;0,579;0,209;0,377;0,809;0,510;0,348;0,276;0,164;0,979;0,709;0,712}
gen = 0043,avg = 0,775,best = 0,775,chrom = {0,027;0,579;0,209;0,377;0,809;0,510;0,348;0,276;0,164;0,979;0,709;0,712}
gen = 0044,avg = 0,775,best = 0,775,chrom = {0,027;0,579;0,209;0,377;0,809;0,510;0,348;0,276;0,164;0,979;0,709;0,712}
gen = 0045,avg = 0,775,best = 0,775,chrom = {0,027;0,579;0,209;0,377;0,809;0,510;0,348;0,276;0,164;0,979;0,709;0,712}
gen = 0046,avg = 0,775,best = 0,775,chrom = {0,027;0,579;0,209;0,377;0,809;0,510;0,348;0,276;0,164;0,979;0,709;0,712}
gen = 0047,avg = 0,775,best = 0,775,chrom = {0,027;0,579;0,209;0,377;0,809;0,510;0,348;0,276;0,164;0,979;0,709;0,712}
gen = 0048,avg = 0,775,best = 0,775,chrom = {0,027;0,579;0,209;0,377;0,809;0,510;0,348;0,276;0,164;0,979;0,709;0,712}
gen = 0049,avg = 0,775,best = 0,775,chrom = {0,027;0,579;0,209;0,377;0,809;0,510;0,348;0,276;0,164;0,979;0,709;0,712}
gen = 0050,avg = 0,775,best = 0,775,chrom = {0,027;0,579;0,209;0,377;0,809;0,510;0,348;0,276;0,164;0,979;0,709;0,712}
Execution Time = 0908,794ms;
