gen = -001,avg = 0,281,best = 0,281,chrom = {0,847;0,806;0,965;0,735;0,883;0,298;0,226;0,323;0,217;0,165;0,338;0,769}
gen = 0000,avg = 0,275,best = 0,458,chrom = {0,385;0,511;0,136;0,159;0,637;0,447;0,394;0,033;0,475;0,709;0,563;0,391}
gen = 0001,avg = 0,357,best = 0,458,chrom = {0,385;0,511;0,136;0,159;0,637;0,447;0,394;0,033;0,475;0,709;0,563;0,391}
gen = 0002,avg = 0,423,best = 0,532,chrom = {0,587;0,511;0,136;0,159;0,637;0,447;0,394;0,033;0,400;0,709;0,563;0,391}
gen = 0003,avg = 0,491,best = 0,679,chrom = {0,385;0,511;0,136;0,159;0,666;0,512;0,867;0,991;0,879;0,379;0,945;0,950}
gen = 0004,avg = 0,541,best = 0,679,chrom = {0,385;0,511;0,136;0,159;0,666;0,512;0,867;0,991;0,879;0,379;0,945;0,950}
gen = 0005,avg = 0,598,best = 0,679,chrom = {0,385;0,511;0,136;0,159;0,666;0,512;0,867;0,991;0,879;0,379;0,945;0,950}
gen = 0006,avg = 0,622,best = 0,679,chrom = {0,385;0,511;0,136;0,159;0,666;0,512;0,867;0,991;0,879;0,379;0,945;0,950}
gen = 0007,avg = 0,640,best = 0,679,chrom = {0,385;0,511;0,136;0,159;0,666;0,512;0,867;0,991;0,879;0,379;0,945;0,950}
gen = 0008,avg = 0,648,best = 0,679,chrom = {0,385;0,511;0,136;0,159;0,666;0,512;0,867;0,991;0,879;0,379;0,945;0,950}
gen = 0009,avg = 0,657,best = 0,679,chrom = {0,385;0,511;0,136;0,159;0,666;0,512;0,867;0,991;0,879;0,379;0,945;0,950}
gen = 0010,avg = 0,662,best = 0,679,chrom = {0,385;0,511;0,136;0,159;0,666;0,512;0,867;0,991;0,879;0,379;0,945;0,950}
gen = 0011,avg = 0,666,best = 0,679,chrom = {0,385;0,511;0,136;0,159;0,666;0,512;0,867;0,991;0,879;0,379;0,945;0,950}
gen = 0012,avg = 0,682,best = 0,727,chrom = {0,385;0,520;0,136;0,159;0,666;0,512;0,867;0,991;0,879;0,379;0,945;0,950}
gen = 0013,avg = 0,688,best = 0,727,chrom = {0,385;0,520;0,136;0,159;0,666;0,512;0,867;0,991;0,879;0,379;0,945;0,950}
gen = 0014,avg = 0,692,best = 0,727,chrom = {0,385;0,520;0,136;0,159;0,666;0,512;0,867;0,991;0,879;0,379;0,945;0,950}
gen = 0015,avg = 0,695,best = 0,727,chrom = {0,385;0,520;0,136;0,159;0,666;0,512;0,867;0,991;0,879;0,379;0,945;0,950}
gen = 0016,avg = 0,702,best = 0,727,chrom = {0,385;0,520;0,136;0,159;0,666;0,512;0,867;0,991;0,879;0,379;0,945;0,950}
gen = 0017,avg = 0,705,best = 0,727,chrom = {0,385;0,520;0,136;0,159;0,666;0,512;0,867;0,991;0,879;0,379;0,945;0,950}
gen = 0018,avg = 0,708,best = 0,727,chrom = {0,385;0,520;0,136;0,159;0,666;0,512;0,867;0,991;0,879;0,379;0,945;0,950}
gen = 0019,avg = 0,711,best = 0,727,chrom = {0,385;0,520;0,136;0,159;0,666;0,512;0,867;0,991;0,879;0,379;0,945;0,950}
gen = 0020,avg = 0,714,best = 0,727,chrom = {0,385;0,520;0,136;0,159;0,666;0,512;0,867;0,991;0,879;0,379;0,945;0,950}
gen = 0021,avg = 0,719,best = 0,727,chrom = {0,385;0,520;0,136;0,159;0,666;0,512;0,867;0,991;0,879;0,379;0,945;0,950}
gen = 0022,avg = 0,722,best = 0,727,chrom = {0,385;0,520;0,136;0,159;0,666;0,512;0,867;0,991;0,879;0,379;0,945;0,950}
gen = 0023,avg = 0,725,best = 0,727,chrom = {0,385;0,520;0,136;0,159;0,666;0,512;0,867;0,991;0,879;0,379;0,945;0,950}
gen = 0024,avg = 0,727,best = 0,727,chrom = {0,385;0,520;0,136;0,159;0,666;0,512;0,867;0,991;0,879;0,379;0,945;0,950}
gen = 0025,avg = 0,727,best = 0,727,chrom = {0,385;0,520;0,136;0,159;0,666;0,512;0,867;0,991;0,879;0,379;0,945;0,950}
gen = 0026,avg = 0,727,best = 0,727,chrom = {0,385;0,520;0,136;0,159;0,666;0,512;0,867;0,991;0,879;0,379;0,945;0,950}
gen = 0027,avg = 0,727,best = 0,727,chrom = {0,385;0,520;0,136;0,159;0,666;0,512;0,867;0,991;0,879;0,379;0,945;0,950}
gen = 0028,avg = 0,727,best = 0,727,chrom = {0,385;0,520;0,136;0,159;0,666;0,512;0,867;0,991;0,879;0,379;0,945;0,950}
gen = 0029,avg = 0,727,best = 0,727,chrom = {0,385;0,520;0,136;0,159;0,666;0,512;0,867;0,991;0,879;0,379;0,945;0,950}
gen = 0030,avg = 0,727,best = 0,727,chrom = {0,385;0,520;0,136;0,159;0,666;0,512;0,867;0,991;0,879;0,379;0,945;0,950}
gen = 0031,avg = 0,727,best = 0,727,chrom = {0,385;0,520;0,136;0,159;0,666;0,512;0,867;0,991;0,879;0,379;0,945;0,950}
gen = 0032,avg = 0,727,best = 0,727,chrom = {0,385;0,520;0,136;0,159;0,666;0,512;0,867;0,991;0,879;0,379;0,945;0,950}
gen = 0033,avg = 0,727,best = 0,727,chrom = {0,385;0,520;0,136;0,159;0,666;0,512;0,867;0,991;0,879;0,379;0,945;0,950}
gen = 0034,avg = 0,727,best = 0,727,chrom = {0,385;0,520;0,136;0,159;0,666;0,512;0,867;0,991;0,879;0,379;0,945;0,950}
gen = 0035,avg = 0,727,best = 0,727,chrom = {0,385;0,520;0,136;0,159;0,666;0,512;0,867;0,991;0,879;0,379;0,945;0,950}
gen = 0036,avg = 0,727,best = 0,727,chrom = {0,385;0,520;0,136;0,159;0,666;0,512;0,867;0,991;0,879;0,379;0,945;0,950}
gen = 0037,avg = 0,727,best = 0,727,chrom = {0,385;0,520;0,136;0,159;0,666;0,512;0,867;0,991;0,879;0,379;0,945;0,950}
gen = 0038,avg = 0,727,best = 0,727,chrom = {0,385;0,520;0,136;0,159;0,666;0,512;0,867;0,991;0,879;0,379;0,945;0,950}
gen = 0039,avg = 0,727,best = 0,727,chrom = {0,385;0,520;0,136;0,159;0,666;0,512;0,867;0,991;0,879;0,379;0,945;0,950}
gen = 0040,avg = 0,727,best = 0,727,chrom = {0,385;0,520;0,136;0,159;0,666;0,512;0,867;0,991;0,879;0,379;0,945;0,950}
gen = 0041,avg = 0,727,best = 0,727,chrom = {0,385;0,520;0,136;0,159;0,666;0,512;0,867;0,991;0,879;0,379;0,945;0,950}
gen = 0042,avg = 0,727,best = 0,727,chrom = {0,385;0,520;0,136;0,159;0,666;0,512;0,867;0,991;0,879;0,379;0,945;0,950}
gen = 0043,avg = 0,727,best = 0,727,chrom = {0,385;0,520;0,136;0,159;0,666;0,512;0,867;0,991;0,879;0,379;0,945;0,950}
gen = 0044,avg = 0,727,best = 0,727,chrom = {0,385;0,520;0,136;0,159;0,666;0,512;0,867;0,991;0,879;0,379;0,945;0,950}
gen = 0045,avg = 0,727,best = 0,727,chrom = {0,385;0,520;0,136;0,159;0,666;0,512;0,867;0,991;0,879;0,379;0,945;0,950}
gen = 0046,avg = 0,727,best = 0,727,chrom = {0,385;0,520;0,136;0,159;0,666;0,512;0,867;0,991;0,879;0,379;0,945;0,950}
gen = 0047,avg = 0,727,best = 0,727,chrom = {0,385;0,520;0,136;0,159;0,666;0,512;0,867;0,991;0,879;0,379;0,945;0,950}
gen = 0048,avg = 0,727,best = 0,727,chrom = {0,385;0,520;0,136;0,159;0,666;0,512;0,867;0,991;0,879;0,379;0,945;0,950}
gen = 0049,avg = 0,727,best = 0,727,chrom = {0,385;0,520;0,136;0,159;0,666;0,512;0,867;0,991;0,879;0,379;0,945;0,950}
gen = 0050,avg = 0,727,best = 0,727,chrom = {0,385;0,520;0,136;0,159;0,666;0,512;0,867;0,991;0,879;0,379;0,945;0,950}
Execution Time = 1020,549ms;
