gen = -001,avg = 0,009,best = 0,009,chrom = {0,389;0,507;0,195;0,056;0,400;0,800;0,154;0,120;0,932;0,633;0,163;0,287}
gen = 0000,avg = 0,104,best = 0,394,chrom = {0,338;0,669;0,663;0,869;0,971;0,262;0,430;0,233;0,508;0,117;0,053;0,870}
gen = 0001,avg = 0,272,best = 0,394,chrom = {0,338;0,669;0,663;0,869;0,971;0,262;0,430;0,233;0,508;0,117;0,053;0,870}
gen = 0002,avg = 0,396,best = 0,497,chrom = {0,338;0,669;0,663;0,869;0,971;0,742;0,430;0,233;0,508;0,117;0,053;0,870}
gen = 0003,avg = 0,432,best = 0,497,chrom = {0,338;0,669;0,663;0,869;0,971;0,742;0,430;0,233;0,508;0,117;0,053;0,870}
gen = 0004,avg = 0,491,best = 0,603,chrom = {0,338;0,669;0,663;0,869;0,050;0,535;0,794;0,233;0,508;0,117;0,053;0,870}
gen = 0005,avg = 0,544,best = 0,618,chrom = {0,338;0,669;0,663;0,869;0,971;0,742;0,430;0,233;0,508;0,117;0,053;0,870}
gen = 0006,avg = 0,561,best = 0,618,chrom = {0,338;0,669;0,663;0,869;0,971;0,742;0,430;0,233;0,508;0,117;0,053;0,870}
gen = 0007,avg = 0,588,best = 0,618,chrom = {0,338;0,669;0,663;0,869;0,971;0,742;0,430;0,233;0,508;0,117;0,053;0,870}
gen = 0008,avg = 0,632,best = 0,736,chrom = {0,338;0,669;0,663;0,869;0,971;0,742;0,430;0,836;0,508;0,117;0,053;0,870}
gen = 0009,avg = 0,647,best = 0,736,chrom = {0,338;0,669;0,663;0,869;0,971;0,742;0,430;0,836;0,508;0,117;0,053;0,870}
gen = 0010,avg = 0,664,best = 0,736,chrom = {0,338;0,669;0,663;0,869;0,971;0,742;0,430;0,836;0,508;0,117;0,053;0,870}
gen = 0011,avg = 0,680,best = 0,736,chrom = {0,338;0,669;0,663;0,869;0,971;0,742;0,430;0,836;0,508;0,117;0,053;0,870}
gen = 0012,avg = 0,688,best = 0,736,chrom = {0,338;0,669;0,663;0,869;0,971;0,742;0,430;0,836;0,508;0,117;0,053;0,870}
gen = 0013,avg = 0,704,best = 0,736,chrom = {0,338;0,669;0,663;0,869;0,971;0,742;0,430;0,836;0,508;0,117;0,053;0,870}
gen = 0014,avg = 0,711,best = 0,736,chrom = {0,338;0,669;0,663;0,869;0,971;0,742;0,430;0,836;0,508;0,117;0,053;0,870}
gen = 0015,avg = 0,718,best = 0,736,chrom = {0,338;0,669;0,663;0,869;0,971;0,742;0,430;0,836;0,508;0,117;0,053;0,870}
gen = 0016,avg = 0,724,best = 0,736,chrom = {0,338;0,669;0,663;0,869;0,971;0,742;0,430;0,836;0,508;0,117;0,053;0,870}
gen = 0017,avg = 0,730,best = 0,736,chrom = {0,338;0,669;0,663;0,869;0,971;0,742;0,430;0,836;0,508;0,117;0,053;0,870}
gen = 0018,avg = 0,735,best = 0,744,chrom = {0,338;0,669;0,663;0,869;0,971;0,742;0,430;0,996;0,508;0,117;0,053;0,870}
gen = 0019,avg = 0,737,best = 0,744,chrom = {0,338;0,669;0,663;0,869;0,971;0,742;0,430;0,996;0,508;0,117;0,053;0,870}
gen = 0020,avg = 0,738,best = 0,744,chrom = {0,338;0,669;0,663;0,869;0,971;0,742;0,430;0,996;0,508;0,117;0,053;0,870}
gen = 0021,avg = 0,739,best = 0,744,chrom = {0,338;0,669;0,663;0,869;0,971;0,742;0,430;0,996;0,508;0,117;0,053;0,870}
gen = 0022,avg = 0,740,best = 0,744,chrom = {0,338;0,669;0,663;0,869;0,971;0,742;0,430;0,996;0,508;0,117;0,053;0,870}
gen = 0023,avg = 0,740,best = 0,744,chrom = {0,338;0,669;0,663;0,869;0,971;0,742;0,430;0,996;0,508;0,117;0,053;0,870}
gen = 0024,avg = 0,741,best = 0,744,chrom = {0,338;0,669;0,663;0,869;0,971;0,742;0,430;0,996;0,508;0,117;0,053;0,870}
gen = 0025,avg = 0,741,best = 0,744,chrom = {0,338;0,669;0,663;0,869;0,971;0,742;0,430;0,996;0,508;0,117;0,053;0,870}
gen = 0026,avg = 0,742,best = 0,744,chrom = {0,338;0,669;0,663;0,869;0,971;0,742;0,430;0,996;0,508;0,117;0,053;0,870}
gen = 0027,avg = 0,742,best = 0,744,chrom = {0,338;0,669;0,663;0,869;0,971;0,742;0,430;0,996;0,508;0,117;0,053;0,870}
gen = 0028,avg = 0,743,best = 0,744,chrom = {0,338;0,669;0,663;0,869;0,971;0,742;0,430;0,996;0,508;0,117;0,053;0,870}
gen = 0029,avg = 0,743,best = 0,744,chrom = {0,338;0,669;0,663;0,869;0,971;0,742;0,430;0,996;0,508;0,117;0,053;0,870}
gen = 0030,avg = 0,744,best = 0,744,chrom = {0,338;0,669;0,663;0,869;0,971;0,742;0,430;0,996;0,508;0,117;0,053;0,870}
gen = 0031,avg = 0,744,best = 0,744,chrom = {0,338;0,669;0,663;0,869;0,971;0,742;0,430;0,996;0,508;0,117;0,053;0,870}
gen = 0032,avg = 0,744,best = 0,744,chrom = {0,338;0,669;0,663;0,869;0,971;0,742;0,430;0,996;0,508;0,117;0,053;0,870}
gen = 0033,avg = 0,744,best = 0,744,chrom = {0,338;0,669;0,663;0,869;0,971;0,742;0,430;0,996;0,508;0,117;0,053;0,870}
gen = 0034,avg = 0,744,best = 0,744,chrom = {0,338;0,669;0,663;0,869;0,971;0,742;0,430;0,996;0,508;0,117;0,053;0,870}
gen = 0035,avg = 0,744,best = 0,744,chrom = {0,338;0,669;0,663;0,869;0,971;0,742;0,430;0,996;0,508;0,117;0,053;0,870}
gen = 0036,avg = 0,744,best = 0,744,chrom = {0,338;0,669;0,663;0,869;0,971;0,742;0,430;0,996;0,508;0,117;0,053;0,870}
gen = 0037,avg = 0,744,best = 0,744,chrom = {0,338;0,669;0,663;0,869;0,971;0,742;0,430;0,996;0,508;0,117;0,053;0,870}
gen = 0038,avg = 0,744,best = 0,744,chrom = {0,338;0,669;0,663;0,869;0,971;0,742;0,430;0,996;0,508;0,117;0,053;0,870}
gen = 0039,avg = 0,744,best = 0,744,chrom = {0,338;0,669;0,663;0,869;0,971;0,742;0,430;0,996;0,508;0,117;0,053;0,870}
gen = 0040,avg = 0,744,best = 0,744,chrom = {0,338;0,669;0,663;0,869;0,971;0,742;0,430;0,996;0,508;0,117;0,053;0,870}
gen = 0041,avg = 0,744,best = 0,744,chrom = {0,338;0,669;0,663;0,869;0,971;0,742;0,430;0,996;0,508;0,117;0,053;0,870}
gen = 0042,avg = 0,744,best = 0,744,chrom = {0,338;0,669;0,663;0,869;0,971;0,742;0,430;0,996;0,508;0,117;0,053;0,870}
gen = 0043,avg = 0,744,best = 0,744,chrom = {0,338;0,669;0,663;0,869;0,971;0,742;0,430;0,996;0,508;0,117;0,053;0,870}
gen = 0044,avg = 0,744,best = 0,744,chrom = {0,338;0,669;0,663;0,869;0,971;0,742;0,430;0,996;0,508;0,117;0,053;0,870}
gen = 0045,avg = 0,746,best = 0,752,chrom = {0,338;0,669;0,663;0,869;0,971;0,742;0,430;0,996;0,508;0,117;0,053;0,870}
gen = 0046,avg = 0,746,best = 0,752,chrom = {0,338;0,669;0,663;0,869;0,971;0,742;0,430;0,996;0,508;0,117;0,053;0,870}
gen = 0047,avg = 0,747,best = 0,752,chrom = {0,338;0,669;0,663;0,869;0,971;0,742;0,430;0,996;0,508;0,117;0,053;0,870}
gen = 0048,avg = 0,747,best = 0,752,chrom = {0,338;0,669;0,663;0,869;0,971;0,742;0,430;0,996;0,508;0,117;0,053;0,870}
gen = 0049,avg = 0,748,best = 0,752,chrom = {0,338;0,669;0,663;0,869;0,971;0,742;0,430;0,996;0,508;0,117;0,053;0,870}
gen = 0050,avg = 0,748,best = 0,752,chrom = {0,338;0,669;0,663;0,869;0,971;0,742;0,430;0,996;0,508;0,117;0,053;0,870}
Execution Time = 0964,812ms;
