gen = -001,avg = 0,009,best = 0,009,chrom = {0,362;0,274;0,154;0,482;0,289;0,598;0,084;0,558;0,515;0,126;0,661;0,823}
gen = 0000,avg = 0,152,best = 0,390,chrom = {0,804;0,488;0,020;0,850;0,460;0,781;0,935;0,319;0,546;0,624;0,953;0,060}
gen = 0001,avg = 0,304,best = 0,392,chrom = {0,804;0,488;0,691;0,850;0,460;0,781;0,935;0,319;0,336;0,624;0,953;0,060}
gen = 0002,avg = 0,372,best = 0,392,chrom = {0,804;0,488;0,691;0,850;0,460;0,781;0,935;0,319;0,336;0,624;0,953;0,060}
gen = 0003,avg = 0,391,best = 0,416,chrom = {0,071;0,985;0,604;0,306;0,743;0,468;0,286;0,550;0,950;0,644;0,508;0,991}
gen = 0004,avg = 0,410,best = 0,495,chrom = {0,548;0,915;0,302;0,825;0,014;0,754;0,530;0,550;0,950;0,644;0,508;0,991}
gen = 0005,avg = 0,444,best = 0,600,chrom = {0,071;0,985;0,604;0,306;0,743;0,468;0,361;0,550;0,950;0,547;0,508;0,991}
gen = 0006,avg = 0,489,best = 0,600,chrom = {0,071;0,985;0,604;0,306;0,743;0,468;0,361;0,550;0,950;0,547;0,508;0,991}
gen = 0007,avg = 0,542,best = 0,600,chrom = {0,071;0,985;0,604;0,306;0,743;0,468;0,361;0,550;0,950;0,547;0,508;0,991}
gen = 0008,avg = 0,560,best = 0,611,chrom = {0,071;0,985;0,604;0,644;0,743;0,468;0,361;0,699;0,950;0,547;0,508;0,991}
gen = 0009,avg = 0,597,best = 0,672,chrom = {0,548;0,915;0,302;0,598;0,014;0,754;0,530;0,550;0,950;0,644;0,508;0,991}
gen = 0010,avg = 0,621,best = 0,674,chrom = {0,071;0,985;0,604;0,306;0,743;0,468;0,361;0,550;0,950;0,547;0,508;0,991}
gen = 0011,avg = 0,635,best = 0,674,chrom = {0,071;0,985;0,604;0,108;0,674;0,468;0,344;0,550;0,950;0,547;0,508;0,991}
gen = 0012,avg = 0,648,best = 0,694,chrom = {0,071;0,915;0,302;0,598;0,014;0,754;0,530;0,550;0,950;0,644;0,508;0,991}
gen = 0013,avg = 0,663,best = 0,694,chrom = {0,071;0,915;0,302;0,598;0,014;0,754;0,530;0,550;0,950;0,644;0,508;0,991}
gen = 0014,avg = 0,671,best = 0,694,chrom = {0,071;0,915;0,302;0,598;0,014;0,754;0,530;0,550;0,950;0,644;0,508;0,991}
gen = 0015,avg = 0,677,best = 0,694,chrom = {0,071;0,915;0,302;0,598;0,014;0,754;0,530;0,550;0,950;0,644;0,508;0,991}
gen = 0016,avg = 0,681,best = 0,694,chrom = {0,071;0,915;0,302;0,598;0,014;0,754;0,530;0,550;0,950;0,644;0,508;0,991}
gen = 0017,avg = 0,683,best = 0,694,chrom = {0,071;0,915;0,302;0,598;0,014;0,754;0,530;0,550;0,950;0,644;0,508;0,991}
gen = 0018,avg = 0,685,best = 0,694,chrom = {0,071;0,915;0,302;0,598;0,014;0,754;0,530;0,550;0,950;0,644;0,508;0,991}
gen = 0019,avg = 0,686,best = 0,694,chrom = {0,071;0,915;0,302;0,598;0,014;0,754;0,530;0,550;0,950;0,644;0,508;0,991}
gen = 0020,avg = 0,688,best = 0,694,chrom = {0,071;0,915;0,302;0,598;0,014;0,754;0,530;0,550;0,950;0,644;0,508;0,991}
gen = 0021,avg = 0,689,best = 0,694,chrom = {0,071;0,915;0,302;0,598;0,014;0,754;0,530;0,550;0,950;0,644;0,508;0,991}
gen = 0022,avg = 0,690,best = 0,694,chrom = {0,071;0,915;0,302;0,598;0,014;0,754;0,530;0,550;0,950;0,644;0,508;0,991}
gen = 0023,avg = 0,702,best = 0,758,chrom = {0,071;0,915;0,302;0,598;0,014;0,754;0,530;0,550;0,950;0,644;0,508;0,991}
gen = 0024,avg = 0,707,best = 0,758,chrom = {0,071;0,915;0,302;0,598;0,014;0,754;0,530;0,550;0,950;0,644;0,508;0,991}
gen = 0025,avg = 0,711,best = 0,758,chrom = {0,071;0,915;0,302;0,598;0,014;0,754;0,530;0,550;0,950;0,644;0,508;0,991}
gen = 0026,avg = 0,715,best = 0,758,chrom = {0,071;0,915;0,302;0,598;0,014;0,754;0,530;0,550;0,950;0,644;0,508;0,991}
gen = 0027,avg = 0,720,best = 0,758,chrom = {0,071;0,915;0,302;0,598;0,014;0,754;0,530;0,550;0,950;0,644;0,508;0,991}
gen = 0028,avg = 0,724,best = 0,758,chrom = {0,071;0,915;0,302;0,598;0,014;0,754;0,530;0,550;0,950;0,644;0,508;0,991}
gen = 0029,avg = 0,732,best = 0,758,chrom = {0,071;0,915;0,302;0,598;0,014;0,754;0,530;0,550;0,950;0,644;0,508;0,991}
gen = 0030,avg = 0,736,best = 0,758,chrom = {0,071;0,915;0,302;0,598;0,014;0,754;0,530;0,550;0,950;0,644;0,508;0,991}
gen = 0031,avg = 0,740,best = 0,758,chrom = {0,071;0,915;0,302;0,598;0,014;0,754;0,530;0,550;0,950;0,644;0,508;0,991}
gen = 0032,avg = 0,745,best = 0,758,chrom = {0,071;0,915;0,302;0,598;0,014;0,754;0,530;0,550;0,950;0,644;0,508;0,991}
gen = 0033,avg = 0,749,best = 0,758,chrom = {0,071;0,915;0,302;0,598;0,014;0,754;0,530;0,550;0,950;0,644;0,508;0,991}
gen = 0034,avg = 0,755,best = 0,758,chrom = {0,071;0,915;0,302;0,598;0,014;0,754;0,530;0,550;0,950;0,644;0,508;0,991}
gen = 0035,avg = 0,757,best = 0,758,chrom = {0,071;0,915;0,302;0,598;0,014;0,754;0,530;0,550;0,950;0,644;0,508;0,991}
gen = 0036,avg = 0,758,best = 0,758,chrom = {0,071;0,915;0,302;0,598;0,014;0,754;0,530;0,550;0,950;0,644;0,508;0,991}
gen = 0037,avg = 0,758,best = 0,758,chrom = {0,071;0,915;0,302;0,598;0,014;0,754;0,530;0,550;0,950;0,644;0,508;0,991}
gen = 0038,avg = 0,758,best = 0,758,chrom = {0,071;0,915;0,302;0,598;0,014;0,754;0,530;0,550;0,950;0,644;0,508;0,991}
gen = 0039,avg = 0,758,best = 0,758,chrom = {0,071;0,915;0,302;0,598;0,014;0,754;0,530;0,550;0,950;0,644;0,508;0,991}
gen = 0040,avg = 0,758,best = 0,758,chrom = {0,071;0,915;0,302;0,598;0,014;0,754;0,530;0,550;0,950;0,644;0,508;0,991}
gen = 0041,avg = 0,758,best = 0,758,chrom = {0,071;0,915;0,302;0,598;0,014;0,754;0,530;0,550;0,950;0,644;0,508;0,991}
gen = 0042,avg = 0,758,best = 0,758,chrom = {0,071;0,915;0,302;0,598;0,014;0,754;0,530;0,550;0,950;0,644;0,508;0,991}
gen = 0043,avg = 0,758,best = 0,758,chrom = {0,071;0,915;0,302;0,598;0,014;0,754;0,530;0,550;0,950;0,644;0,508;0,991}
gen = 0044,avg = 0,758,best = 0,758,chrom = {0,071;0,915;0,302;0,598;0,014;0,754;0,530;0,550;0,950;0,644;0,508;0,991}
gen = 0045,avg = 0,760,best = 0,771,chrom = {0,071;0,915;0,302;0,598;0,014;0,754;0,530;0,550;0,950;0,644;0,508;0,991}
gen = 0046,avg = 0,761,best = 0,771,chrom = {0,071;0,915;0,302;0,598;0,014;0,754;0,530;0,550;0,950;0,644;0,508;0,991}
gen = 0047,avg = 0,762,best = 0,771,chrom = {0,071;0,915;0,302;0,598;0,014;0,754;0,530;0,550;0,950;0,644;0,508;0,991}
gen = 0048,avg = 0,763,best = 0,771,chrom = {0,071;0,915;0,302;0,598;0,014;0,754;0,530;0,550;0,950;0,644;0,508;0,991}
gen = 0049,avg = 0,763,best = 0,771,chrom = {0,071;0,915;0,302;0,598;0,014;0,754;0,530;0,550;0,950;0,644;0,508;0,991}
gen = 0050,avg = 0,764,best = 0,771,chrom = {0,071;0,915;0,302;0,598;0,014;0,754;0,530;0,550;0,950;0,644;0,508;0,991}
Execution Time = 0878,108ms;
