gen = -001,avg = 0,080,best = 0,080,chrom = {0,716;0,464;0,818;0,825;0,364;0,433;0,301;0,316;0,515;0,148;0,104;0,541}
gen = 0000,avg = 0,160,best = 0,342,chrom = {0,414;0,949;0,835;0,762;0,870;0,615;0,519;0,559;0,269;0,801;0,783;0,510}
gen = 0001,avg = 0,291,best = 0,342,chrom = {0,756;0,639;0,835;0,762;0,870;0,615;0,519;0,559;0,269;0,801;0,783;0,510}
gen = 0002,avg = 0,320,best = 0,342,chrom = {0,756;0,639;0,835;0,762;0,870;0,615;0,519;0,559;0,269;0,801;0,783;0,510}
gen = 0003,avg = 0,348,best = 0,385,chrom = {0,631;0,040;0,426;0,370;0,054;0,983;0,836;0,559;0,269;0,801;0,783;0,522}
gen = 0004,avg = 0,358,best = 0,385,chrom = {0,631;0,040;0,426;0,370;0,054;0,983;0,836;0,559;0,269;0,801;0,783;0,522}
gen = 0005,avg = 0,367,best = 0,385,chrom = {0,896;0,371;0,867;0,333;0,887;0,988;0,507;0,415;0,687;0,587;0,214;0,557}
gen = 0006,avg = 0,382,best = 0,394,chrom = {0,631;0,917;0,291;0,370;0,054;0,983;0,836;0,559;0,269;0,801;0,783;0,522}
gen = 0007,avg = 0,388,best = 0,396,chrom = {0,631;0,371;0,867;0,333;0,630;0,988;0,507;0,415;0,687;0,587;0,214;0,557}
gen = 0008,avg = 0,390,best = 0,396,chrom = {0,631;0,371;0,867;0,333;0,630;0,988;0,507;0,415;0,687;0,587;0,214;0,557}
gen = 0009,avg = 0,392,best = 0,397,chrom = {0,631;0,371;0,867;0,333;0,630;0,988;0,507;0,415;0,687;0,587;0,214;0,522}
gen = 0010,avg = 0,394,best = 0,397,chrom = {0,631;0,371;0,867;0,333;0,630;0,988;0,507;0,415;0,687;0,587;0,214;0,522}
gen = 0011,avg = 0,395,best = 0,397,chrom = {0,631;0,371;0,867;0,333;0,630;0,988;0,507;0,415;0,687;0,587;0,214;0,522}
gen = 0012,avg = 0,395,best = 0,397,chrom = {0,631;0,371;0,867;0,333;0,630;0,988;0,507;0,415;0,687;0,587;0,214;0,522}
gen = 0013,avg = 0,396,best = 0,397,chrom = {0,631;0,371;0,127;0,333;0,630;0,988;0,843;0,415;0,687;0,587;0,214;0,557}
gen = 0014,avg = 0,396,best = 0,397,chrom = {0,631;0,371;0,127;0,333;0,630;0,988;0,843;0,415;0,687;0,587;0,214;0,557}
gen = 0015,avg = 0,396,best = 0,397,chrom = {0,631;0,371;0,867;0,333;0,630;0,988;0,922;0,415;0,687;0,587;0,214;0,557}
gen = 0016,avg = 0,397,best = 0,397,chrom = {0,631;0,371;0,867;0,333;0,630;0,988;0,922;0,415;0,687;0,587;0,214;0,557}
gen = 0017,avg = 0,397,best = 0,397,chrom = {0,631;0,371;0,867;0,333;0,630;0,988;0,922;0,415;0,687;0,587;0,214;0,557}
gen = 0018,avg = 0,397,best = 0,397,chrom = {0,631;0,371;0,867;0,333;0,630;0,988;0,922;0,415;0,687;0,587;0,214;0,557}
gen = 0019,avg = 0,397,best = 0,397,chrom = {0,631;0,371;0,867;0,333;0,630;0,988;0,922;0,415;0,687;0,587;0,214;0,557}
gen = 0020,avg = 0,397,best = 0,397,chrom = {0,631;0,371;0,867;0,333;0,630;0,988;0,922;0,415;0,687;0,587;0,214;0,557}
gen = 0021,avg = 0,397,best = 0,398,chrom = {0,631;0,371;0,867;0,333;0,630;0,988;0,922;0,415;0,687;0,587;0,214;0,557}
gen = 0022,avg = 0,397,best = 0,398,chrom = {0,631;0,371;0,867;0,333;0,630;0,988;0,922;0,415;0,687;0,587;0,214;0,557}
gen = 0023,avg = 0,397,best = 0,398,chrom = {0,631;0,371;0,867;0,333;0,630;0,988;0,922;0,415;0,687;0,587;0,214;0,557}
gen = 0024,avg = 0,398,best = 0,399,chrom = {0,631;0,371;0,867;0,333;0,630;0,988;0,922;0,415;0,687;0,587;0,214;0,557}
gen = 0025,avg = 0,398,best = 0,399,chrom = {0,631;0,371;0,867;0,333;0,630;0,988;0,922;0,415;0,687;0,587;0,214;0,557}
gen = 0026,avg = 0,398,best = 0,399,chrom = {0,631;0,371;0,867;0,333;0,630;0,988;0,922;0,415;0,687;0,587;0,214;0,557}
gen = 0027,avg = 0,398,best = 0,399,chrom = {0,631;0,371;0,867;0,333;0,630;0,988;0,922;0,415;0,687;0,587;0,214;0,557}
gen = 0028,avg = 0,398,best = 0,399,chrom = {0,631;0,371;0,867;0,333;0,630;0,988;0,922;0,415;0,687;0,587;0,214;0,557}
gen = 0029,avg = 0,398,best = 0,399,chrom = {0,631;0,371;0,867;0,333;0,630;0,988;0,922;0,415;0,687;0,587;0,214;0,557}
gen = 0030,avg = 0,399,best = 0,399,chrom = {0,631;0,371;0,867;0,333;0,630;0,988;0,922;0,415;0,687;0,587;0,214;0,557}
gen = 0031,avg = 0,399,best = 0,399,chrom = {0,631;0,371;0,867;0,333;0,630;0,988;0,922;0,415;0,687;0,587;0,214;0,557}
gen = 0032,avg = 0,399,best = 0,399,chrom = {0,631;0,371;0,867;0,333;0,630;0,988;0,922;0,415;0,687;0,587;0,214;0,557}
gen = 0033,avg = 0,399,best = 0,399,chrom = {0,631;0,371;0,867;0,333;0,630;0,988;0,922;0,415;0,687;0,587;0,214;0,557}
gen = 0034,avg = 0,399,best = 0,399,chrom = {0,631;0,371;0,867;0,333;0,630;0,988;0,922;0,415;0,687;0,587;0,214;0,557}
gen = 0035,avg = 0,399,best = 0,399,chrom = {0,631;0,371;0,867;0,333;0,630;0,988;0,922;0,415;0,687;0,587;0,214;0,557}
gen = 0036,avg = 0,399,best = 0,399,chrom = {0,631;0,371;0,867;0,333;0,630;0,988;0,922;0,415;0,687;0,587;0,214;0,557}
gen = 0037,avg = 0,407,best = 0,462,chrom = {0,631;0,887;0,867;0,333;0,630;0,988;0,209;0,628;0,687;0,587;0,214;0,557}
gen = 0038,avg = 0,439,best = 0,543,chrom = {0,631;0,887;0,867;0,333;0,630;0,988;0,209;0,628;0,687;0,587;0,214;0,557}
gen = 0039,avg = 0,471,best = 0,543,chrom = {0,631;0,887;0,867;0,333;0,630;0,988;0,209;0,628;0,687;0,587;0,214;0,557}
gen = 0040,avg = 0,521,best = 0,592,chrom = {0,631;0,887;0,867;0,333;0,630;0,988;0,209;0,628;0,687;0,587;0,214;0,557}
gen = 0041,avg = 0,570,best = 0,674,chrom = {0,631;0,887;0,867;0,333;0,630;0,988;0,209;0,628;0,687;0,587;0,214;0,557}
gen = 0042,avg = 0,597,best = 0,674,chrom = {0,631;0,887;0,867;0,333;0,630;0,988;0,209;0,628;0,687;0,587;0,214;0,557}
gen = 0043,avg = 0,613,best = 0,674,chrom = {0,631;0,887;0,867;0,333;0,630;0,988;0,209;0,628;0,687;0,587;0,214;0,557}
gen = 0044,avg = 0,628,best = 0,674,chrom = {0,631;0,887;0,867;0,333;0,630;0,988;0,209;0,628;0,687;0,587;0,214;0,557}
gen = 0045,avg = 0,640,best = 0,674,chrom = {0,631;0,887;0,867;0,333;0,630;0,988;0,209;0,628;0,687;0,587;0,214;0,557}
gen = 0046,avg = 0,651,best = 0,679,chrom = {0,631;0,887;0,867;0,333;0,630;0,988;0,209;0,628;0,406;0,353;0,214;0,557}
gen = 0047,avg = 0,657,best = 0,679,chrom = {0,631;0,887;0,867;0,333;0,630;0,988;0,209;0,628;0,406;0,353;0,214;0,557}
gen = 0048,avg = 0,662,best = 0,679,chrom = {0,631;0,887;0,867;0,333;0,630;0,988;0,209;0,628;0,406;0,353;0,214;0,557}
gen = 0049,avg = 0,705,best = 0,772,chrom = {0,143;0,887;0,867;0,333;0,630;0,988;0,209;0,628;0,406;0,353;0,214;0,557}
gen = 0050,avg = 0,736,best = 0,786,chrom = {0,631;0,887;0,867;0,333;0,630;0,988;0,209;0,628;0,406;0,353;0,214;0,557}
Execution Time = 0958,298ms;
