gen = -001,avg = 0,342,best = 0,342,chrom = {0,347;0,360;0,790;0,212;0,594;0,698;0,866;0,596;0,354;0,337;0,623;0,780}
gen = 0000,avg = 0,144,best = 0,451,chrom = {0,251;0,779;0,958;0,994;0,364;0,119;0,569;0,970;0,982;0,342;0,767;0,820}
gen = 0001,avg = 0,280,best = 0,451,chrom = {0,251;0,779;0,958;0,994;0,364;0,119;0,569;0,970;0,982;0,342;0,767;0,820}
gen = 0002,avg = 0,429,best = 0,639,chrom = {0,251;0,329;0,743;0,479;0,047;0,620;0,338;0,035;0,122;0,376;0,993;0,703}
gen = 0003,avg = 0,492,best = 0,639,chrom = {0,251;0,329;0,743;0,479;0,047;0,620;0,338;0,035;0,122;0,376;0,993;0,703}
gen = 0004,avg = 0,558,best = 0,639,chrom = {0,251;0,329;0,743;0,479;0,047;0,620;0,338;0,035;0,122;0,376;0,993;0,703}
gen = 0005,avg = 0,623,best = 0,735,chrom = {0,251;0,329;0,743;0,994;0,364;0,119;0,569;0,970;0,982;0,342;0,767;0,820}
gen = 0006,avg = 0,652,best = 0,735,chrom = {0,251;0,329;0,743;0,994;0,364;0,119;0,569;0,970;0,982;0,342;0,767;0,820}
gen = 0007,avg = 0,663,best = 0,735,chrom = {0,251;0,329;0,743;0,994;0,364;0,119;0,569;0,970;0,982;0,342;0,767;0,820}
gen = 0008,avg = 0,672,best = 0,735,chrom = {0,251;0,329;0,743;0,994;0,364;0,119;0,569;0,970;0,982;0,342;0,767;0,820}
gen = 0009,avg = 0,679,best = 0,735,chrom = {0,251;0,329;0,743;0,994;0,364;0,119;0,569;0,970;0,982;0,342;0,767;0,820}
gen = 0010,avg = 0,689,best = 0,735,chrom = {0,251;0,329;0,743;0,994;0,364;0,119;0,569;0,970;0,982;0,342;0,767;0,820}
gen = 0011,avg = 0,696,best = 0,735,chrom = {0,251;0,329;0,743;0,994;0,364;0,119;0,569;0,970;0,982;0,342;0,767;0,820}
gen = 0012,avg = 0,707,best = 0,735,chrom = {0,251;0,329;0,743;0,994;0,364;0,119;0,569;0,970;0,982;0,342;0,767;0,820}
gen = 0013,avg = 0,713,best = 0,735,chrom = {0,251;0,329;0,743;0,994;0,364;0,119;0,569;0,970;0,982;0,342;0,767;0,820}
gen = 0014,avg = 0,721,best = 0,735,chrom = {0,251;0,329;0,743;0,994;0,364;0,119;0,569;0,970;0,982;0,342;0,767;0,820}
gen = 0015,avg = 0,726,best = 0,735,chrom = {0,251;0,329;0,743;0,994;0,364;0,119;0,569;0,970;0,982;0,342;0,767;0,820}
gen = 0016,avg = 0,731,best = 0,735,chrom = {0,251;0,329;0,743;0,994;0,364;0,119;0,569;0,970;0,982;0,342;0,767;0,820}
gen = 0017,avg = 0,733,best = 0,735,chrom = {0,251;0,329;0,743;0,994;0,364;0,119;0,569;0,970;0,982;0,342;0,767;0,820}
gen = 0018,avg = 0,735,best = 0,735,chrom = {0,251;0,329;0,743;0,994;0,364;0,119;0,569;0,970;0,982;0,342;0,767;0,820}
gen = 0019,avg = 0,735,best = 0,735,chrom = {0,251;0,329;0,743;0,994;0,364;0,119;0,569;0,970;0,982;0,342;0,767;0,820}
gen = 0020,avg = 0,735,best = 0,735,chrom = {0,251;0,329;0,743;0,994;0,364;0,119;0,569;0,970;0,982;0,342;0,767;0,820}
gen = 0021,avg = 0,735,best = 0,735,chrom = {0,251;0,329;0,743;0,994;0,364;0,119;0,569;0,970;0,982;0,342;0,767;0,820}
gen = 0022,avg = 0,735,best = 0,735,chrom = {0,251;0,329;0,743;0,994;0,364;0,119;0,569;0,970;0,982;0,342;0,767;0,820}
gen = 0023,avg = 0,735,best = 0,735,chrom = {0,251;0,329;0,743;0,994;0,364;0,119;0,569;0,970;0,982;0,342;0,767;0,820}
gen = 0024,avg = 0,735,best = 0,735,chrom = {0,251;0,329;0,743;0,994;0,364;0,119;0,569;0,970;0,982;0,342;0,767;0,820}
gen = 0025,avg = 0,735,best = 0,735,chrom = {0,251;0,329;0,743;0,994;0,364;0,119;0,569;0,970;0,982;0,342;0,767;0,820}
gen = 0026,avg = 0,735,best = 0,735,chrom = {0,251;0,329;0,743;0,994;0,364;0,119;0,569;0,970;0,982;0,342;0,767;0,820}
gen = 0027,avg = 0,735,best = 0,735,chrom = {0,251;0,329;0,743;0,994;0,364;0,119;0,569;0,970;0,982;0,342;0,767;0,820}
gen = 0028,avg = 0,735,best = 0,735,chrom = {0,251;0,329;0,743;0,994;0,364;0,119;0,569;0,970;0,982;0,342;0,767;0,820}
gen = 0029,avg = 0,735,best = 0,735,chrom = {0,251;0,329;0,743;0,994;0,364;0,119;0,569;0,970;0,982;0,342;0,767;0,820}
gen = 0030,avg = 0,735,best = 0,735,chrom = {0,251;0,329;0,743;0,994;0,364;0,119;0,569;0,970;0,982;0,342;0,767;0,820}
gen = 0031,avg = 0,735,best = 0,735,chrom = {0,251;0,329;0,743;0,994;0,364;0,119;0,569;0,970;0,982;0,342;0,767;0,820}
gen = 0032,avg = 0,735,best = 0,735,chrom = {0,251;0,329;0,743;0,994;0,364;0,119;0,569;0,970;0,982;0,342;0,767;0,820}
gen = 0033,avg = 0,735,best = 0,735,chrom = {0,251;0,329;0,743;0,994;0,364;0,119;0,569;0,970;0,982;0,342;0,767;0,820}
gen = 0034,avg = 0,735,best = 0,735,chrom = {0,251;0,329;0,743;0,994;0,364;0,119;0,569;0,970;0,982;0,342;0,767;0,820}
gen = 0035,avg = 0,735,best = 0,735,chrom = {0,251;0,329;0,743;0,994;0,364;0,119;0,569;0,970;0,982;0,342;0,767;0,820}
gen = 0036,avg = 0,735,best = 0,735,chrom = {0,251;0,329;0,743;0,994;0,364;0,119;0,569;0,970;0,982;0,342;0,767;0,820}
gen = 0037,avg = 0,735,best = 0,735,chrom = {0,251;0,329;0,743;0,994;0,364;0,119;0,569;0,970;0,982;0,342;0,767;0,820}
gen = 0038,avg = 0,735,best = 0,735,chrom = {0,251;0,329;0,743;0,994;0,364;0,119;0,569;0,970;0,982;0,342;0,767;0,820}
gen = 0039,avg = 0,735,best = 0,735,chrom = {0,251;0,329;0,743;0,994;0,364;0,119;0,569;0,970;0,982;0,342;0,767;0,820}
gen = 0040,avg = 0,735,best = 0,735,chrom = {0,251;0,329;0,743;0,994;0,364;0,119;0,569;0,970;0,982;0,342;0,767;0,820}
gen = 0041,avg = 0,735,best = 0,735,chrom = {0,251;0,329;0,743;0,994;0,364;0,119;0,569;0,970;0,982;0,342;0,767;0,820}
gen = 0042,avg = 0,735,best = 0,735,chrom = {0,251;0,329;0,743;0,994;0,364;0,119;0,569;0,970;0,982;0,342;0,767;0,820}
gen = 0043,avg = 0,735,best = 0,735,chrom = {0,251;0,329;0,743;0,994;0,364;0,119;0,569;0,970;0,982;0,342;0,767;0,820}
gen = 0044,avg = 0,735,best = 0,735,chrom = {0,251;0,329;0,743;0,994;0,364;0,119;0,569;0,970;0,982;0,342;0,767;0,820}
gen = 0045,avg = 0,735,best = 0,735,chrom = {0,251;0,329;0,743;0,994;0,364;0,119;0,569;0,970;0,982;0,342;0,767;0,820}
gen = 0046,avg = 0,735,best = 0,735,chrom = {0,251;0,329;0,743;0,994;0,364;0,119;0,569;0,970;0,982;0,342;0,767;0,820}
gen = 0047,avg = 0,735,best = 0,735,chrom = {0,251;0,329;0,743;0,994;0,364;0,119;0,569;0,970;0,982;0,342;0,767;0,820}
gen = 0048,avg = 0,735,best = 0,735,chrom = {0,251;0,329;0,743;0,994;0,364;0,119;0,569;0,970;0,982;0,342;0,767;0,820}
gen = 0049,avg = 0,735,best = 0,735,chrom = {0,251;0,329;0,743;0,994;0,364;0,119;0,569;0,970;0,982;0,342;0,767;0,820}
gen = 0050,avg = 0,735,best = 0,735,chrom = {0,251;0,329;0,743;0,994;0,364;0,119;0,569;0,970;0,982;0,342;0,767;0,820}
Execution Time = 0731,642ms;
