gen = -001,avg = 0,373,best = 0,373,chrom = {0,771;0,048;0,914;0,105;0,613;0,337;0,044;0,585;0,191;0,043;0,166;0,241;0,815;0,580;0,671;0,233;0,425;0,633;0,599;0,116;0,703;0,517;0,329;0,654;0,798;0,611;0,863;0,240;0,962;0,129;0,365;0,767;0,637;0,600;0,115;0,874}
gen = 0000,avg = 0,247,best = 0,639,chrom = {0,465;0,186;0,766;0,852;0,825;0,062;0,869;0,956;0,163;0,087;0,211;0,481;0,132;0,905;0,849;0,939;0,622;0,454;0,774;0,910;0,148;0,095;0,026;0,383;0,701;0,848;0,944;0,023;0,895;0,476;0,982;0,303;0,743;0,202;0,784;0,956}
gen = 0001,avg = 0,499,best = 0,653,chrom = {0,771;0,048;0,914;0,105;0,613;0,337;0,044;0,585;0,191;0,194;0,166;0,241;0,815;0,580;0,671;0,233;0,425;0,633;0,599;0,116;0,703;0,517;0,329;0,654;0,579;0,611;0,863;0,240;0,962;0,129;0,365;0,767;0,637;0,600;0,115;0,874}
gen = 0002,avg = 0,612,best = 0,708,chrom = {0,623;0,622;0,904;0,158;0,795;0,615;0,975;0,857;0,458;0,567;0,032;0,301;0,848;0,988;0,496;0,211;0,457;0,609;0,147;0,064;0,807;0,885;0,243;0,909;0,116;0,182;0,319;0,779;0,612;0,744;0,621;0,649;0,649;0,199;0,726;0,639}
gen = 0003,avg = 0,666,best = 0,708,chrom = {0,623;0,622;0,904;0,158;0,795;0,615;0,975;0,857;0,458;0,567;0,032;0,301;0,848;0,988;0,496;0,211;0,457;0,609;0,147;0,064;0,807;0,885;0,243;0,909;0,116;0,182;0,319;0,779;0,612;0,744;0,621;0,649;0,649;0,199;0,726;0,639}
gen = 0004,avg = 0,672,best = 0,708,chrom = {0,623;0,622;0,904;0,158;0,795;0,615;0,975;0,857;0,458;0,567;0,032;0,301;0,848;0,988;0,496;0,211;0,457;0,609;0,147;0,064;0,807;0,885;0,243;0,909;0,116;0,182;0,319;0,779;0,612;0,744;0,621;0,649;0,649;0,199;0,726;0,639}
gen = 0005,avg = 0,685,best = 0,708,chrom = {0,623;0,622;0,904;0,158;0,795;0,615;0,975;0,857;0,458;0,567;0,032;0,301;0,848;0,988;0,496;0,211;0,457;0,609;0,147;0,064;0,807;0,885;0,243;0,909;0,116;0,182;0,319;0,779;0,612;0,744;0,621;0,649;0,649;0,199;0,726;0,639}
gen = 0006,avg = 0,695,best = 0,708,chrom = {0,623;0,622;0,904;0,158;0,795;0,615;0,975;0,857;0,458;0,567;0,032;0,301;0,848;0,988;0,496;0,211;0,457;0,609;0,147;0,064;0,807;0,885;0,243;0,909;0,116;0,182;0,319;0,779;0,612;0,744;0,621;0,649;0,649;0,199;0,726;0,639}
gen = 0007,avg = 0,700,best = 0,708,chrom = {0,623;0,622;0,904;0,158;0,795;0,615;0,975;0,857;0,458;0,567;0,032;0,301;0,848;0,988;0,496;0,211;0,457;0,609;0,147;0,064;0,807;0,885;0,243;0,909;0,116;0,182;0,319;0,779;0,612;0,744;0,621;0,649;0,649;0,199;0,726;0,639}
gen = 0008,avg = 0,708,best = 0,736,chrom = {0,623;0,622;0,904;0,158;0,795;0,615;0,975;0,857;0,458;0,567;0,032;0,301;0,848;0,988;0,496;0,211;0,457;0,609;0,147;0,064;0,807;0,885;0,243;0,594;0,116;0,182;0,319;0,779;0,612;0,744;0,621;0,692;0,508;0,199;0,726;0,363}
gen = 0009,avg = 0,713,best = 0,736,chrom = {0,623;0,622;0,904;0,158;0,795;0,615;0,975;0,857;0,458;0,567;0,032;0,301;0,848;0,988;0,496;0,211;0,457;0,609;0,147;0,064;0,807;0,885;0,243;0,594;0,116;0,182;0,319;0,779;0,612;0,744;0,621;0,692;0,508;0,199;0,726;0,363}
gen = 0010,avg = 0,717,best = 0,736,chrom = {0,623;0,622;0,904;0,158;0,795;0,615;0,975;0,857;0,458;0,567;0,032;0,301;0,848;0,988;0,496;0,211;0,457;0,609;0,147;0,064;0,807;0,885;0,243;0,594;0,116;0,182;0,319;0,779;0,612;0,744;0,621;0,692;0,508;0,199;0,726;0,363}
gen = 0011,avg = 0,722,best = 0,736,chrom = {0,623;0,622;0,904;0,158;0,795;0,615;0,975;0,857;0,458;0,567;0,032;0,301;0,848;0,988;0,496;0,211;0,457;0,609;0,147;0,064;0,807;0,885;0,243;0,594;0,116;0,182;0,319;0,779;0,612;0,744;0,621;0,692;0,508;0,199;0,726;0,363}
gen = 0012,avg = 0,729,best = 0,738,chrom = {0,623;0,622;0,904;0,158;0,795;0,615;0,975;0,857;0,458;0,567;0,032;0,301;0,848;0,988;0,496;0,211;0,457;0,609;0,147;0,064;0,807;0,885;0,243;0,594;0,116;0,182;0,319;0,779;0,612;0,744;0,621;0,692;0,508;0,199;0,726;0,639}
gen = 0013,avg = 0,732,best = 0,738,chrom = {0,623;0,622;0,904;0,158;0,795;0,615;0,975;0,857;0,458;0,567;0,032;0,301;0,848;0,988;0,496;0,211;0,457;0,609;0,147;0,064;0,807;0,885;0,243;0,594;0,116;0,182;0,319;0,779;0,612;0,744;0,621;0,692;0,508;0,199;0,726;0,639}
gen = 0014,avg = 0,735,best = 0,744,chrom = {0,623;0,622;0,904;0,158;0,795;0,615;0,975;0,857;0,458;0,567;0,032;0,301;0,848;0,988;0,496;0,211;0,457;0,609;0,147;0,064;0,807;0,885;0,243;0,594;0,116;0,182;0,319;0,779;0,612;0,744;0,621;0,692;0,508;0,199;0,726;0,363}
gen = 0015,avg = 0,740,best = 0,756,chrom = {0,623;0,622;0,904;0,158;0,795;0,615;0,975;0,857;0,458;0,567;0,032;0,301;0,848;0,988;0,496;0,211;0,457;0,609;0,147;0,064;0,807;0,885;0,243;0,594;0,116;0,182;0,319;0,779;0,612;0,744;0,621;0,692;0,508;0,199;0,726;0,363}
gen = 0016,avg = 0,741,best = 0,756,chrom = {0,623;0,622;0,904;0,158;0,795;0,615;0,975;0,857;0,458;0,567;0,032;0,301;0,848;0,988;0,496;0,211;0,457;0,609;0,147;0,064;0,807;0,885;0,243;0,594;0,116;0,182;0,319;0,779;0,612;0,744;0,621;0,692;0,508;0,199;0,726;0,363}
gen = 0017,avg = 0,743,best = 0,756,chrom = {0,623;0,622;0,904;0,158;0,795;0,615;0,975;0,857;0,458;0,567;0,032;0,301;0,848;0,988;0,496;0,211;0,457;0,609;0,147;0,064;0,807;0,885;0,243;0,594;0,116;0,182;0,319;0,779;0,612;0,744;0,621;0,692;0,508;0,199;0,726;0,363}
gen = 0018,avg = 0,753,best = 0,811,chrom = {0,623;0,622;0,904;0,611;0,795;0,615;0,975;0,857;0,458;0,567;0,032;0,914;0,848;0,988;0,496;0,211;0,457;0,609;0,147;0,064;0,807;0,885;0,027;0,594;0,116;0,182;0,319;0,779;0,612;0,234;0,699;0,692;0,508;0,199;0,726;0,639}
gen = 0019,avg = 0,797,best = 1,032,chrom = {0,623;0,622;0,026;0,611;0,795;0,962;0,975;0,857;0,139;0,567;0,032;0,914;0,848;0,357;0,496;0,211;0,457;0,609;0,147;0,064;0,807;0,885;0,027;0,594;0,116;0,182;0,319;0,779;0,612;0,234;0,699;0,692;0,508;0,199;0,726;0,639}
gen = 0020,avg = 0,835,best = 1,032,chrom = {0,623;0,622;0,026;0,611;0,795;0,962;0,975;0,857;0,139;0,567;0,032;0,914;0,848;0,357;0,496;0,211;0,457;0,609;0,147;0,064;0,807;0,885;0,027;0,594;0,116;0,182;0,319;0,779;0,612;0,234;0,699;0,692;0,508;0,199;0,726;0,639}
gen = 0021,avg = 0,889,best = 1,032,chrom = {0,623;0,622;0,026;0,611;0,795;0,962;0,975;0,857;0,139;0,567;0,032;0,914;0,848;0,357;0,496;0,211;0,457;0,609;0,147;0,064;0,807;0,885;0,027;0,594;0,116;0,182;0,319;0,779;0,612;0,234;0,699;0,692;0,508;0,199;0,726;0,639}
gen = 0022,avg = 0,956,best = 1,032,chrom = {0,623;0,622;0,026;0,611;0,795;0,962;0,975;0,857;0,139;0,567;0,032;0,914;0,848;0,357;0,496;0,211;0,457;0,609;0,147;0,064;0,807;0,885;0,027;0,594;0,116;0,182;0,319;0,779;0,612;0,234;0,699;0,692;0,508;0,199;0,726;0,639}
gen = 0023,avg = 0,975,best = 1,032,chrom = {0,623;0,622;0,026;0,611;0,795;0,962;0,975;0,857;0,139;0,567;0,032;0,914;0,848;0,357;0,496;0,211;0,457;0,609;0,147;0,064;0,807;0,885;0,027;0,594;0,116;0,182;0,319;0,779;0,612;0,234;0,699;0,692;0,508;0,199;0,726;0,639}
gen = 0024,avg = 1,005,best = 1,107,chrom = {0,623;0,622;0,904;0,158;0,795;0,962;0,975;0,857;0,139;0,567;0,032;0,914;0,848;0,357;0,496;0,620;0,457;0,609;0,147;0,064;0,807;0,885;0,027;0,594;0,116;0,182;0,319;0,779;0,612;0,234;0,699;0,692;0,508;0,199;0,726;0,639}
gen = 0025,avg = 1,017,best = 1,107,chrom = {0,623;0,622;0,904;0,158;0,795;0,962;0,975;0,857;0,139;0,567;0,032;0,914;0,848;0,357;0,496;0,620;0,457;0,609;0,147;0,064;0,807;0,885;0,027;0,594;0,116;0,182;0,319;0,779;0,612;0,234;0,699;0,692;0,508;0,199;0,726;0,639}
gen = 0026,avg = 1,041,best = 1,107,chrom = {0,623;0,622;0,904;0,158;0,795;0,962;0,975;0,857;0,139;0,567;0,032;0,914;0,848;0,357;0,496;0,620;0,457;0,609;0,147;0,064;0,807;0,885;0,027;0,594;0,116;0,182;0,319;0,779;0,612;0,234;0,699;0,692;0,508;0,199;0,726;0,639}
gen = 0027,avg = 1,053,best = 1,107,chrom = {0,623;0,622;0,904;0,158;0,795;0,962;0,975;0,857;0,139;0,567;0,032;0,914;0,848;0,357;0,496;0,620;0,457;0,609;0,147;0,064;0,807;0,885;0,027;0,594;0,116;0,182;0,319;0,779;0,612;0,234;0,699;0,692;0,508;0,199;0,726;0,639}
gen = 0028,avg = 1,062,best = 1,107,chrom = {0,623;0,622;0,904;0,158;0,795;0,962;0,975;0,857;0,139;0,567;0,032;0,914;0,848;0,357;0,496;0,620;0,457;0,609;0,147;0,064;0,807;0,885;0,027;0,594;0,116;0,182;0,319;0,779;0,612;0,234;0,699;0,692;0,508;0,199;0,726;0,639}
gen = 0029,avg = 1,068,best = 1,107,chrom = {0,623;0,622;0,904;0,158;0,795;0,962;0,975;0,857;0,139;0,567;0,032;0,914;0,848;0,357;0,496;0,620;0,457;0,609;0,147;0,064;0,807;0,885;0,027;0,594;0,116;0,182;0,319;0,779;0,612;0,234;0,699;0,692;0,508;0,199;0,726;0,639}
gen = 0030,avg = 1,073,best = 1,107,chrom = {0,623;0,622;0,904;0,158;0,795;0,962;0,975;0,857;0,139;0,567;0,032;0,914;0,848;0,357;0,496;0,620;0,457;0,609;0,147;0,064;0,807;0,885;0,027;0,594;0,116;0,182;0,319;0,779;0,612;0,234;0,699;0,692;0,508;0,199;0,726;0,639}
gen = 0031,avg = 1,080,best = 1,107,chrom = {0,623;0,622;0,904;0,158;0,795;0,962;0,975;0,857;0,139;0,567;0,032;0,914;0,848;0,357;0,496;0,620;0,457;0,609;0,147;0,064;0,807;0,885;0,027;0,594;0,116;0,182;0,319;0,779;0,612;0,234;0,699;0,692;0,508;0,199;0,726;0,639}
gen = 0032,avg = 1,086,best = 1,107,chrom = {0,623;0,622;0,904;0,158;0,795;0,962;0,975;0,857;0,139;0,567;0,032;0,914;0,848;0,357;0,496;0,620;0,457;0,609;0,147;0,064;0,807;0,885;0,027;0,594;0,116;0,182;0,319;0,779;0,612;0,234;0,699;0,692;0,508;0,199;0,726;0,639}
gen = 0033,avg = 1,090,best = 1,107,chrom = {0,623;0,622;0,904;0,158;0,795;0,962;0,975;0,857;0,139;0,567;0,032;0,914;0,848;0,357;0,496;0,620;0,457;0,609;0,147;0,064;0,807;0,885;0,027;0,594;0,116;0,182;0,319;0,779;0,612;0,234;0,699;0,692;0,508;0,199;0,726;0,639}
gen = 0034,avg = 1,095,best = 1,107,chrom = {0,623;0,622;0,904;0,158;0,795;0,962;0,975;0,857;0,139;0,567;0,032;0,914;0,848;0,357;0,496;0,620;0,457;0,609;0,147;0,064;0,807;0,885;0,027;0,594;0,116;0,182;0,319;0,779;0,612;0,234;0,699;0,692;0,508;0,199;0,726;0,639}
gen = 0035,avg = 1,099,best = 1,107,chrom = {0,623;0,622;0,904;0,158;0,795;0,962;0,975;0,857;0,139;0,567;0,032;0,914;0,848;0,357;0,496;0,620;0,457;0,609;0,147;0,064;0,807;0,885;0,027;0,594;0,116;0,182;0,319;0,779;0,612;0,234;0,699;0,692;0,508;0,199;0,726;0,639}
gen = 0036,avg = 1,106,best = 1,107,chrom = {0,623;0,622;0,904;0,158;0,795;0,962;0,975;0,857;0,139;0,567;0,032;0,914;0,848;0,357;0,496;0,620;0,457;0,609;0,147;0,064;0,807;0,885;0,027;0,594;0,116;0,182;0,319;0,779;0,612;0,234;0,699;0,692;0,508;0,199;0,726;0,639}
gen = 0037,avg = 1,107,best = 1,107,chrom = {0,623;0,622;0,904;0,158;0,795;0,962;0,975;0,857;0,139;0,567;0,032;0,914;0,848;0,357;0,496;0,620;0,457;0,609;0,147;0,064;0,807;0,885;0,027;0,594;0,116;0,182;0,319;0,779;0,612;0,234;0,699;0,692;0,508;0,199;0,726;0,639}
gen = 0038,avg = 1,107,best = 1,107,chrom = {0,623;0,622;0,904;0,158;0,795;0,962;0,975;0,857;0,139;0,567;0,032;0,914;0,848;0,357;0,496;0,620;0,457;0,609;0,147;0,064;0,807;0,885;0,027;0,594;0,116;0,182;0,319;0,779;0,612;0,234;0,699;0,692;0,508;0,199;0,726;0,639}
gen = 0039,avg = 1,107,best = 1,107,chrom = {0,623;0,622;0,904;0,158;0,795;0,962;0,975;0,857;0,139;0,567;0,032;0,914;0,848;0,357;0,496;0,620;0,457;0,609;0,147;0,064;0,807;0,885;0,027;0,594;0,116;0,182;0,319;0,779;0,612;0,234;0,699;0,692;0,508;0,199;0,726;0,639}
gen = 0040,avg = 1,107,best = 1,107,chrom = {0,623;0,622;0,904;0,158;0,795;0,962;0,975;0,857;0,139;0,567;0,032;0,914;0,848;0,357;0,496;0,620;0,457;0,609;0,147;0,064;0,807;0,885;0,027;0,594;0,116;0,182;0,319;0,779;0,612;0,234;0,699;0,692;0,508;0,199;0,726;0,639}
gen = 0041,avg = 1,107,best = 1,107,chrom = {0,623;0,622;0,904;0,158;0,795;0,962;0,975;0,857;0,139;0,567;0,032;0,914;0,848;0,357;0,496;0,620;0,457;0,609;0,147;0,064;0,807;0,885;0,027;0,594;0,116;0,182;0,319;0,779;0,612;0,234;0,699;0,692;0,508;0,199;0,726;0,639}
gen = 0042,avg = 1,107,best = 1,107,chrom = {0,623;0,622;0,904;0,158;0,795;0,962;0,975;0,857;0,139;0,567;0,032;0,914;0,848;0,357;0,496;0,620;0,457;0,609;0,147;0,064;0,807;0,885;0,027;0,594;0,116;0,182;0,319;0,779;0,612;0,234;0,699;0,692;0,508;0,199;0,726;0,639}
gen = 0043,avg = 1,107,best = 1,107,chrom = {0,623;0,622;0,904;0,158;0,795;0,962;0,975;0,857;0,139;0,567;0,032;0,914;0,848;0,357;0,496;0,620;0,457;0,609;0,147;0,064;0,807;0,885;0,027;0,594;0,116;0,182;0,319;0,779;0,612;0,234;0,699;0,692;0,508;0,199;0,726;0,639}
gen = 0044,avg = 1,107,best = 1,107,chrom = {0,623;0,622;0,904;0,158;0,795;0,962;0,975;0,857;0,139;0,567;0,032;0,914;0,848;0,357;0,496;0,620;0,457;0,609;0,147;0,064;0,807;0,885;0,027;0,594;0,116;0,182;0,319;0,779;0,612;0,234;0,699;0,692;0,508;0,199;0,726;0,639}
gen = 0045,avg = 1,107,best = 1,107,chrom = {0,623;0,622;0,904;0,158;0,795;0,962;0,975;0,857;0,139;0,567;0,032;0,914;0,848;0,357;0,496;0,620;0,457;0,609;0,147;0,064;0,807;0,885;0,027;0,594;0,116;0,182;0,319;0,779;0,612;0,234;0,699;0,692;0,508;0,199;0,726;0,639}
gen = 0046,avg = 1,107,best = 1,107,chrom = {0,623;0,622;0,904;0,158;0,795;0,962;0,975;0,857;0,139;0,567;0,032;0,914;0,848;0,357;0,496;0,620;0,457;0,609;0,147;0,064;0,807;0,885;0,027;0,594;0,116;0,182;0,319;0,779;0,612;0,234;0,699;0,692;0,508;0,199;0,726;0,639}
gen = 0047,avg = 1,107,best = 1,107,chrom = {0,623;0,622;0,904;0,158;0,795;0,962;0,975;0,857;0,139;0,567;0,032;0,914;0,848;0,357;0,496;0,620;0,457;0,609;0,147;0,064;0,807;0,885;0,027;0,594;0,116;0,182;0,319;0,779;0,612;0,234;0,699;0,692;0,508;0,199;0,726;0,639}
gen = 0048,avg = 1,107,best = 1,107,chrom = {0,623;0,622;0,904;0,158;0,795;0,962;0,975;0,857;0,139;0,567;0,032;0,914;0,848;0,357;0,496;0,620;0,457;0,609;0,147;0,064;0,807;0,885;0,027;0,594;0,116;0,182;0,319;0,779;0,612;0,234;0,699;0,692;0,508;0,199;0,726;0,639}
gen = 0049,avg = 1,108,best = 1,112,chrom = {0,623;0,622;0,904;0,158;0,795;0,962;0,975;0,857;0,139;0,567;0,032;0,914;0,982;0,357;0,496;0,620;0,457;0,446;0,147;0,064;0,807;0,885;0,027;0,594;0,116;0,182;0,319;0,779;0,612;0,234;0,699;0,403;0,508;0,199;0,726;0,639}
gen = 0050,avg = 1,108,best = 1,112,chrom = {0,623;0,622;0,904;0,158;0,795;0,962;0,975;0,857;0,139;0,567;0,032;0,914;0,982;0,357;0,496;0,620;0,457;0,446;0,147;0,064;0,807;0,885;0,027;0,594;0,116;0,182;0,319;0,779;0,612;0,234;0,699;0,403;0,508;0,199;0,726;0,639}
Execution Time = 1749,747ms;
