gen = -001,avg = 0,273,best = 0,273,chrom = {0,196;0,562;0,808;0,943;0,985;0,980;0,041;0,080;0,749;0,250;0,787;0,049;0,431;0,865;0,518;0,550;0,558;0,793;0,664;0,031;0,103;0,808;0,834;0,920;0,391;0,015;0,364;0,761;0,345;0,884;0,166;0,990;0,270;0,828;0,020;0,742}
gen = 0000,avg = 0,355,best = 0,727,chrom = {0,072;0,200;0,897;0,261;0,274;0,363;0,631;0,187;0,437;0,365;0,300;0,247;0,633;0,626;0,949;0,662;0,435;0,958;0,868;0,847;0,462;0,186;0,522;0,871;0,923;0,622;0,341;0,479;0,738;0,641;0,026;0,377;0,764;0,662;0,708;0,927}
gen = 0001,avg = 0,495,best = 0,727,chrom = {0,072;0,200;0,897;0,261;0,274;0,363;0,631;0,187;0,437;0,365;0,300;0,247;0,633;0,626;0,949;0,662;0,435;0,958;0,868;0,847;0,462;0,186;0,522;0,871;0,923;0,622;0,341;0,479;0,738;0,641;0,026;0,377;0,764;0,662;0,708;0,927}
gen = 0002,avg = 0,559,best = 0,727,chrom = {0,072;0,200;0,897;0,261;0,274;0,363;0,631;0,187;0,437;0,365;0,300;0,247;0,633;0,626;0,949;0,662;0,435;0,958;0,868;0,847;0,462;0,186;0,522;0,871;0,923;0,622;0,341;0,479;0,738;0,641;0,026;0,377;0,764;0,662;0,708;0,927}
gen = 0003,avg = 0,668,best = 0,865,chrom = {0,072;0,200;0,897;0,261;0,274;0,363;0,631;0,187;0,437;0,365;0,300;0,247;0,633;0,776;0,949;0,662;0,712;0,958;0,868;0,847;0,462;0,186;0,522;0,871;0,923;0,622;0,702;0,479;0,738;0,641;0,034;0,377;0,764;0,662;0,708;0,927}
gen = 0004,avg = 0,755,best = 0,868,chrom = {0,072;0,200;0,897;0,261;0,274;0,363;0,236;0,187;0,437;0,365;0,337;0,247;0,633;0,626;0,029;0,662;0,435;0,958;0,868;0,847;0,462;0,469;0,522;0,871;0,923;0,622;0,341;0,479;0,738;0,641;0,026;0,377;0,166;0,662;0,708;0,927}
gen = 0005,avg = 0,811,best = 0,868,chrom = {0,072;0,200;0,897;0,261;0,274;0,363;0,236;0,187;0,437;0,365;0,337;0,247;0,633;0,626;0,029;0,662;0,435;0,958;0,868;0,847;0,462;0,469;0,522;0,871;0,923;0,622;0,341;0,479;0,738;0,641;0,026;0,377;0,166;0,662;0,708;0,927}
gen = 0006,avg = 0,862,best = 0,939,chrom = {0,072;0,200;0,897;0,261;0,274;0,363;0,631;0,187;0,437;0,365;0,300;0,247;0,633;0,776;0,949;0,662;0,712;0,958;0,868;0,847;0,462;0,186;0,522;0,871;0,923;0,622;0,702;0,479;0,738;0,641;0,034;0,377;0,764;0,662;0,708;0,927}
gen = 0007,avg = 0,893,best = 0,939,chrom = {0,072;0,200;0,897;0,261;0,274;0,363;0,631;0,187;0,437;0,365;0,300;0,247;0,633;0,776;0,949;0,662;0,712;0,958;0,868;0,847;0,462;0,186;0,522;0,871;0,923;0,622;0,702;0,479;0,738;0,641;0,034;0,377;0,764;0,662;0,708;0,927}
gen = 0008,avg = 0,900,best = 0,939,chrom = {0,072;0,200;0,897;0,261;0,274;0,363;0,631;0,187;0,437;0,365;0,300;0,247;0,633;0,776;0,949;0,662;0,712;0,958;0,868;0,847;0,462;0,186;0,522;0,871;0,923;0,622;0,702;0,479;0,738;0,641;0,034;0,377;0,764;0,662;0,708;0,927}
gen = 0009,avg = 0,912,best = 0,939,chrom = {0,072;0,200;0,897;0,261;0,274;0,363;0,631;0,187;0,437;0,365;0,300;0,247;0,633;0,776;0,949;0,662;0,712;0,958;0,868;0,847;0,462;0,186;0,522;0,871;0,923;0,622;0,702;0,479;0,738;0,641;0,034;0,377;0,764;0,662;0,708;0,927}
gen = 0010,avg = 0,930,best = 0,976,chrom = {0,072;0,200;0,897;0,261;0,274;0,363;0,631;0,187;0,437;0,365;0,300;0,247;0,633;0,776;0,949;0,662;0,712;0,958;0,868;0,847;0,462;0,186;0,522;0,871;0,923;0,622;0,702;0,479;0,738;0,641;0,034;0,377;0,764;0,662;0,708;0,927}
gen = 0011,avg = 0,939,best = 0,976,chrom = {0,072;0,200;0,897;0,261;0,274;0,363;0,631;0,187;0,437;0,365;0,300;0,247;0,633;0,776;0,949;0,662;0,712;0,958;0,868;0,847;0,462;0,186;0,522;0,871;0,923;0,622;0,702;0,479;0,738;0,641;0,034;0,377;0,764;0,662;0,708;0,927}
gen = 0012,avg = 0,944,best = 0,976,chrom = {0,072;0,200;0,897;0,261;0,274;0,363;0,631;0,187;0,437;0,365;0,300;0,247;0,633;0,776;0,949;0,662;0,712;0,958;0,868;0,847;0,462;0,186;0,522;0,871;0,923;0,622;0,702;0,479;0,738;0,641;0,034;0,377;0,764;0,662;0,708;0,927}
gen = 0013,avg = 0,952,best = 0,976,chrom = {0,072;0,200;0,897;0,261;0,274;0,363;0,631;0,187;0,437;0,365;0,300;0,247;0,633;0,776;0,949;0,662;0,712;0,958;0,868;0,847;0,462;0,186;0,522;0,871;0,923;0,622;0,702;0,479;0,738;0,641;0,034;0,377;0,764;0,662;0,708;0,927}
gen = 0014,avg = 0,956,best = 0,976,chrom = {0,072;0,200;0,897;0,261;0,274;0,363;0,631;0,187;0,437;0,365;0,300;0,247;0,633;0,776;0,949;0,662;0,712;0,958;0,868;0,847;0,462;0,186;0,522;0,871;0,923;0,622;0,702;0,479;0,738;0,641;0,034;0,377;0,764;0,662;0,708;0,927}
gen = 0015,avg = 0,960,best = 0,976,chrom = {0,072;0,200;0,897;0,261;0,274;0,363;0,631;0,187;0,437;0,365;0,300;0,247;0,633;0,776;0,949;0,662;0,712;0,958;0,868;0,847;0,462;0,186;0,522;0,871;0,923;0,622;0,702;0,479;0,738;0,641;0,034;0,377;0,764;0,662;0,708;0,927}
gen = 0016,avg = 0,963,best = 0,976,chrom = {0,072;0,200;0,897;0,261;0,274;0,363;0,631;0,187;0,437;0,365;0,300;0,247;0,633;0,776;0,949;0,662;0,712;0,958;0,868;0,847;0,462;0,186;0,522;0,871;0,923;0,622;0,702;0,479;0,738;0,641;0,034;0,377;0,764;0,662;0,708;0,927}
gen = 0017,avg = 0,978,best = 1,015,chrom = {0,072;0,200;0,897;0,804;0,274;0,363;0,631;0,187;0,437;0,365;0,447;0,247;0,633;0,776;0,949;0,662;0,753;0,665;0,868;0,847;0,462;0,186;0,522;0,871;0,923;0,622;0,702;0,479;0,738;0,641;0,034;0,377;0,764;0,662;0,708;0,927}
gen = 0018,avg = 0,988,best = 1,015,chrom = {0,072;0,200;0,897;0,804;0,274;0,363;0,631;0,187;0,437;0,365;0,447;0,247;0,633;0,776;0,949;0,662;0,753;0,665;0,868;0,847;0,462;0,186;0,522;0,871;0,923;0,622;0,702;0,479;0,738;0,641;0,034;0,377;0,764;0,662;0,708;0,927}
gen = 0019,avg = 0,992,best = 1,015,chrom = {0,072;0,200;0,897;0,804;0,274;0,363;0,631;0,187;0,437;0,365;0,447;0,247;0,633;0,776;0,949;0,662;0,753;0,665;0,868;0,847;0,462;0,186;0,522;0,871;0,923;0,622;0,702;0,479;0,738;0,641;0,034;0,377;0,764;0,662;0,708;0,927}
gen = 0020,avg = 1,011,best = 1,059,chrom = {0,072;0,200;0,897;0,261;0,274;0,363;0,579;0,187;0,437;0,365;0,447;0,247;0,633;0,770;0,949;0,662;0,753;0,665;0,868;0,759;0,462;0,186;0,522;0,871;0,923;0,622;0,702;0,479;0,738;0,641;0,034;0,377;0,764;0,662;0,708;0,927}
gen = 0021,avg = 1,017,best = 1,059,chrom = {0,072;0,200;0,897;0,261;0,274;0,363;0,579;0,187;0,437;0,365;0,447;0,247;0,633;0,770;0,949;0,662;0,753;0,665;0,868;0,759;0,462;0,186;0,522;0,871;0,923;0,622;0,702;0,479;0,738;0,641;0,034;0,377;0,764;0,662;0,708;0,927}
gen = 0022,avg = 1,037,best = 1,086,chrom = {0,072;0,200;0,897;0,261;0,274;0,363;0,579;0,187;0,437;0,365;0,447;0,247;0,633;0,770;0,949;0,662;0,753;0,665;0,868;0,759;0,462;0,186;0,522;0,871;0,923;0,622;0,702;0,479;0,738;0,641;0,034;0,377;0,764;0,662;0,708;0,927}
gen = 0023,avg = 1,042,best = 1,086,chrom = {0,072;0,200;0,897;0,261;0,274;0,363;0,579;0,187;0,437;0,365;0,447;0,247;0,633;0,770;0,949;0,662;0,753;0,665;0,868;0,759;0,462;0,186;0,522;0,871;0,923;0,622;0,702;0,479;0,738;0,641;0,034;0,377;0,764;0,662;0,708;0,927}
gen = 0024,avg = 1,051,best = 1,086,chrom = {0,072;0,200;0,897;0,261;0,274;0,363;0,579;0,187;0,437;0,365;0,447;0,247;0,633;0,770;0,949;0,662;0,753;0,665;0,868;0,759;0,462;0,186;0,522;0,871;0,923;0,622;0,702;0,479;0,738;0,641;0,034;0,377;0,764;0,662;0,708;0,927}
gen = 0025,avg = 1,062,best = 1,086,chrom = {0,072;0,200;0,897;0,261;0,274;0,363;0,579;0,187;0,437;0,365;0,447;0,247;0,633;0,770;0,949;0,662;0,753;0,665;0,868;0,759;0,462;0,186;0,522;0,871;0,923;0,622;0,702;0,479;0,738;0,641;0,034;0,377;0,764;0,662;0,708;0,927}
gen = 0026,avg = 1,067,best = 1,086,chrom = {0,072;0,200;0,897;0,261;0,274;0,363;0,579;0,187;0,437;0,365;0,447;0,247;0,633;0,770;0,949;0,662;0,753;0,665;0,868;0,759;0,462;0,186;0,522;0,871;0,923;0,622;0,702;0,479;0,738;0,641;0,034;0,377;0,764;0,662;0,708;0,927}
gen = 0027,avg = 1,071,best = 1,086,chrom = {0,072;0,200;0,897;0,261;0,274;0,363;0,579;0,187;0,437;0,365;0,447;0,247;0,633;0,770;0,949;0,662;0,753;0,665;0,868;0,759;0,462;0,186;0,522;0,871;0,923;0,622;0,702;0,479;0,738;0,641;0,034;0,377;0,764;0,662;0,708;0,927}
gen = 0028,avg = 1,073,best = 1,086,chrom = {0,072;0,200;0,897;0,261;0,274;0,363;0,579;0,187;0,437;0,365;0,447;0,247;0,633;0,770;0,949;0,662;0,753;0,665;0,868;0,759;0,462;0,186;0,522;0,871;0,923;0,622;0,702;0,479;0,738;0,641;0,034;0,377;0,764;0,662;0,708;0,927}
gen = 0029,avg = 1,076,best = 1,086,chrom = {0,072;0,200;0,897;0,261;0,274;0,363;0,579;0,187;0,437;0,365;0,447;0,247;0,633;0,770;0,949;0,662;0,753;0,665;0,868;0,759;0,462;0,186;0,522;0,871;0,923;0,622;0,702;0,479;0,738;0,641;0,034;0,377;0,764;0,662;0,708;0,927}
gen = 0030,avg = 1,078,best = 1,086,chrom = {0,072;0,200;0,897;0,261;0,274;0,363;0,579;0,187;0,437;0,365;0,447;0,247;0,633;0,770;0,949;0,662;0,753;0,665;0,868;0,759;0,462;0,186;0,522;0,871;0,923;0,622;0,702;0,479;0,738;0,641;0,034;0,377;0,764;0,662;0,708;0,927}
gen = 0031,avg = 1,080,best = 1,086,chrom = {0,072;0,200;0,897;0,261;0,274;0,363;0,579;0,187;0,437;0,365;0,447;0,247;0,633;0,770;0,949;0,662;0,753;0,665;0,868;0,759;0,462;0,186;0,522;0,871;0,923;0,622;0,702;0,479;0,738;0,641;0,034;0,377;0,764;0,662;0,708;0,927}
gen = 0032,avg = 1,081,best = 1,086,chrom = {0,072;0,200;0,897;0,261;0,274;0,363;0,579;0,187;0,437;0,365;0,447;0,247;0,633;0,770;0,949;0,662;0,753;0,665;0,868;0,759;0,462;0,186;0,522;0,871;0,923;0,622;0,702;0,479;0,738;0,641;0,034;0,377;0,764;0,662;0,708;0,927}
gen = 0033,avg = 1,083,best = 1,086,chrom = {0,072;0,200;0,897;0,261;0,274;0,363;0,579;0,187;0,437;0,365;0,447;0,247;0,633;0,770;0,949;0,662;0,753;0,665;0,868;0,759;0,462;0,186;0,522;0,871;0,923;0,622;0,702;0,479;0,738;0,641;0,034;0,377;0,764;0,662;0,708;0,927}
gen = 0034,avg = 1,085,best = 1,086,chrom = {0,072;0,200;0,897;0,261;0,274;0,363;0,579;0,187;0,437;0,365;0,447;0,247;0,633;0,770;0,949;0,662;0,753;0,665;0,868;0,759;0,462;0,186;0,522;0,871;0,923;0,622;0,702;0,479;0,738;0,641;0,034;0,377;0,764;0,662;0,708;0,927}
gen = 0035,avg = 1,086,best = 1,086,chrom = {0,072;0,200;0,897;0,261;0,274;0,363;0,579;0,187;0,437;0,365;0,447;0,247;0,633;0,770;0,949;0,662;0,753;0,665;0,868;0,759;0,462;0,186;0,522;0,871;0,923;0,622;0,702;0,479;0,738;0,641;0,034;0,377;0,764;0,662;0,708;0,927}
gen = 0036,avg = 1,086,best = 1,086,chrom = {0,072;0,200;0,897;0,261;0,274;0,363;0,579;0,187;0,437;0,365;0,447;0,247;0,633;0,770;0,949;0,662;0,753;0,665;0,868;0,759;0,462;0,186;0,522;0,871;0,923;0,622;0,702;0,479;0,738;0,641;0,034;0,377;0,764;0,662;0,708;0,927}
gen = 0037,avg = 1,086,best = 1,086,chrom = {0,072;0,200;0,897;0,261;0,274;0,363;0,579;0,187;0,437;0,365;0,447;0,247;0,633;0,770;0,949;0,662;0,753;0,665;0,868;0,759;0,462;0,186;0,522;0,871;0,923;0,622;0,702;0,479;0,738;0,641;0,034;0,377;0,764;0,662;0,708;0,927}
gen = 0038,avg = 1,086,best = 1,086,chrom = {0,072;0,200;0,897;0,261;0,274;0,363;0,579;0,187;0,437;0,365;0,447;0,247;0,633;0,770;0,949;0,662;0,753;0,665;0,868;0,759;0,462;0,186;0,522;0,871;0,923;0,622;0,702;0,479;0,738;0,641;0,034;0,377;0,764;0,662;0,708;0,927}
gen = 0039,avg = 1,086,best = 1,086,chrom = {0,072;0,200;0,897;0,261;0,274;0,363;0,579;0,187;0,437;0,365;0,447;0,247;0,633;0,770;0,949;0,662;0,753;0,665;0,868;0,759;0,462;0,186;0,522;0,871;0,923;0,622;0,702;0,479;0,738;0,641;0,034;0,377;0,764;0,662;0,708;0,927}
gen = 0040,avg = 1,086,best = 1,086,chrom = {0,072;0,200;0,897;0,261;0,274;0,363;0,579;0,187;0,437;0,365;0,447;0,247;0,633;0,770;0,949;0,662;0,753;0,665;0,868;0,759;0,462;0,186;0,522;0,871;0,923;0,622;0,702;0,479;0,738;0,641;0,034;0,377;0,764;0,662;0,708;0,927}
gen = 0041,avg = 1,086,best = 1,086,chrom = {0,072;0,200;0,897;0,261;0,274;0,363;0,579;0,187;0,437;0,365;0,447;0,247;0,633;0,770;0,949;0,662;0,753;0,665;0,868;0,759;0,462;0,186;0,522;0,871;0,923;0,622;0,702;0,479;0,738;0,641;0,034;0,377;0,764;0,662;0,708;0,927}
gen = 0042,avg = 1,086,best = 1,089,chrom = {0,072;0,200;0,897;0,261;0,274;0,363;0,579;0,187;0,437;0,365;0,447;0,247;0,633;0,770;0,949;0,662;0,753;0,665;0,868;0,759;0,462;0,186;0,522;0,871;0,923;0,622;0,702;0,479;0,738;0,641;0,034;0,377;0,764;0,662;0,708;0,927}
gen = 0043,avg = 1,087,best = 1,089,chrom = {0,072;0,200;0,897;0,261;0,274;0,363;0,579;0,187;0,437;0,365;0,447;0,247;0,633;0,770;0,949;0,662;0,753;0,665;0,868;0,759;0,462;0,186;0,522;0,871;0,923;0,622;0,702;0,479;0,738;0,641;0,034;0,377;0,764;0,662;0,708;0,927}
gen = 0044,avg = 1,087,best = 1,089,chrom = {0,072;0,200;0,897;0,261;0,274;0,363;0,579;0,187;0,437;0,365;0,447;0,247;0,633;0,770;0,949;0,662;0,753;0,665;0,868;0,759;0,462;0,186;0,522;0,871;0,923;0,622;0,702;0,479;0,738;0,641;0,034;0,377;0,764;0,662;0,708;0,927}
gen = 0045,avg = 1,087,best = 1,089,chrom = {0,072;0,200;0,897;0,261;0,274;0,363;0,579;0,187;0,437;0,365;0,447;0,247;0,633;0,770;0,949;0,662;0,753;0,665;0,868;0,759;0,462;0,186;0,522;0,871;0,923;0,622;0,702;0,479;0,738;0,641;0,034;0,377;0,764;0,662;0,708;0,927}
gen = 0046,avg = 1,087,best = 1,089,chrom = {0,072;0,200;0,897;0,261;0,274;0,363;0,579;0,187;0,437;0,365;0,447;0,247;0,633;0,770;0,949;0,662;0,753;0,665;0,868;0,759;0,462;0,186;0,522;0,871;0,923;0,622;0,702;0,479;0,738;0,641;0,034;0,377;0,764;0,662;0,708;0,927}
gen = 0047,avg = 1,087,best = 1,089,chrom = {0,072;0,200;0,897;0,261;0,274;0,363;0,579;0,187;0,437;0,365;0,447;0,247;0,633;0,770;0,949;0,662;0,753;0,665;0,868;0,759;0,462;0,186;0,522;0,871;0,923;0,622;0,702;0,479;0,738;0,641;0,034;0,377;0,764;0,662;0,708;0,927}
gen = 0048,avg = 1,087,best = 1,089,chrom = {0,072;0,200;0,897;0,261;0,274;0,363;0,579;0,187;0,437;0,365;0,447;0,247;0,633;0,770;0,949;0,662;0,753;0,665;0,868;0,759;0,462;0,186;0,522;0,871;0,923;0,622;0,702;0,479;0,738;0,641;0,034;0,377;0,764;0,662;0,708;0,927}
gen = 0049,avg = 1,088,best = 1,089,chrom = {0,072;0,200;0,897;0,261;0,274;0,363;0,579;0,187;0,437;0,365;0,447;0,247;0,633;0,770;0,949;0,662;0,753;0,665;0,868;0,759;0,462;0,186;0,522;0,871;0,923;0,622;0,702;0,479;0,738;0,641;0,034;0,377;0,764;0,662;0,708;0,927}
gen = 0050,avg = 1,088,best = 1,089,chrom = {0,072;0,200;0,897;0,261;0,274;0,363;0,579;0,187;0,437;0,365;0,447;0,247;0,633;0,770;0,949;0,662;0,753;0,665;0,868;0,759;0,462;0,186;0,522;0,871;0,923;0,622;0,702;0,479;0,738;0,641;0,034;0,377;0,764;0,662;0,708;0,927}
Execution Time = 1736,102ms;
