gen = -001,avg = 0,647,best = 0,647,chrom = {0,204;0,105;0,089;0,626;0,057;0,298;0,564;0,852;0,903;0,386;0,210;0,971;0,726;0,865;0,003;0,288;0,656;0,700;0,858;0,802;0,961;0,975;0,609;0,554;0,472;0,497;0,328;0,491;0,553;0,182;0,024;0,607;0,041;0,359;0,542;0,054}
gen = 0000,avg = 0,298,best = 0,648,chrom = {0,327;0,877;0,776;0,743;0,991;0,853;0,774;0,554;0,323;0,943;0,881;0,201;0,396;0,119;0,458;0,111;0,174;0,208;0,369;0,140;0,700;0,033;0,997;0,658;0,940;0,393;0,477;0,067;0,064;0,016;0,933;0,769;0,102;0,625;0,579;0,658}
gen = 0001,avg = 0,523,best = 0,648,chrom = {0,327;0,877;0,776;0,743;0,991;0,853;0,774;0,554;0,323;0,943;0,881;0,201;0,396;0,119;0,458;0,111;0,174;0,208;0,369;0,140;0,700;0,033;0,997;0,658;0,940;0,393;0,477;0,067;0,064;0,016;0,933;0,769;0,102;0,625;0,579;0,658}
gen = 0002,avg = 0,643,best = 0,721,chrom = {0,998;0,974;0,848;0,757;0,756;0,783;0,995;0,585;0,470;0,251;0,713;0,851;0,342;0,845;0,014;0,174;0,512;0,597;0,868;0,508;0,926;0,463;0,589;0,960;0,152;0,135;0,171;0,404;0,478;0,152;0,832;0,175;0,209;0,798;0,641;0,490}
gen = 0003,avg = 0,687,best = 0,737,chrom = {0,998;0,974;0,848;0,757;0,756;0,783;0,995;0,585;0,470;0,251;0,713;0,851;0,342;0,845;0,014;0,174;0,512;0,597;0,868;0,508;0,926;0,463;0,589;0,960;0,152;0,135;0,171;0,404;0,478;0,152;0,832;0,175;0,403;0,814;0,703;0,266}
gen = 0004,avg = 0,730,best = 0,767,chrom = {0,327;0,877;0,776;0,743;0,991;0,853;0,774;0,554;0,470;0,251;0,713;0,851;0,342;0,845;0,014;0,174;0,512;0,597;0,868;0,508;0,926;0,463;0,589;0,960;0,152;0,135;0,171;0,404;0,478;0,152;0,832;0,175;0,403;0,814;0,703;0,266}
gen = 0005,avg = 0,753,best = 0,808,chrom = {0,431;0,974;0,848;0,757;0,756;0,783;0,995;0,585;0,470;0,251;0,713;0,851;0,342;0,845;0,014;0,174;0,512;0,597;0,659;0,508;0,926;0,463;0,589;0,960;0,152;0,135;0,171;0,404;0,128;0,152;0,832;0,175;0,403;0,814;0,703;0,266}
gen = 0006,avg = 0,774,best = 0,821,chrom = {0,998;0,974;0,848;0,757;0,756;0,783;0,995;0,585;0,470;0,251;0,713;0,851;0,342;0,845;0,709;0,174;0,512;0,597;0,868;0,508;0,926;0,463;0,589;0,960;0,152;0,135;0,171;0,970;0,478;0,152;0,832;0,175;0,403;0,814;0,844;0,266}
gen = 0007,avg = 0,835,best = 1,058,chrom = {0,998;0,974;0,541;0,757;0,756;0,783;0,995;0,585;0,470;0,251;0,713;0,851;0,342;0,845;0,709;0,174;0,512;0,597;0,868;0,856;0,926;0,463;0,589;0,960;0,152;0,135;0,748;0,970;0,478;0,152;0,832;0,175;0,403;0,814;0,844;0,266}
gen = 0008,avg = 0,917,best = 1,058,chrom = {0,998;0,974;0,541;0,757;0,756;0,783;0,995;0,585;0,470;0,251;0,713;0,851;0,342;0,845;0,709;0,174;0,512;0,597;0,868;0,856;0,926;0,463;0,589;0,960;0,152;0,135;0,748;0,970;0,478;0,152;0,832;0,175;0,403;0,814;0,844;0,266}
gen = 0009,avg = 0,968,best = 1,058,chrom = {0,998;0,974;0,541;0,757;0,756;0,783;0,995;0,585;0,470;0,251;0,713;0,851;0,342;0,845;0,709;0,174;0,512;0,597;0,868;0,856;0,926;0,463;0,589;0,960;0,152;0,135;0,748;0,970;0,478;0,152;0,832;0,175;0,403;0,814;0,844;0,266}
gen = 0010,avg = 0,992,best = 1,058,chrom = {0,998;0,974;0,541;0,757;0,756;0,783;0,995;0,585;0,470;0,251;0,713;0,851;0,342;0,845;0,709;0,174;0,512;0,597;0,868;0,856;0,926;0,463;0,589;0,960;0,152;0,135;0,748;0,970;0,478;0,152;0,832;0,175;0,403;0,814;0,844;0,266}
gen = 0011,avg = 1,012,best = 1,070,chrom = {0,327;0,877;0,776;0,743;0,991;0,853;0,774;0,554;0,470;0,251;0,713;0,851;0,342;0,845;0,709;0,174;0,512;0,597;0,868;0,856;0,926;0,463;0,589;0,960;0,152;0,135;0,748;0,970;0,478;0,152;0,832;0,175;0,403;0,814;0,844;0,266}
gen = 0012,avg = 1,027,best = 1,070,chrom = {0,327;0,877;0,776;0,743;0,991;0,853;0,774;0,554;0,470;0,251;0,713;0,851;0,342;0,845;0,709;0,174;0,512;0,597;0,868;0,856;0,926;0,463;0,589;0,960;0,152;0,135;0,748;0,970;0,478;0,152;0,832;0,175;0,403;0,814;0,844;0,266}
gen = 0013,avg = 1,041,best = 1,070,chrom = {0,327;0,877;0,776;0,743;0,991;0,853;0,774;0,554;0,470;0,251;0,713;0,851;0,342;0,845;0,709;0,174;0,512;0,597;0,868;0,856;0,926;0,463;0,589;0,960;0,152;0,135;0,748;0,970;0,478;0,152;0,832;0,175;0,403;0,814;0,844;0,266}
gen = 0014,avg = 1,058,best = 1,100,chrom = {0,327;0,877;0,776;0,743;0,991;0,853;0,774;0,714;0,470;0,251;0,713;0,851;0,342;0,810;0,709;0,174;0,512;0,597;0,868;0,856;0,926;0,463;0,589;0,960;0,152;0,135;0,748;0,970;0,478;0,152;0,832;0,175;0,403;0,814;0,844;0,266}
gen = 0015,avg = 1,069,best = 1,100,chrom = {0,327;0,877;0,776;0,743;0,991;0,853;0,774;0,714;0,470;0,251;0,713;0,851;0,342;0,810;0,709;0,174;0,512;0,597;0,868;0,856;0,926;0,463;0,589;0,960;0,152;0,135;0,748;0,970;0,478;0,152;0,832;0,175;0,403;0,814;0,844;0,266}
gen = 0016,avg = 1,073,best = 1,100,chrom = {0,327;0,877;0,776;0,743;0,991;0,853;0,774;0,714;0,470;0,251;0,713;0,851;0,342;0,810;0,709;0,174;0,512;0,597;0,868;0,856;0,926;0,463;0,589;0,960;0,152;0,135;0,748;0,970;0,478;0,152;0,832;0,175;0,403;0,814;0,844;0,266}
gen = 0017,avg = 1,076,best = 1,100,chrom = {0,327;0,877;0,776;0,743;0,991;0,853;0,774;0,714;0,470;0,251;0,713;0,851;0,342;0,810;0,709;0,174;0,512;0,597;0,868;0,856;0,926;0,463;0,589;0,960;0,152;0,135;0,748;0,970;0,478;0,152;0,832;0,175;0,403;0,814;0,844;0,266}
gen = 0018,avg = 1,078,best = 1,100,chrom = {0,327;0,877;0,776;0,743;0,991;0,853;0,774;0,714;0,470;0,251;0,713;0,851;0,342;0,810;0,709;0,174;0,512;0,597;0,868;0,856;0,926;0,463;0,589;0,960;0,152;0,135;0,748;0,970;0,478;0,152;0,832;0,175;0,403;0,814;0,844;0,266}
gen = 0019,avg = 1,082,best = 1,100,chrom = {0,327;0,877;0,776;0,743;0,991;0,853;0,774;0,714;0,470;0,251;0,713;0,851;0,342;0,810;0,709;0,174;0,512;0,597;0,868;0,856;0,926;0,463;0,589;0,960;0,152;0,135;0,748;0,970;0,478;0,152;0,832;0,175;0,403;0,814;0,844;0,266}
gen = 0020,avg = 1,085,best = 1,100,chrom = {0,327;0,877;0,776;0,743;0,991;0,853;0,774;0,714;0,470;0,251;0,713;0,851;0,342;0,810;0,709;0,174;0,512;0,597;0,868;0,856;0,926;0,463;0,589;0,960;0,152;0,135;0,748;0,970;0,478;0,152;0,832;0,175;0,403;0,814;0,844;0,266}
gen = 0021,avg = 1,089,best = 1,100,chrom = {0,327;0,877;0,776;0,743;0,991;0,853;0,774;0,714;0,470;0,251;0,713;0,851;0,342;0,810;0,709;0,174;0,512;0,597;0,868;0,856;0,926;0,463;0,589;0,960;0,152;0,135;0,748;0,970;0,478;0,152;0,832;0,175;0,403;0,814;0,844;0,266}
gen = 0022,avg = 1,101,best = 1,162,chrom = {0,327;0,877;0,776;0,743;0,991;0,853;0,774;0,668;0,470;0,251;0,713;0,851;0,342;0,810;0,709;0,174;0,512;0,597;0,868;0,856;0,926;0,463;0,589;0,960;0,152;0,135;0,748;0,970;0,478;0,152;0,832;0,175;0,403;0,561;0,844;0,266}
gen = 0023,avg = 1,108,best = 1,162,chrom = {0,327;0,877;0,776;0,743;0,991;0,853;0,774;0,668;0,470;0,251;0,713;0,851;0,342;0,810;0,709;0,174;0,512;0,597;0,868;0,856;0,926;0,463;0,589;0,960;0,152;0,135;0,748;0,970;0,478;0,152;0,832;0,175;0,403;0,561;0,844;0,266}
gen = 0024,avg = 1,114,best = 1,162,chrom = {0,327;0,877;0,776;0,743;0,991;0,853;0,774;0,668;0,470;0,251;0,713;0,851;0,342;0,810;0,709;0,174;0,512;0,597;0,868;0,856;0,926;0,463;0,589;0,960;0,152;0,135;0,748;0,970;0,478;0,152;0,832;0,175;0,403;0,561;0,844;0,266}
gen = 0025,avg = 1,120,best = 1,162,chrom = {0,327;0,877;0,776;0,743;0,991;0,853;0,774;0,668;0,470;0,251;0,713;0,851;0,342;0,810;0,709;0,174;0,512;0,597;0,868;0,856;0,926;0,463;0,589;0,960;0,152;0,135;0,748;0,970;0,478;0,152;0,832;0,175;0,403;0,561;0,844;0,266}
gen = 0026,avg = 1,125,best = 1,162,chrom = {0,327;0,877;0,776;0,743;0,991;0,853;0,774;0,668;0,470;0,251;0,713;0,851;0,342;0,810;0,709;0,174;0,512;0,597;0,868;0,856;0,926;0,463;0,589;0,960;0,152;0,135;0,748;0,970;0,478;0,152;0,832;0,175;0,403;0,561;0,844;0,266}
gen = 0027,avg = 1,129,best = 1,162,chrom = {0,327;0,877;0,776;0,743;0,991;0,853;0,774;0,668;0,470;0,251;0,713;0,851;0,342;0,810;0,709;0,174;0,512;0,597;0,868;0,856;0,926;0,463;0,589;0,960;0,152;0,135;0,748;0,970;0,478;0,152;0,832;0,175;0,403;0,561;0,844;0,266}
gen = 0028,avg = 1,133,best = 1,162,chrom = {0,327;0,877;0,776;0,743;0,991;0,853;0,774;0,668;0,470;0,251;0,713;0,851;0,342;0,810;0,709;0,174;0,512;0,597;0,868;0,856;0,926;0,463;0,589;0,960;0,152;0,135;0,748;0,970;0,478;0,152;0,832;0,175;0,403;0,561;0,844;0,266}
gen = 0029,avg = 1,138,best = 1,162,chrom = {0,327;0,877;0,776;0,743;0,991;0,853;0,774;0,668;0,470;0,251;0,713;0,851;0,342;0,810;0,709;0,174;0,512;0,597;0,868;0,856;0,926;0,463;0,589;0,960;0,152;0,135;0,748;0,970;0,478;0,152;0,832;0,175;0,403;0,561;0,844;0,266}
gen = 0030,avg = 1,142,best = 1,162,chrom = {0,327;0,877;0,776;0,743;0,991;0,853;0,774;0,668;0,470;0,251;0,713;0,851;0,342;0,810;0,709;0,174;0,512;0,597;0,868;0,856;0,926;0,463;0,589;0,960;0,152;0,135;0,748;0,970;0,478;0,152;0,832;0,175;0,403;0,561;0,844;0,266}
gen = 0031,avg = 1,146,best = 1,162,chrom = {0,327;0,877;0,776;0,743;0,991;0,853;0,774;0,668;0,470;0,251;0,713;0,851;0,342;0,810;0,709;0,174;0,512;0,597;0,868;0,856;0,926;0,463;0,589;0,960;0,152;0,135;0,748;0,970;0,478;0,152;0,832;0,175;0,403;0,561;0,844;0,266}
gen = 0032,avg = 1,150,best = 1,162,chrom = {0,327;0,877;0,776;0,743;0,991;0,853;0,774;0,668;0,470;0,251;0,713;0,851;0,342;0,810;0,709;0,174;0,512;0,597;0,868;0,856;0,926;0,463;0,589;0,960;0,152;0,135;0,748;0,970;0,478;0,152;0,832;0,175;0,403;0,561;0,844;0,266}
gen = 0033,avg = 1,154,best = 1,162,chrom = {0,327;0,877;0,776;0,743;0,991;0,853;0,774;0,668;0,470;0,251;0,713;0,851;0,342;0,810;0,709;0,174;0,512;0,597;0,868;0,856;0,926;0,463;0,589;0,960;0,152;0,135;0,748;0,970;0,478;0,152;0,832;0,175;0,403;0,561;0,844;0,266}
gen = 0034,avg = 1,158,best = 1,162,chrom = {0,327;0,877;0,776;0,743;0,991;0,853;0,774;0,668;0,470;0,251;0,713;0,851;0,342;0,810;0,709;0,174;0,512;0,597;0,868;0,856;0,926;0,463;0,589;0,960;0,152;0,135;0,748;0,970;0,478;0,152;0,832;0,175;0,403;0,561;0,844;0,266}
gen = 0035,avg = 1,162,best = 1,162,chrom = {0,327;0,877;0,776;0,743;0,991;0,853;0,774;0,668;0,470;0,251;0,713;0,851;0,342;0,810;0,709;0,174;0,512;0,597;0,868;0,856;0,926;0,463;0,589;0,960;0,152;0,135;0,748;0,970;0,478;0,152;0,832;0,175;0,403;0,561;0,844;0,266}
gen = 0036,avg = 1,162,best = 1,162,chrom = {0,327;0,877;0,776;0,743;0,991;0,853;0,774;0,668;0,470;0,251;0,713;0,851;0,342;0,810;0,709;0,174;0,512;0,597;0,868;0,856;0,926;0,463;0,589;0,960;0,152;0,135;0,748;0,970;0,478;0,152;0,832;0,175;0,403;0,561;0,844;0,266}
gen = 0037,avg = 1,162,best = 1,162,chrom = {0,327;0,877;0,776;0,743;0,991;0,853;0,774;0,668;0,470;0,251;0,713;0,851;0,342;0,810;0,709;0,174;0,512;0,597;0,868;0,856;0,926;0,463;0,589;0,960;0,152;0,135;0,748;0,970;0,478;0,152;0,832;0,175;0,403;0,561;0,844;0,266}
gen = 0038,avg = 1,162,best = 1,162,chrom = {0,327;0,877;0,776;0,743;0,991;0,853;0,774;0,668;0,470;0,251;0,713;0,851;0,342;0,810;0,709;0,174;0,512;0,597;0,868;0,856;0,926;0,463;0,589;0,960;0,152;0,135;0,748;0,970;0,478;0,152;0,832;0,175;0,403;0,561;0,844;0,266}
gen = 0039,avg = 1,162,best = 1,162,chrom = {0,327;0,877;0,776;0,743;0,991;0,853;0,774;0,668;0,470;0,251;0,713;0,851;0,342;0,810;0,709;0,174;0,512;0,597;0,868;0,856;0,926;0,463;0,589;0,960;0,152;0,135;0,748;0,970;0,478;0,152;0,832;0,175;0,403;0,561;0,844;0,266}
gen = 0040,avg = 1,162,best = 1,162,chrom = {0,327;0,877;0,776;0,743;0,991;0,853;0,774;0,668;0,470;0,251;0,713;0,851;0,342;0,810;0,709;0,174;0,512;0,597;0,868;0,856;0,926;0,463;0,589;0,960;0,152;0,135;0,748;0,970;0,478;0,152;0,832;0,175;0,403;0,561;0,844;0,266}
gen = 0041,avg = 1,162,best = 1,162,chrom = {0,327;0,877;0,776;0,743;0,991;0,853;0,774;0,668;0,470;0,251;0,713;0,851;0,342;0,810;0,709;0,174;0,512;0,597;0,868;0,856;0,926;0,463;0,589;0,960;0,152;0,135;0,748;0,970;0,478;0,152;0,832;0,175;0,403;0,561;0,844;0,266}
gen = 0042,avg = 1,162,best = 1,162,chrom = {0,327;0,877;0,776;0,743;0,991;0,853;0,774;0,668;0,470;0,251;0,713;0,851;0,342;0,810;0,709;0,174;0,512;0,597;0,868;0,856;0,926;0,463;0,589;0,960;0,152;0,135;0,748;0,970;0,478;0,152;0,832;0,175;0,403;0,561;0,844;0,266}
gen = 0043,avg = 1,162,best = 1,162,chrom = {0,327;0,877;0,776;0,743;0,991;0,853;0,774;0,668;0,470;0,251;0,713;0,851;0,342;0,810;0,709;0,174;0,512;0,597;0,868;0,856;0,926;0,463;0,589;0,960;0,152;0,135;0,748;0,970;0,478;0,152;0,832;0,175;0,403;0,561;0,844;0,266}
gen = 0044,avg = 1,162,best = 1,162,chrom = {0,327;0,877;0,776;0,743;0,991;0,853;0,774;0,668;0,470;0,251;0,713;0,851;0,342;0,810;0,709;0,174;0,512;0,597;0,868;0,856;0,926;0,463;0,589;0,960;0,152;0,135;0,748;0,970;0,478;0,152;0,832;0,175;0,403;0,561;0,844;0,266}
gen = 0045,avg = 1,162,best = 1,162,chrom = {0,327;0,877;0,776;0,743;0,991;0,853;0,774;0,668;0,470;0,251;0,713;0,851;0,342;0,810;0,709;0,174;0,512;0,597;0,868;0,856;0,926;0,463;0,589;0,960;0,152;0,135;0,748;0,970;0,478;0,152;0,832;0,175;0,403;0,561;0,844;0,266}
gen = 0046,avg = 1,162,best = 1,162,chrom = {0,327;0,877;0,776;0,743;0,991;0,853;0,774;0,668;0,470;0,251;0,713;0,851;0,342;0,810;0,709;0,174;0,512;0,597;0,868;0,856;0,926;0,463;0,589;0,960;0,152;0,135;0,748;0,970;0,478;0,152;0,832;0,175;0,403;0,561;0,844;0,266}
gen = 0047,avg = 1,162,best = 1,162,chrom = {0,327;0,877;0,776;0,743;0,991;0,853;0,774;0,668;0,470;0,251;0,713;0,851;0,342;0,810;0,709;0,174;0,512;0,597;0,868;0,856;0,926;0,463;0,589;0,960;0,152;0,135;0,748;0,970;0,478;0,152;0,832;0,175;0,403;0,561;0,844;0,266}
gen = 0048,avg = 1,162,best = 1,162,chrom = {0,327;0,877;0,776;0,743;0,991;0,853;0,774;0,668;0,470;0,251;0,713;0,851;0,342;0,810;0,709;0,174;0,512;0,597;0,868;0,856;0,926;0,463;0,589;0,960;0,152;0,135;0,748;0,970;0,478;0,152;0,832;0,175;0,403;0,561;0,844;0,266}
gen = 0049,avg = 1,162,best = 1,162,chrom = {0,327;0,877;0,776;0,743;0,991;0,853;0,774;0,668;0,470;0,251;0,713;0,851;0,342;0,810;0,709;0,174;0,512;0,597;0,868;0,856;0,926;0,463;0,589;0,960;0,152;0,135;0,748;0,970;0,478;0,152;0,832;0,175;0,403;0,561;0,844;0,266}
gen = 0050,avg = 1,162,best = 1,162,chrom = {0,327;0,877;0,776;0,743;0,991;0,853;0,774;0,668;0,470;0,251;0,713;0,851;0,342;0,810;0,709;0,174;0,512;0,597;0,868;0,856;0,926;0,463;0,589;0,960;0,152;0,135;0,748;0,970;0,478;0,152;0,832;0,175;0,403;0,561;0,844;0,266}
Execution Time = 2206,171ms;
