Current parameters
 - debug = true
 - runAutotest = false
 - runChromosome = false
 - runExperiment = true
 - chromosome = null
 - showSheets = false
 - saveRatMap = .
 - numberOfGenerations = 50
 - population = 15
 - numberOfProfiles = 5
 - numberOfInitialAgents = 15
 - numberOfCells = 10
 - numberOfFoodPieces = 10
 - numberOfDays = 1000
 - numberOfExecutions = 5
 - patterns = E:\2_trabajo\doctorado\made\2014\pattern_revenge.txt
 - baseDays = 500
 - baseEnergy = 5
 - baseSmell = 3
 - baseNutrition = 4
 - baseByte = 5
 - baseFur = 5
 - baseAgeToBeAdultFemale = 42
 - baseToBeAdultMale = 49
 - basePregnancyTime = 30
 - help = false
 - seed = 1384146795583

gen = -001,avg = 112,000,best = 112,000,chrom = {0,811;0,719;0,917;0,682;0,570;0,828;0,509;0,007;0,501;0,215;0,378;0,636;0,137;0,124;0,064;0,580;0,003;0,379;0,363;0,776;0,448;0,281;0,406;0,199;0,599;0,228;0,194;0,695;0,114;0,170;0,422;0,078;0,349;0,042;0,271;0,017;0,527;0,509;0,084;0,856;0,268;0,625;0,498;0,780;0,588;0,559;0,639;0,699;0,096;0,121;0,452;0,778;0,664;0,654;0,118;0,821;0,265;0,778;0,738;0,597}
gen = 0000,avg = 59,280,best = 205,400,chrom = {0,518;0,043;0,688;0,387;0,217;0,483;0,668;0,925;0,953;0,145;0,211;0,598;0,476;0,630;0,313;0,058;0,816;0,333;0,445;0,161;0,809;0,138;0,411;0,431;0,247;0,450;0,078;0,553;0,726;0,959;0,484;0,599;0,007;0,557;0,956;0,198;0,445;0,065;0,404;0,987;0,591;0,733;0,850;0,526;0,615;0,031;0,630;0,289;0,591;0,907;0,398;0,502;0,995;0,489;0,246;0,344;0,025;0,234;0,781;0,474}
gen = 0001,avg = 130,067,best = 205,400,chrom = {0,518;0,043;0,688;0,387;0,217;0,483;0,668;0,925;0,953;0,145;0,211;0,598;0,476;0,630;0,313;0,058;0,816;0,333;0,445;0,161;0,809;0,138;0,411;0,431;0,247;0,450;0,078;0,553;0,726;0,959;0,484;0,599;0,007;0,557;0,956;0,198;0,445;0,065;0,404;0,987;0,591;0,733;0,850;0,526;0,615;0,031;0,630;0,289;0,591;0,907;0,398;0,502;0,995;0,489;0,246;0,344;0,025;0,234;0,781;0,474}
gen = 0002,avg = 181,200,best = 254,400,chrom = {0,675;0,230;0,535;0,424;0,097;0,748;0,895;0,129;0,611;0,714;0,143;0,198;0,098;0,430;0,202;0,278;0,525;0,835;0,530;0,049;0,628;0,421;0,587;0,872;0,338;0,401;0,913;0,185;0,108;0,803;0,262;0,163;0,581;0,000;0,754;0,158;0,210;0,128;0,927;0,905;0,974;0,268;0,557;0,623;0,707;0,302;0,165;0,758;0,781;0,443;0,664;0,876;0,451;0,826;0,704;0,759;0,562;0,266;0,034;0,151}
gen = 0003,avg = 232,600,best = 273,200,chrom = {0,675;0,230;0,877;0,424;0,097;0,748;0,895;0,129;0,611;0,714;0,143;0,198;0,098;0,430;0,202;0,278;0,525;0,835;0,530;0,049;0,628;0,421;0,587;0,872;0,338;0,401;0,913;0,185;0,108;0,803;0,262;0,163;0,581;0,000;0,754;0,158;0,210;0,128;0,927;0,905;0,974;0,268;0,557;0,623;0,707;0,302;0,165;0,758;0,781;0,443;0,664;0,042;0,451;0,826;0,746;0,759;0,505;0,266;0,034;0,151}
gen = 0004,avg = 261,160,best = 298,200,chrom = {0,675;0,230;0,877;0,424;0,097;0,748;0,895;0,129;0,611;0,714;0,143;0,198;0,098;0,613;0,202;0,278;0,525;0,835;0,530;0,049;0,628;0,421;0,434;0,872;0,338;0,401;0,913;0,185;0,108;0,803;0,262;0,163;0,581;0,000;0,754;0,158;0,210;0,128;0,927;0,905;0,476;0,268;0,557;0,623;0,707;0,302;0,165;0,758;0,781;0,443;0,664;0,042;0,451;0,826;0,746;0,759;0,505;0,267;0,034;0,151}
gen = 0005,avg = 273,320,best = 298,200,chrom = {0,675;0,230;0,877;0,424;0,097;0,748;0,895;0,129;0,611;0,714;0,143;0,198;0,098;0,613;0,202;0,278;0,525;0,835;0,530;0,049;0,628;0,421;0,434;0,872;0,338;0,401;0,913;0,185;0,108;0,803;0,262;0,163;0,581;0,000;0,754;0,158;0,210;0,128;0,927;0,905;0,476;0,268;0,557;0,623;0,707;0,302;0,165;0,758;0,781;0,443;0,664;0,042;0,451;0,826;0,746;0,759;0,505;0,267;0,034;0,151}
gen = 0006,avg = 282,440,best = 298,200,chrom = {0,675;0,230;0,877;0,424;0,097;0,748;0,895;0,129;0,611;0,714;0,143;0,198;0,098;0,613;0,202;0,278;0,525;0,835;0,530;0,049;0,628;0,421;0,434;0,872;0,338;0,401;0,913;0,185;0,108;0,803;0,262;0,163;0,581;0,000;0,754;0,158;0,210;0,128;0,927;0,905;0,476;0,268;0,557;0,623;0,707;0,302;0,165;0,758;0,781;0,443;0,664;0,042;0,451;0,826;0,746;0,759;0,505;0,267;0,034;0,151}
gen = 0007,avg = 290,187,best = 298,200,chrom = {0,675;0,230;0,877;0,424;0,097;0,748;0,895;0,129;0,611;0,714;0,143;0,198;0,098;0,613;0,202;0,278;0,525;0,835;0,530;0,049;0,628;0,421;0,434;0,872;0,338;0,401;0,913;0,185;0,108;0,803;0,262;0,163;0,581;0,000;0,754;0,158;0,210;0,128;0,927;0,905;0,476;0,268;0,557;0,623;0,707;0,302;0,165;0,758;0,781;0,443;0,664;0,042;0,451;0,826;0,746;0,759;0,505;0,267;0,034;0,151}
gen = 0008,avg = 297,667,best = 310,800,chrom = {0,675;0,230;0,877;0,424;0,097;0,748;0,895;0,129;0,611;0,714;0,143;0,198;0,098;0,228;0,202;0,278;0,525;0,835;0,945;0,049;0,628;0,421;0,274;0,872;0,714;0,070;0,913;0,255;0,108;0,803;0,839;0,163;0,581;0,000;0,754;0,158;0,666;0,128;0,927;0,905;0,476;0,268;0,557;0,623;0,707;0,279;0,165;0,758;0,781;0,443;0,664;0,042;0,451;0,826;0,746;0,759;0,505;0,267;0,034;0,151}
gen = 0009,avg = 303,720,best = 312,600,chrom = {0,675;0,230;0,877;0,424;0,097;0,748;0,895;0,129;0,611;0,714;0,143;0,198;0,098;0,228;0,202;0,278;0,525;0,835;0,945;0,049;0,628;0,421;0,274;0,872;0,714;0,070;0,913;0,255;0,108;0,803;0,839;0,163;0,581;0,000;0,101;0,158;0,666;0,128;0,927;0,905;0,476;0,268;0,557;0,623;0,707;0,279;0,165;0,758;0,781;0,443;0,664;0,042;0,451;0,826;0,983;0,759;0,505;0,267;0,034;0,151}
gen = 0010,avg = 313,067,best = 324,600,chrom = {0,675;0,230;0,877;0,424;0,097;0,748;0,895;0,129;0,611;0,714;0,143;0,198;0,098;0,228;0,202;0,317;0,525;0,835;0,541;0,049;0,628;0,421;0,274;0,872;0,714;0,070;0,913;0,255;0,306;0,688;0,839;0,163;0,587;0,000;0,754;0,092;0,666;0,128;0,927;0,362;0,476;0,268;0,473;0,623;0,707;0,279;0,165;0,758;0,781;0,443;0,664;0,042;0,451;0,826;0,874;0,759;0,505;0,267;0,034;0,102}
gen = 0011,avg = 324,453,best = 340,000,chrom = {0,675;0,230;0,877;0,424;0,097;0,748;0,895;0,129;0,611;0,714;0,143;0,198;0,098;0,228;0,202;0,278;0,525;0,835;0,945;0,049;0,628;0,421;0,274;0,872;0,714;0,070;0,913;0,255;0,108;0,803;0,839;0,163;0,581;0,000;0,101;0,158;0,666;0,128;0,927;0,905;0,476;0,268;0,557;0,623;0,707;0,279;0,165;0,758;0,781;0,443;0,664;0,042;0,451;0,826;0,874;0,759;0,505;0,267;0,034;0,102}
gen = 0012,avg = 329,853,best = 340,000,chrom = {0,675;0,230;0,877;0,424;0,097;0,748;0,895;0,129;0,611;0,714;0,143;0,198;0,098;0,228;0,202;0,278;0,525;0,835;0,945;0,049;0,628;0,421;0,274;0,872;0,714;0,070;0,913;0,255;0,108;0,803;0,839;0,163;0,581;0,000;0,101;0,158;0,666;0,128;0,927;0,905;0,476;0,268;0,557;0,623;0,707;0,279;0,165;0,758;0,781;0,443;0,664;0,042;0,451;0,826;0,874;0,759;0,505;0,267;0,034;0,102}
gen = 0013,avg = 336,813,best = 352,800,chrom = {0,675;0,230;0,877;0,424;0,097;0,748;0,895;0,129;0,611;0,714;0,143;0,198;0,098;0,228;0,202;0,278;0,525;0,835;0,945;0,049;0,628;0,421;0,274;0,917;0,714;0,070;0,913;0,255;0,108;0,803;0,839;0,163;0,581;0,000;0,101;0,158;0,666;0,383;0,927;0,905;0,476;0,268;0,557;0,623;0,707;0,279;0,165;0,758;0,781;0,443;0,664;0,042;0,451;0,826;0,874;0,759;0,505;0,267;0,034;0,102}
gen = 0014,avg = 340,920,best = 352,800,chrom = {0,675;0,230;0,877;0,424;0,097;0,748;0,895;0,129;0,611;0,714;0,143;0,198;0,098;0,228;0,202;0,278;0,525;0,835;0,945;0,049;0,628;0,421;0,274;0,917;0,714;0,070;0,913;0,255;0,108;0,803;0,839;0,163;0,581;0,000;0,101;0,158;0,666;0,383;0,927;0,905;0,476;0,268;0,557;0,623;0,707;0,279;0,165;0,758;0,781;0,443;0,664;0,042;0,451;0,826;0,874;0,759;0,505;0,267;0,034;0,102}
gen = 0015,avg = 343,973,best = 352,800,chrom = {0,675;0,230;0,877;0,424;0,097;0,748;0,895;0,129;0,611;0,714;0,143;0,198;0,098;0,228;0,202;0,278;0,525;0,835;0,945;0,049;0,628;0,421;0,274;0,917;0,714;0,070;0,913;0,255;0,108;0,803;0,839;0,163;0,581;0,000;0,101;0,158;0,666;0,383;0,927;0,905;0,476;0,268;0,557;0,623;0,707;0,279;0,165;0,758;0,781;0,443;0,664;0,042;0,451;0,826;0,874;0,759;0,505;0,267;0,034;0,102}
gen = 0016,avg = 351,080,best = 381,800,chrom = {0,675;0,230;0,877;0,424;0,097;0,748;0,895;0,129;0,611;0,714;0,143;0,198;0,098;0,228;0,202;0,278;0,525;0,835;0,945;0,058;0,628;0,421;0,274;0,872;0,714;0,070;0,913;0,956;0,306;0,688;0,839;0,163;0,587;0,080;0,754;0,092;0,666;0,128;0,795;0,369;0,675;0,268;0,473;0,623;0,707;0,279;0,189;0,042;0,781;0,443;0,664;0,537;0,451;0,924;0,874;0,759;0,505;0,267;0,034;0,102}
gen = 0017,avg = 355,413,best = 381,800,chrom = {0,675;0,230;0,877;0,424;0,097;0,748;0,895;0,129;0,611;0,714;0,143;0,198;0,098;0,228;0,202;0,278;0,525;0,835;0,945;0,058;0,628;0,421;0,274;0,872;0,714;0,070;0,913;0,956;0,306;0,688;0,839;0,163;0,587;0,080;0,754;0,092;0,666;0,128;0,795;0,369;0,675;0,268;0,473;0,623;0,707;0,279;0,189;0,042;0,781;0,443;0,664;0,537;0,451;0,924;0,874;0,759;0,505;0,267;0,034;0,102}
gen = 0018,avg = 362,307,best = 381,800,chrom = {0,675;0,230;0,877;0,424;0,097;0,748;0,895;0,129;0,611;0,714;0,143;0,198;0,098;0,228;0,202;0,278;0,525;0,835;0,945;0,058;0,628;0,421;0,274;0,872;0,714;0,070;0,913;0,956;0,306;0,688;0,839;0,163;0,587;0,080;0,754;0,092;0,666;0,128;0,795;0,369;0,675;0,268;0,473;0,623;0,707;0,279;0,189;0,042;0,781;0,443;0,664;0,537;0,451;0,924;0,874;0,759;0,505;0,267;0,034;0,102}
gen = 0019,avg = 367,467,best = 381,800,chrom = {0,675;0,230;0,877;0,424;0,097;0,748;0,895;0,129;0,611;0,714;0,143;0,198;0,098;0,228;0,202;0,278;0,525;0,835;0,945;0,058;0,628;0,421;0,274;0,872;0,714;0,070;0,913;0,956;0,306;0,688;0,839;0,163;0,587;0,080;0,754;0,092;0,666;0,128;0,795;0,369;0,675;0,268;0,473;0,623;0,707;0,279;0,189;0,042;0,781;0,443;0,664;0,537;0,451;0,924;0,874;0,759;0,505;0,267;0,034;0,102}
gen = 0020,avg = 373,213,best = 390,600,chrom = {0,675;0,230;0,877;0,424;0,097;0,748;0,895;0,129;0,611;0,714;0,143;0,198;0,098;0,228;0,202;0,278;0,525;0,835;0,945;0,058;0,628;0,421;0,274;0,872;0,714;0,070;0,913;0,956;0,306;0,688;0,839;0,163;0,587;0,080;0,754;0,092;0,666;0,128;0,795;0,369;0,675;0,268;0,473;0,623;0,707;0,279;0,189;0,042;0,781;0,443;0,664;0,537;0,451;0,924;0,874;0,759;0,505;0,267;0,034;0,102}
gen = 0021,avg = 376,627,best = 390,600,chrom = {0,675;0,230;0,877;0,424;0,097;0,748;0,895;0,129;0,611;0,714;0,143;0,198;0,098;0,228;0,202;0,278;0,525;0,835;0,945;0,058;0,628;0,421;0,274;0,872;0,714;0,070;0,913;0,956;0,306;0,688;0,839;0,163;0,587;0,080;0,754;0,092;0,666;0,128;0,795;0,369;0,675;0,268;0,473;0,623;0,707;0,279;0,189;0,042;0,781;0,443;0,664;0,537;0,451;0,924;0,874;0,759;0,505;0,267;0,034;0,102}
gen = 0022,avg = 379,467,best = 390,600,chrom = {0,675;0,230;0,877;0,424;0,097;0,748;0,895;0,129;0,611;0,714;0,143;0,198;0,098;0,228;0,202;0,278;0,525;0,835;0,945;0,058;0,628;0,421;0,274;0,872;0,714;0,070;0,913;0,956;0,306;0,688;0,839;0,163;0,587;0,080;0,754;0,092;0,666;0,128;0,795;0,369;0,675;0,268;0,473;0,623;0,707;0,279;0,189;0,042;0,781;0,443;0,664;0,537;0,451;0,924;0,874;0,759;0,505;0,267;0,034;0,102}
gen = 0023,avg = 381,760,best = 390,600,chrom = {0,675;0,230;0,877;0,424;0,097;0,748;0,895;0,129;0,611;0,714;0,143;0,198;0,098;0,228;0,202;0,278;0,525;0,835;0,945;0,058;0,628;0,421;0,274;0,872;0,714;0,070;0,913;0,956;0,306;0,688;0,839;0,163;0,587;0,080;0,754;0,092;0,666;0,128;0,795;0,369;0,675;0,268;0,473;0,623;0,707;0,279;0,189;0,042;0,781;0,443;0,664;0,537;0,451;0,924;0,874;0,759;0,505;0,267;0,034;0,102}
gen = 0024,avg = 383,627,best = 390,600,chrom = {0,675;0,230;0,877;0,424;0,097;0,748;0,895;0,129;0,611;0,714;0,143;0,198;0,098;0,228;0,202;0,278;0,525;0,835;0,945;0,058;0,628;0,421;0,274;0,872;0,714;0,070;0,913;0,956;0,306;0,688;0,839;0,163;0,587;0,080;0,754;0,092;0,666;0,128;0,795;0,369;0,675;0,268;0,473;0,623;0,707;0,279;0,189;0,042;0,781;0,443;0,664;0,537;0,451;0,924;0,874;0,759;0,505;0,267;0,034;0,102}
gen = 0025,avg = 384,947,best = 390,600,chrom = {0,675;0,230;0,877;0,424;0,097;0,748;0,895;0,129;0,611;0,714;0,143;0,198;0,098;0,228;0,202;0,278;0,525;0,835;0,945;0,058;0,628;0,421;0,274;0,872;0,714;0,070;0,913;0,956;0,306;0,688;0,839;0,163;0,587;0,080;0,754;0,092;0,666;0,128;0,795;0,369;0,675;0,268;0,473;0,623;0,707;0,279;0,189;0,042;0,781;0,443;0,664;0,537;0,451;0,924;0,874;0,759;0,505;0,267;0,034;0,102}
gen = 0026,avg = 386,093,best = 390,600,chrom = {0,675;0,230;0,877;0,424;0,097;0,748;0,895;0,129;0,611;0,714;0,143;0,198;0,098;0,228;0,202;0,278;0,525;0,835;0,945;0,058;0,628;0,421;0,274;0,872;0,714;0,070;0,913;0,956;0,306;0,688;0,839;0,163;0,587;0,080;0,754;0,092;0,666;0,128;0,795;0,369;0,675;0,268;0,473;0,623;0,707;0,279;0,189;0,042;0,781;0,443;0,664;0,537;0,451;0,924;0,874;0,759;0,505;0,267;0,034;0,102}
gen = 0027,avg = 386,973,best = 390,600,chrom = {0,675;0,230;0,877;0,424;0,097;0,748;0,895;0,129;0,611;0,714;0,143;0,198;0,098;0,228;0,202;0,278;0,525;0,835;0,945;0,058;0,628;0,421;0,274;0,872;0,714;0,070;0,913;0,956;0,306;0,688;0,839;0,163;0,587;0,080;0,754;0,092;0,666;0,128;0,795;0,369;0,675;0,268;0,473;0,623;0,707;0,279;0,189;0,042;0,781;0,443;0,664;0,537;0,451;0,924;0,874;0,759;0,505;0,267;0,034;0,102}
gen = 0028,avg = 387,667,best = 390,600,chrom = {0,675;0,230;0,877;0,424;0,097;0,748;0,895;0,129;0,611;0,714;0,143;0,198;0,098;0,228;0,202;0,278;0,525;0,835;0,945;0,058;0,628;0,421;0,274;0,872;0,714;0,070;0,913;0,956;0,306;0,688;0,839;0,163;0,587;0,080;0,754;0,092;0,666;0,128;0,795;0,369;0,675;0,268;0,473;0,623;0,707;0,279;0,189;0,042;0,781;0,443;0,664;0,537;0,451;0,924;0,874;0,759;0,505;0,267;0,034;0,102}
gen = 0029,avg = 388,333,best = 390,600,chrom = {0,675;0,230;0,877;0,424;0,097;0,748;0,895;0,129;0,611;0,714;0,143;0,198;0,098;0,228;0,202;0,278;0,525;0,835;0,945;0,058;0,628;0,421;0,274;0,872;0,714;0,070;0,913;0,956;0,306;0,688;0,839;0,163;0,587;0,080;0,754;0,092;0,666;0,128;0,795;0,369;0,675;0,268;0,473;0,623;0,707;0,279;0,189;0,042;0,781;0,443;0,664;0,537;0,451;0,924;0,874;0,759;0,505;0,267;0,034;0,102}
gen = 0030,avg = 388,920,best = 390,600,chrom = {0,675;0,230;0,877;0,424;0,097;0,748;0,895;0,129;0,611;0,714;0,143;0,198;0,098;0,228;0,202;0,278;0,525;0,835;0,945;0,058;0,628;0,421;0,274;0,872;0,714;0,070;0,913;0,956;0,306;0,688;0,839;0,163;0,587;0,080;0,754;0,092;0,666;0,128;0,795;0,369;0,675;0,268;0,473;0,623;0,707;0,279;0,189;0,042;0,781;0,443;0,664;0,537;0,451;0,924;0,874;0,759;0,505;0,267;0,034;0,102}
gen = 0031,avg = 389,507,best = 390,600,chrom = {0,675;0,230;0,877;0,424;0,097;0,748;0,895;0,129;0,611;0,714;0,143;0,198;0,098;0,228;0,202;0,278;0,525;0,835;0,945;0,058;0,628;0,421;0,274;0,872;0,714;0,070;0,913;0,956;0,306;0,688;0,839;0,163;0,587;0,080;0,754;0,092;0,666;0,128;0,795;0,369;0,675;0,268;0,473;0,623;0,707;0,279;0,189;0,042;0,781;0,443;0,664;0,537;0,451;0,924;0,874;0,759;0,505;0,267;0,034;0,102}
gen = 0032,avg = 390,093,best = 390,600,chrom = {0,675;0,230;0,877;0,424;0,097;0,748;0,895;0,129;0,611;0,714;0,143;0,198;0,098;0,228;0,202;0,278;0,525;0,835;0,945;0,058;0,628;0,421;0,274;0,872;0,714;0,070;0,913;0,956;0,306;0,688;0,839;0,163;0,587;0,080;0,754;0,092;0,666;0,128;0,795;0,369;0,675;0,268;0,473;0,623;0,707;0,279;0,189;0,042;0,781;0,443;0,664;0,537;0,451;0,924;0,874;0,759;0,505;0,267;0,034;0,102}
gen = 0033,avg = 391,240,best = 395,400,chrom = {0,675;0,230;0,877;0,424;0,097;0,748;0,895;0,129;0,611;0,714;0,143;0,198;0,098;0,228;0,202;0,278;0,525;0,835;0,192;0,058;0,628;0,421;0,274;0,872;0,714;0,070;0,913;0,956;0,306;0,688;0,839;0,437;0,587;0,080;0,754;0,092;0,666;0,128;0,795;0,782;0,675;0,645;0,473;0,623;0,707;0,279;0,779;0,042;0,781;0,443;0,664;0,537;0,451;0,971;0,874;0,759;0,505;0,267;0,034;0,102}
gen = 0034,avg = 391,560,best = 395,400,chrom = {0,675;0,230;0,877;0,424;0,097;0,748;0,895;0,129;0,611;0,714;0,143;0,198;0,098;0,228;0,202;0,278;0,525;0,835;0,192;0,058;0,628;0,421;0,274;0,872;0,714;0,070;0,913;0,956;0,306;0,688;0,839;0,437;0,587;0,080;0,754;0,092;0,666;0,128;0,795;0,782;0,675;0,645;0,473;0,623;0,707;0,279;0,779;0,042;0,781;0,443;0,664;0,537;0,451;0,971;0,874;0,759;0,505;0,267;0,034;0,102}
gen = 0035,avg = 391,880,best = 395,400,chrom = {0,675;0,230;0,877;0,424;0,097;0,748;0,895;0,129;0,611;0,714;0,143;0,198;0,098;0,228;0,202;0,278;0,525;0,835;0,192;0,058;0,628;0,421;0,274;0,872;0,714;0,070;0,913;0,956;0,306;0,688;0,839;0,437;0,587;0,080;0,754;0,092;0,666;0,128;0,795;0,782;0,675;0,645;0,473;0,623;0,707;0,279;0,779;0,042;0,781;0,443;0,664;0,537;0,451;0,971;0,874;0,759;0,505;0,267;0,034;0,102}
gen = 0036,avg = 392,200,best = 395,400,chrom = {0,675;0,230;0,877;0,424;0,097;0,748;0,895;0,129;0,611;0,714;0,143;0,198;0,098;0,228;0,202;0,278;0,525;0,835;0,192;0,058;0,628;0,421;0,274;0,872;0,714;0,070;0,913;0,956;0,306;0,688;0,839;0,437;0,587;0,080;0,754;0,092;0,666;0,128;0,795;0,782;0,675;0,645;0,473;0,623;0,707;0,279;0,779;0,042;0,781;0,443;0,664;0,537;0,451;0,971;0,874;0,759;0,505;0,267;0,034;0,102}
gen = 0037,avg = 392,520,best = 395,400,chrom = {0,675;0,230;0,877;0,424;0,097;0,748;0,895;0,129;0,611;0,714;0,143;0,198;0,098;0,228;0,202;0,278;0,525;0,835;0,192;0,058;0,628;0,421;0,274;0,872;0,714;0,070;0,913;0,956;0,306;0,688;0,839;0,437;0,587;0,080;0,754;0,092;0,666;0,128;0,795;0,782;0,675;0,645;0,473;0,623;0,707;0,279;0,779;0,042;0,781;0,443;0,664;0,537;0,451;0,971;0,874;0,759;0,505;0,267;0,034;0,102}
gen = 0038,avg = 392,840,best = 395,400,chrom = {0,675;0,230;0,877;0,424;0,097;0,748;0,895;0,129;0,611;0,714;0,143;0,198;0,098;0,228;0,202;0,278;0,525;0,835;0,192;0,058;0,628;0,421;0,274;0,872;0,714;0,070;0,913;0,956;0,306;0,688;0,839;0,437;0,587;0,080;0,754;0,092;0,666;0,128;0,795;0,782;0,675;0,645;0,473;0,623;0,707;0,279;0,779;0,042;0,781;0,443;0,664;0,537;0,451;0,971;0,874;0,759;0,505;0,267;0,034;0,102}
gen = 0039,avg = 393,160,best = 395,400,chrom = {0,675;0,230;0,877;0,424;0,097;0,748;0,895;0,129;0,611;0,714;0,143;0,198;0,098;0,228;0,202;0,278;0,525;0,835;0,192;0,058;0,628;0,421;0,274;0,872;0,714;0,070;0,913;0,956;0,306;0,688;0,839;0,437;0,587;0,080;0,754;0,092;0,666;0,128;0,795;0,782;0,675;0,645;0,473;0,623;0,707;0,279;0,779;0,042;0,781;0,443;0,664;0,537;0,451;0,971;0,874;0,759;0,505;0,267;0,034;0,102}
gen = 0040,avg = 393,480,best = 395,400,chrom = {0,675;0,230;0,877;0,424;0,097;0,748;0,895;0,129;0,611;0,714;0,143;0,198;0,098;0,228;0,202;0,278;0,525;0,835;0,192;0,058;0,628;0,421;0,274;0,872;0,714;0,070;0,913;0,956;0,306;0,688;0,839;0,437;0,587;0,080;0,754;0,092;0,666;0,128;0,795;0,782;0,675;0,645;0,473;0,623;0,707;0,279;0,779;0,042;0,781;0,443;0,664;0,537;0,451;0,971;0,874;0,759;0,505;0,267;0,034;0,102}
gen = 0041,avg = 393,800,best = 395,400,chrom = {0,675;0,230;0,877;0,424;0,097;0,748;0,895;0,129;0,611;0,714;0,143;0,198;0,098;0,228;0,202;0,278;0,525;0,835;0,192;0,058;0,628;0,421;0,274;0,872;0,714;0,070;0,913;0,956;0,306;0,688;0,839;0,437;0,587;0,080;0,754;0,092;0,666;0,128;0,795;0,782;0,675;0,645;0,473;0,623;0,707;0,279;0,779;0,042;0,781;0,443;0,664;0,537;0,451;0,971;0,874;0,759;0,505;0,267;0,034;0,102}
gen = 0042,avg = 394,120,best = 395,400,chrom = {0,675;0,230;0,877;0,424;0,097;0,748;0,895;0,129;0,611;0,714;0,143;0,198;0,098;0,228;0,202;0,278;0,525;0,835;0,192;0,058;0,628;0,421;0,274;0,872;0,714;0,070;0,913;0,956;0,306;0,688;0,839;0,437;0,587;0,080;0,754;0,092;0,666;0,128;0,795;0,782;0,675;0,645;0,473;0,623;0,707;0,279;0,779;0,042;0,781;0,443;0,664;0,537;0,451;0,971;0,874;0,759;0,505;0,267;0,034;0,102}
gen = 0043,avg = 394,440,best = 395,400,chrom = {0,675;0,230;0,877;0,424;0,097;0,748;0,895;0,129;0,611;0,714;0,143;0,198;0,098;0,228;0,202;0,278;0,525;0,835;0,192;0,058;0,628;0,421;0,274;0,872;0,714;0,070;0,913;0,956;0,306;0,688;0,839;0,437;0,587;0,080;0,754;0,092;0,666;0,128;0,795;0,782;0,675;0,645;0,473;0,623;0,707;0,279;0,779;0,042;0,781;0,443;0,664;0,537;0,451;0,971;0,874;0,759;0,505;0,267;0,034;0,102}
gen = 0044,avg = 394,760,best = 395,400,chrom = {0,675;0,230;0,877;0,424;0,097;0,748;0,895;0,129;0,611;0,714;0,143;0,198;0,098;0,228;0,202;0,278;0,525;0,835;0,192;0,058;0,628;0,421;0,274;0,872;0,714;0,070;0,913;0,956;0,306;0,688;0,839;0,437;0,587;0,080;0,754;0,092;0,666;0,128;0,795;0,782;0,675;0,645;0,473;0,623;0,707;0,279;0,779;0,042;0,781;0,443;0,664;0,537;0,451;0,971;0,874;0,759;0,505;0,267;0,034;0,102}
gen = 0045,avg = 395,080,best = 395,400,chrom = {0,675;0,230;0,877;0,424;0,097;0,748;0,895;0,129;0,611;0,714;0,143;0,198;0,098;0,228;0,202;0,278;0,525;0,835;0,192;0,058;0,628;0,421;0,274;0,872;0,714;0,070;0,913;0,956;0,306;0,688;0,839;0,437;0,587;0,080;0,754;0,092;0,666;0,128;0,795;0,782;0,675;0,645;0,473;0,623;0,707;0,279;0,779;0,042;0,781;0,443;0,664;0,537;0,451;0,971;0,874;0,759;0,505;0,267;0,034;0,102}
gen = 0046,avg = 395,400,best = 395,400,chrom = {0,675;0,230;0,877;0,424;0,097;0,748;0,895;0,129;0,611;0,714;0,143;0,198;0,098;0,228;0,202;0,278;0,525;0,835;0,192;0,058;0,628;0,421;0,274;0,872;0,714;0,070;0,913;0,956;0,306;0,688;0,839;0,437;0,587;0,080;0,754;0,092;0,666;0,128;0,795;0,782;0,675;0,645;0,473;0,623;0,707;0,279;0,779;0,042;0,781;0,443;0,664;0,537;0,451;0,971;0,874;0,759;0,505;0,267;0,034;0,102}
gen = 0047,avg = 395,400,best = 395,400,chrom = {0,675;0,230;0,877;0,424;0,097;0,748;0,895;0,129;0,611;0,714;0,143;0,198;0,098;0,228;0,202;0,278;0,525;0,835;0,192;0,058;0,628;0,421;0,274;0,872;0,714;0,070;0,913;0,956;0,306;0,688;0,839;0,437;0,587;0,080;0,754;0,092;0,666;0,128;0,795;0,782;0,675;0,645;0,473;0,623;0,707;0,279;0,779;0,042;0,781;0,443;0,664;0,537;0,451;0,971;0,874;0,759;0,505;0,267;0,034;0,102}
gen = 0048,avg = 395,400,best = 395,400,chrom = {0,675;0,230;0,877;0,424;0,097;0,748;0,895;0,129;0,611;0,714;0,143;0,198;0,098;0,228;0,202;0,278;0,525;0,835;0,192;0,058;0,628;0,421;0,274;0,872;0,714;0,070;0,913;0,956;0,306;0,688;0,839;0,437;0,587;0,080;0,754;0,092;0,666;0,128;0,795;0,782;0,675;0,645;0,473;0,623;0,707;0,279;0,779;0,042;0,781;0,443;0,664;0,537;0,451;0,971;0,874;0,759;0,505;0,267;0,034;0,102}
gen = 0049,avg = 395,400,best = 395,400,chrom = {0,675;0,230;0,877;0,424;0,097;0,748;0,895;0,129;0,611;0,714;0,143;0,198;0,098;0,228;0,202;0,278;0,525;0,835;0,192;0,058;0,628;0,421;0,274;0,872;0,714;0,070;0,913;0,956;0,306;0,688;0,839;0,437;0,587;0,080;0,754;0,092;0,666;0,128;0,795;0,782;0,675;0,645;0,473;0,623;0,707;0,279;0,779;0,042;0,781;0,443;0,664;0,537;0,451;0,971;0,874;0,759;0,505;0,267;0,034;0,102}
gen = 0050,avg = 395,400,best = 395,400,chrom = {0,675;0,230;0,877;0,424;0,097;0,748;0,895;0,129;0,611;0,714;0,143;0,198;0,098;0,228;0,202;0,278;0,525;0,835;0,192;0,058;0,628;0,421;0,274;0,872;0,714;0,070;0,913;0,956;0,306;0,688;0,839;0,437;0,587;0,080;0,754;0,092;0,666;0,128;0,795;0,782;0,675;0,645;0,473;0,623;0,707;0,279;0,779;0,042;0,781;0,443;0,664;0,537;0,451;0,971;0,874;0,759;0,505;0,267;0,034;0,102}
Execution Time = 2269,215ms;
