Current parameters
 - debug = true
 - runAutotest = false
 - runChromosome = false
 - runExperiment = true
 - chromosome = null
 - showSheets = false
 - saveRatMap = .
 - numberOfGenerations = 50
 - population = 15
 - numberOfProfiles = 5
 - numberOfInitialAgents = 15
 - numberOfCells = 10
 - numberOfFoodPieces = 10
 - numberOfDays = 1000
 - numberOfExecutions = 5
 - patterns = E:\2_trabajo\doctorado\made\2014\pattern_revenge.txt
 - baseDays = 500
 - baseEnergy = 5
 - baseSmell = 3
 - baseNutrition = 4
 - baseByte = 5
 - baseFur = 5
 - baseAgeToBeAdultFemale = 42
 - baseToBeAdultMale = 49
 - basePregnancyTime = 30
 - help = false
 - seed = 1384167408965

gen = -001,avg = 58,600,best = 58,600,chrom = {0,901;0,246;0,278;0,954;0,818;0,454;0,232;0,845;0,477;0,518;0,937;0,078;0,052;0,445;0,159;0,039;0,726;0,343;0,836;0,992;0,116;0,529;0,688;0,408;0,072;0,099;0,630;0,903;0,673;0,489;0,013;0,116;0,707;0,949;0,319;0,040;0,792;0,118;0,448;0,816;0,821;0,855;0,369;0,765;0,333;0,274;0,544;0,471;0,012;0,513;0,182;0,079;0,514;0,065;0,082;0,551;0,433;0,688;0,562;0,550}
gen = 0000,avg = 81,440,best = 256,600,chrom = {0,504;0,275;0,285;0,052;0,137;0,273;0,850;0,216;0,794;0,290;0,443;0,599;0,882;0,590;0,279;0,570;0,401;0,515;0,259;0,396;0,170;0,064;0,754;0,070;0,465;0,255;0,094;0,289;0,536;0,020;0,011;0,484;0,606;0,005;0,579;0,205;0,519;0,063;0,382;0,807;0,399;0,405;0,973;0,378;0,326;0,341;0,013;0,045;0,271;0,323;0,790;0,348;0,274;0,492;0,258;0,131;0,106;0,273;0,092;0,523}
gen = 0001,avg = 146,453,best = 270,400,chrom = {0,978;0,275;0,285;0,052;0,137;0,273;0,850;0,216;0,794;0,290;0,443;0,599;0,882;0,590;0,279;0,570;0,730;0,515;0,259;0,396;0,170;0,064;0,754;0,070;0,465;0,255;0,094;0,289;0,536;0,020;0,011;0,484;0,389;0,005;0,579;0,205;0,674;0,063;0,382;0,807;0,399;0,405;0,973;0,378;0,326;0,341;0,013;0,045;0,271;0,323;0,790;0,348;0,274;0,492;0,258;0,915;0,106;0,273;0,092;0,523}
gen = 0002,avg = 214,533,best = 279,800,chrom = {0,978;0,275;0,969;0,052;0,027;0,273;0,850;0,056;0,794;0,290;0,443;0,599;0,882;0,590;0,279;0,570;0,730;0,515;0,259;0,370;0,170;0,064;0,754;0,070;0,465;0,255;0,094;0,289;0,536;0,020;0,011;0,484;0,389;0,005;0,579;0,205;0,674;0,063;0,382;0,807;0,399;0,405;0,973;0,378;0,326;0,341;0,013;0,045;0,271;0,323;0,790;0,348;0,274;0,492;0,258;0,915;0,106;0,273;0,092;0,523}
gen = 0003,avg = 272,987,best = 291,200,chrom = {0,978;0,275;0,285;0,052;0,137;0,273;0,850;0,216;0,794;0,290;0,443;0,599;0,882;0,590;0,279;0,570;0,730;0,515;0,259;0,396;0,170;0,064;0,754;0,070;0,465;0,255;0,094;0,289;0,536;0,020;0,011;0,754;0,389;0,005;0,579;0,205;0,674;0,063;0,756;0,807;0,399;0,405;0,973;0,378;0,326;0,341;0,013;0,045;0,271;0,059;0,790;0,348;0,274;0,492;0,607;0,915;0,106;0,273;0,092;0,523}
gen = 0004,avg = 284,667,best = 291,200,chrom = {0,978;0,275;0,285;0,052;0,137;0,273;0,850;0,216;0,794;0,290;0,443;0,599;0,882;0,590;0,279;0,570;0,730;0,515;0,259;0,396;0,170;0,064;0,754;0,070;0,465;0,255;0,094;0,289;0,536;0,020;0,011;0,754;0,389;0,005;0,579;0,205;0,674;0,063;0,756;0,807;0,399;0,405;0,973;0,378;0,326;0,341;0,013;0,045;0,271;0,059;0,790;0,348;0,274;0,492;0,607;0,915;0,106;0,273;0,092;0,523}
gen = 0005,avg = 294,480,best = 317,800,chrom = {0,410;0,541;0,232;0,288;0,945;0,511;0,287;0,705;0,933;0,932;0,992;0,411;0,086;0,179;0,823;0,964;0,212;0,147;0,905;0,915;0,122;0,957;0,079;0,322;0,310;0,048;0,828;0,584;0,651;0,425;0,510;0,565;0,102;0,928;0,990;0,018;0,964;0,116;0,423;0,639;0,570;0,787;0,634;0,378;0,326;0,341;0,013;0,045;0,271;0,323;0,790;0,348;0,274;0,492;0,310;0,131;0,106;0,273;0,092;0,523}
gen = 0006,avg = 300,467,best = 317,800,chrom = {0,410;0,541;0,232;0,288;0,945;0,511;0,287;0,705;0,933;0,932;0,992;0,411;0,086;0,179;0,823;0,964;0,212;0,147;0,905;0,915;0,122;0,957;0,079;0,322;0,310;0,048;0,828;0,584;0,651;0,425;0,510;0,565;0,102;0,928;0,990;0,018;0,964;0,116;0,423;0,639;0,570;0,787;0,634;0,378;0,326;0,341;0,013;0,045;0,271;0,323;0,790;0,348;0,274;0,492;0,310;0,131;0,106;0,273;0,092;0,523}
gen = 0007,avg = 316,813,best = 348,200,chrom = {0,410;0,541;0,232;0,288;0,945;0,511;0,287;0,705;0,933;0,932;0,992;0,411;0,287;0,179;0,823;0,964;0,212;0,226;0,905;0,915;0,169;0,957;0,492;0,322;0,379;0,048;0,828;0,584;0,651;0,425;0,510;0,565;0,102;0,928;0,990;0,018;0,407;0,116;0,423;0,639;0,570;0,787;0,777;0,707;0,580;0,007;0,274;0,146;0,171;0,323;0,790;0,348;0,274;0,492;0,310;0,131;0,106;0,273;0,092;0,523}
gen = 0008,avg = 330,573,best = 352,600,chrom = {0,978;0,275;0,285;0,052;0,137;0,273;0,850;0,216;0,794;0,290;0,443;0,174;0,882;0,179;0,823;0,964;0,212;0,147;0,905;0,915;0,122;0,957;0,079;0,322;0,310;0,048;0,828;0,584;0,651;0,425;0,510;0,565;0,102;0,928;0,990;0,018;0,964;0,116;0,423;0,639;0,570;0,787;0,634;0,378;0,326;0,341;0,013;0,045;0,271;0,323;0,790;0,348;0,274;0,492;0,310;0,131;0,106;0,273;0,092;0,523}
gen = 0009,avg = 338,893,best = 352,600,chrom = {0,978;0,275;0,285;0,052;0,137;0,273;0,850;0,216;0,794;0,290;0,443;0,174;0,882;0,179;0,823;0,964;0,212;0,147;0,905;0,915;0,122;0,957;0,079;0,322;0,310;0,048;0,828;0,584;0,651;0,425;0,510;0,565;0,102;0,928;0,990;0,018;0,964;0,116;0,423;0,639;0,570;0,787;0,634;0,378;0,326;0,341;0,013;0,045;0,271;0,323;0,790;0,348;0,274;0,492;0,310;0,131;0,106;0,273;0,092;0,523}
gen = 0010,avg = 351,053,best = 362,600,chrom = {0,008;0,541;0,232;0,288;0,945;0,511;0,287;0,705;0,933;0,932;0,992;0,551;0,287;0,179;0,823;0,964;0,212;0,226;0,905;0,915;0,169;0,957;0,492;0,322;0,379;0,048;0,828;0,342;0,651;0,857;0,510;0,565;0,102;0,928;0,990;0,018;0,503;0,116;0,423;0,639;0,570;0,787;0,634;0,378;0,326;0,341;0,013;0,045;0,271;0,059;0,790;0,348;0,274;0,492;0,607;0,915;0,106;0,273;0,092;0,523}
gen = 0011,avg = 356,320,best = 362,600,chrom = {0,008;0,541;0,232;0,288;0,945;0,511;0,287;0,705;0,933;0,932;0,992;0,551;0,287;0,179;0,823;0,964;0,212;0,226;0,905;0,915;0,169;0,957;0,492;0,322;0,379;0,048;0,828;0,342;0,651;0,857;0,510;0,565;0,102;0,928;0,990;0,018;0,503;0,116;0,423;0,639;0,570;0,787;0,634;0,378;0,326;0,341;0,013;0,045;0,271;0,059;0,790;0,348;0,274;0,492;0,607;0,915;0,106;0,273;0,092;0,523}
gen = 0012,avg = 360,587,best = 379,600,chrom = {0,978;0,275;0,285;0,052;0,137;0,273;0,850;0,216;0,794;0,181;0,443;0,174;0,882;0,179;0,823;0,964;0,212;0,336;0,905;0,915;0,109;0,352;0,492;0,322;0,310;0,048;0,828;0,131;0,651;0,425;0,510;0,565;0,102;0,916;0,990;0,018;0,964;0,116;0,774;0,639;0,570;0,787;0,634;0,378;0,326;0,341;0,013;0,045;0,271;0,059;0,790;0,348;0,274;0,712;0,501;0,131;0,930;0,016;0,092;0,523}
gen = 0013,avg = 365,080,best = 380,600,chrom = {0,978;0,684;0,285;0,052;0,137;0,273;0,850;0,216;0,794;0,290;0,443;0,174;0,882;0,179;0,823;0,964;0,212;0,772;0,905;0,915;0,169;0,352;0,492;0,322;0,310;0,048;0,828;0,584;0,651;0,425;0,510;0,565;0,102;0,314;0,990;0,018;0,964;0,116;0,423;0,639;0,570;0,787;0,634;0,378;0,326;0,409;0,013;0,045;0,271;0,059;0,790;0,348;0,274;0,492;0,607;0,915;0,099;0,273;0,092;0,523}
gen = 0014,avg = 369,920,best = 380,600,chrom = {0,978;0,684;0,285;0,052;0,137;0,273;0,850;0,216;0,794;0,290;0,443;0,174;0,882;0,179;0,823;0,964;0,212;0,772;0,905;0,915;0,169;0,352;0,492;0,322;0,310;0,048;0,828;0,584;0,651;0,425;0,510;0,565;0,102;0,314;0,990;0,018;0,964;0,116;0,423;0,639;0,570;0,787;0,634;0,378;0,326;0,409;0,013;0,045;0,271;0,059;0,790;0,348;0,274;0,492;0,607;0,915;0,099;0,273;0,092;0,523}
gen = 0015,avg = 373,040,best = 380,600,chrom = {0,978;0,684;0,285;0,052;0,137;0,273;0,850;0,216;0,794;0,290;0,443;0,174;0,882;0,179;0,823;0,964;0,212;0,772;0,905;0,915;0,169;0,352;0,492;0,322;0,310;0,048;0,828;0,584;0,651;0,425;0,510;0,565;0,102;0,314;0,990;0,018;0,964;0,116;0,423;0,639;0,570;0,787;0,634;0,378;0,326;0,409;0,013;0,045;0,271;0,059;0,790;0,348;0,274;0,492;0,607;0,915;0,099;0,273;0,092;0,523}
gen = 0016,avg = 376,253,best = 380,600,chrom = {0,978;0,684;0,285;0,052;0,137;0,273;0,850;0,216;0,794;0,290;0,443;0,174;0,882;0,179;0,823;0,964;0,212;0,772;0,905;0,915;0,169;0,352;0,492;0,322;0,310;0,048;0,828;0,584;0,651;0,425;0,510;0,565;0,102;0,314;0,990;0,018;0,964;0,116;0,423;0,639;0,570;0,787;0,634;0,378;0,326;0,409;0,013;0,045;0,271;0,059;0,790;0,348;0,274;0,492;0,607;0,915;0,099;0,273;0,092;0,523}
gen = 0017,avg = 378,200,best = 380,600,chrom = {0,978;0,684;0,285;0,052;0,137;0,273;0,850;0,216;0,794;0,290;0,443;0,174;0,882;0,179;0,823;0,964;0,212;0,772;0,905;0,915;0,169;0,352;0,492;0,322;0,310;0,048;0,828;0,584;0,651;0,425;0,510;0,565;0,102;0,314;0,990;0,018;0,964;0,116;0,423;0,639;0,570;0,787;0,634;0,378;0,326;0,409;0,013;0,045;0,271;0,059;0,790;0,348;0,274;0,492;0,607;0,915;0,099;0,273;0,092;0,523}
gen = 0018,avg = 378,893,best = 380,600,chrom = {0,978;0,684;0,285;0,052;0,137;0,273;0,850;0,216;0,794;0,290;0,443;0,174;0,882;0,179;0,823;0,964;0,212;0,772;0,905;0,915;0,169;0,352;0,492;0,322;0,310;0,048;0,828;0,584;0,651;0,425;0,510;0,565;0,102;0,314;0,990;0,018;0,964;0,116;0,423;0,639;0,570;0,787;0,634;0,378;0,326;0,409;0,013;0,045;0,271;0,059;0,790;0,348;0,274;0,492;0,607;0,915;0,099;0,273;0,092;0,523}
gen = 0019,avg = 379,427,best = 380,600,chrom = {0,978;0,684;0,285;0,052;0,137;0,273;0,850;0,216;0,794;0,290;0,443;0,174;0,882;0,179;0,823;0,964;0,212;0,772;0,905;0,915;0,169;0,352;0,492;0,322;0,310;0,048;0,828;0,584;0,651;0,425;0,510;0,565;0,102;0,314;0,990;0,018;0,964;0,116;0,423;0,639;0,570;0,787;0,634;0,378;0,326;0,409;0,013;0,045;0,271;0,059;0,790;0,348;0,274;0,492;0,607;0,915;0,099;0,273;0,092;0,523}
gen = 0020,avg = 381,107,best = 389,400,chrom = {0,978;0,275;0,597;0,052;0,137;0,273;0,850;0,216;0,794;0,181;0,443;0,174;0,986;0,179;0,823;0,964;0,212;0,336;0,905;0,915;0,109;0,352;0,492;0,322;0,310;0,048;0,828;0,131;0,483;0,425;0,510;0,565;0,102;0,916;0,990;0,018;0,964;0,116;0,774;0,743;0,570;0,787;0,634;0,213;0,326;0,341;0,013;0,045;0,271;0,059;0,790;0,348;0,155;0,712;0,501;0,131;0,930;0,016;0,092;0,523}
gen = 0021,avg = 382,267,best = 389,400,chrom = {0,978;0,275;0,597;0,052;0,137;0,273;0,850;0,216;0,794;0,181;0,443;0,174;0,986;0,179;0,823;0,964;0,212;0,336;0,905;0,915;0,109;0,352;0,492;0,322;0,310;0,048;0,828;0,131;0,483;0,425;0,510;0,565;0,102;0,916;0,990;0,018;0,964;0,116;0,774;0,743;0,570;0,787;0,634;0,213;0,326;0,341;0,013;0,045;0,271;0,059;0,790;0,348;0,155;0,712;0,501;0,131;0,930;0,016;0,092;0,523}
gen = 0022,avg = 383,173,best = 389,400,chrom = {0,978;0,275;0,597;0,052;0,137;0,273;0,850;0,216;0,794;0,181;0,443;0,174;0,986;0,179;0,823;0,964;0,212;0,336;0,905;0,915;0,109;0,352;0,492;0,322;0,310;0,048;0,828;0,131;0,483;0,425;0,510;0,565;0,102;0,916;0,990;0,018;0,964;0,116;0,774;0,743;0,570;0,787;0,634;0,213;0,326;0,341;0,013;0,045;0,271;0,059;0,790;0,348;0,155;0,712;0,501;0,131;0,930;0,016;0,092;0,523}
gen = 0023,avg = 384,493,best = 390,000,chrom = {0,978;0,275;0,597;0,052;0,137;0,273;0,850;0,216;0,794;0,181;0,443;0,174;0,986;0,179;0,823;0,964;0,212;0,336;0,905;0,915;0,109;0,352;0,492;0,322;0,310;0,048;0,828;0,131;0,483;0,425;0,510;0,565;0,102;0,916;0,692;0,018;0,964;0,116;0,774;0,743;0,570;0,787;0,634;0,213;0,326;0,341;0,013;0,045;0,271;0,059;0,790;0,348;0,155;0,712;0,501;0,922;0,930;0,016;0,092;0,523}
gen = 0024,avg = 385,373,best = 390,000,chrom = {0,978;0,275;0,597;0,052;0,137;0,273;0,850;0,216;0,794;0,181;0,443;0,174;0,986;0,179;0,823;0,964;0,212;0,336;0,905;0,915;0,109;0,352;0,492;0,322;0,310;0,048;0,828;0,131;0,483;0,425;0,510;0,565;0,102;0,916;0,692;0,018;0,964;0,116;0,774;0,743;0,570;0,787;0,634;0,213;0,326;0,341;0,013;0,045;0,271;0,059;0,790;0,348;0,155;0,712;0,501;0,922;0,930;0,016;0,092;0,523}
gen = 0025,avg = 386,000,best = 390,000,chrom = {0,978;0,275;0,597;0,052;0,137;0,273;0,850;0,216;0,794;0,181;0,443;0,174;0,986;0,179;0,823;0,964;0,212;0,336;0,905;0,915;0,109;0,352;0,492;0,322;0,310;0,048;0,828;0,131;0,483;0,425;0,510;0,565;0,102;0,916;0,692;0,018;0,964;0,116;0,774;0,743;0,570;0,787;0,634;0,213;0,326;0,341;0,013;0,045;0,271;0,059;0,790;0,348;0,155;0,712;0,501;0,922;0,930;0,016;0,092;0,523}
gen = 0026,avg = 390,173,best = 395,000,chrom = {0,978;0,684;0,285;0,052;0,137;0,273;0,850;0,216;0,794;0,290;0,443;0,174;0,882;0,179;0,823;0,964;0,212;0,772;0,905;0,915;0,169;0,352;0,492;0,322;0,310;0,048;0,828;0,584;0,651;0,425;0,510;0,565;0,102;0,314;0,990;0,018;0,964;0,116;0,774;0,639;0,570;0,787;0,634;0,378;0,326;0,341;0,013;0,045;0,271;0,059;0,790;0,348;0,274;0,712;0,501;0,131;0,930;0,016;0,092;0,523}
gen = 0027,avg = 391,013,best = 395,000,chrom = {0,978;0,684;0,285;0,052;0,137;0,273;0,850;0,216;0,794;0,290;0,443;0,174;0,882;0,179;0,823;0,964;0,212;0,772;0,905;0,915;0,169;0,352;0,492;0,322;0,310;0,048;0,828;0,584;0,651;0,425;0,510;0,565;0,102;0,314;0,990;0,018;0,964;0,116;0,774;0,639;0,570;0,787;0,634;0,378;0,326;0,341;0,013;0,045;0,271;0,059;0,790;0,348;0,274;0,712;0,501;0,131;0,930;0,016;0,092;0,523}
gen = 0028,avg = 391,387,best = 395,000,chrom = {0,978;0,684;0,285;0,052;0,137;0,273;0,850;0,216;0,794;0,290;0,443;0,174;0,882;0,179;0,823;0,964;0,212;0,772;0,905;0,915;0,169;0,352;0,492;0,322;0,310;0,048;0,828;0,584;0,651;0,425;0,510;0,565;0,102;0,314;0,990;0,018;0,964;0,116;0,774;0,639;0,570;0,787;0,634;0,378;0,326;0,341;0,013;0,045;0,271;0,059;0,790;0,348;0,274;0,712;0,501;0,131;0,930;0,016;0,092;0,523}
gen = 0029,avg = 391,760,best = 395,000,chrom = {0,978;0,684;0,285;0,052;0,137;0,273;0,850;0,216;0,794;0,290;0,443;0,174;0,882;0,179;0,823;0,964;0,212;0,772;0,905;0,915;0,169;0,352;0,492;0,322;0,310;0,048;0,828;0,584;0,651;0,425;0,510;0,565;0,102;0,314;0,990;0,018;0,964;0,116;0,774;0,639;0,570;0,787;0,634;0,378;0,326;0,341;0,013;0,045;0,271;0,059;0,790;0,348;0,274;0,712;0,501;0,131;0,930;0,016;0,092;0,523}
gen = 0030,avg = 393,387,best = 401,600,chrom = {0,978;0,275;0,285;0,052;0,137;0,273;0,850;0,216;0,794;0,290;0,443;0,174;0,882;0,179;0,823;0,964;0,212;0,772;0,905;0,915;0,169;0,352;0,492;0,322;0,310;0,048;0,828;0,584;0,651;0,425;0,510;0,565;0,102;0,314;0,990;0,018;0,964;0,116;0,774;0,639;0,570;0,787;0,634;0,378;0,326;0,341;0,013;0,045;0,271;0,059;0,790;0,348;0,274;0,712;0,501;0,131;0,930;0,016;0,092;0,523}
gen = 0031,avg = 394,160,best = 401,600,chrom = {0,978;0,275;0,285;0,052;0,137;0,273;0,850;0,216;0,794;0,290;0,443;0,174;0,882;0,179;0,823;0,964;0,212;0,772;0,905;0,915;0,169;0,352;0,492;0,322;0,310;0,048;0,828;0,584;0,651;0,425;0,510;0,565;0,102;0,314;0,990;0,018;0,964;0,116;0,774;0,639;0,570;0,787;0,634;0,378;0,326;0,341;0,013;0,045;0,271;0,059;0,790;0,348;0,274;0,712;0,501;0,131;0,930;0,016;0,092;0,523}
gen = 0032,avg = 394,933,best = 401,600,chrom = {0,978;0,275;0,285;0,052;0,137;0,273;0,850;0,216;0,794;0,290;0,443;0,174;0,882;0,179;0,823;0,964;0,212;0,772;0,905;0,915;0,169;0,352;0,492;0,322;0,310;0,048;0,828;0,584;0,651;0,425;0,510;0,565;0,102;0,314;0,990;0,018;0,964;0,116;0,774;0,639;0,570;0,787;0,634;0,378;0,326;0,341;0,013;0,045;0,271;0,059;0,790;0,348;0,274;0,712;0,501;0,131;0,930;0,016;0,092;0,523}
gen = 0033,avg = 395,707,best = 401,600,chrom = {0,978;0,275;0,285;0,052;0,137;0,273;0,850;0,216;0,794;0,290;0,443;0,174;0,882;0,179;0,823;0,964;0,212;0,772;0,905;0,915;0,169;0,352;0,492;0,322;0,310;0,048;0,828;0,584;0,651;0,425;0,510;0,565;0,102;0,314;0,990;0,018;0,964;0,116;0,774;0,639;0,570;0,787;0,634;0,378;0,326;0,341;0,013;0,045;0,271;0,059;0,790;0,348;0,274;0,712;0,501;0,131;0,930;0,016;0,092;0,523}
gen = 0034,avg = 396,480,best = 401,600,chrom = {0,978;0,275;0,285;0,052;0,137;0,273;0,850;0,216;0,794;0,290;0,443;0,174;0,882;0,179;0,823;0,964;0,212;0,772;0,905;0,915;0,169;0,352;0,492;0,322;0,310;0,048;0,828;0,584;0,651;0,425;0,510;0,565;0,102;0,314;0,990;0,018;0,964;0,116;0,774;0,639;0,570;0,787;0,634;0,378;0,326;0,341;0,013;0,045;0,271;0,059;0,790;0,348;0,274;0,712;0,501;0,131;0,930;0,016;0,092;0,523}
gen = 0035,avg = 397,227,best = 401,600,chrom = {0,978;0,275;0,285;0,052;0,137;0,273;0,850;0,216;0,794;0,290;0,443;0,174;0,882;0,179;0,823;0,964;0,212;0,772;0,905;0,915;0,169;0,352;0,492;0,322;0,310;0,048;0,828;0,584;0,651;0,425;0,510;0,565;0,102;0,314;0,990;0,018;0,964;0,116;0,774;0,639;0,570;0,787;0,634;0,378;0,326;0,341;0,013;0,045;0,271;0,059;0,790;0,348;0,274;0,712;0,501;0,131;0,930;0,016;0,092;0,523}
gen = 0036,avg = 397,973,best = 401,600,chrom = {0,978;0,275;0,285;0,052;0,137;0,273;0,850;0,216;0,794;0,290;0,443;0,174;0,882;0,179;0,823;0,964;0,212;0,772;0,905;0,915;0,169;0,352;0,492;0,322;0,310;0,048;0,828;0,584;0,651;0,425;0,510;0,565;0,102;0,314;0,990;0,018;0,964;0,116;0,774;0,639;0,570;0,787;0,634;0,378;0,326;0,341;0,013;0,045;0,271;0,059;0,790;0,348;0,274;0,712;0,501;0,131;0,930;0,016;0,092;0,523}
gen = 0037,avg = 398,720,best = 401,600,chrom = {0,978;0,275;0,285;0,052;0,137;0,273;0,850;0,216;0,794;0,290;0,443;0,174;0,882;0,179;0,823;0,964;0,212;0,772;0,905;0,915;0,169;0,352;0,492;0,322;0,310;0,048;0,828;0,584;0,651;0,425;0,510;0,565;0,102;0,314;0,990;0,018;0,964;0,116;0,774;0,639;0,570;0,787;0,634;0,378;0,326;0,341;0,013;0,045;0,271;0,059;0,790;0,348;0,274;0,712;0,501;0,131;0,930;0,016;0,092;0,523}
gen = 0038,avg = 399,613,best = 401,600,chrom = {0,978;0,275;0,285;0,052;0,137;0,273;0,850;0,216;0,794;0,290;0,443;0,174;0,882;0,179;0,823;0,964;0,212;0,772;0,905;0,915;0,169;0,352;0,492;0,322;0,310;0,048;0,828;0,584;0,651;0,425;0,510;0,565;0,102;0,314;0,990;0,018;0,964;0,116;0,774;0,639;0,570;0,787;0,634;0,378;0,326;0,341;0,013;0,045;0,271;0,059;0,790;0,348;0,274;0,712;0,501;0,131;0,930;0,016;0,092;0,523}
gen = 0039,avg = 400,053,best = 401,600,chrom = {0,978;0,275;0,285;0,052;0,137;0,273;0,850;0,216;0,794;0,290;0,443;0,174;0,882;0,179;0,823;0,964;0,212;0,772;0,905;0,915;0,169;0,352;0,492;0,322;0,310;0,048;0,828;0,584;0,651;0,425;0,510;0,565;0,102;0,314;0,990;0,018;0,964;0,116;0,774;0,639;0,570;0,787;0,634;0,378;0,326;0,341;0,013;0,045;0,271;0,059;0,790;0,348;0,274;0,712;0,501;0,131;0,930;0,016;0,092;0,523}
gen = 0040,avg = 400,493,best = 401,600,chrom = {0,978;0,275;0,285;0,052;0,137;0,273;0,850;0,216;0,794;0,290;0,443;0,174;0,882;0,179;0,823;0,964;0,212;0,772;0,905;0,915;0,169;0,352;0,492;0,322;0,310;0,048;0,828;0,584;0,651;0,425;0,510;0,565;0,102;0,314;0,990;0,018;0,964;0,116;0,774;0,639;0,570;0,787;0,634;0,378;0,326;0,341;0,013;0,045;0,271;0,059;0,790;0,348;0,274;0,712;0,501;0,131;0,930;0,016;0,092;0,523}
gen = 0041,avg = 400,933,best = 401,600,chrom = {0,978;0,275;0,285;0,052;0,137;0,273;0,850;0,216;0,794;0,290;0,443;0,174;0,882;0,179;0,823;0,964;0,212;0,772;0,905;0,915;0,169;0,352;0,492;0,322;0,310;0,048;0,828;0,584;0,651;0,425;0,510;0,565;0,102;0,314;0,990;0,018;0,964;0,116;0,774;0,639;0,570;0,787;0,634;0,378;0,326;0,341;0,013;0,045;0,271;0,059;0,790;0,348;0,274;0,712;0,501;0,131;0,930;0,016;0,092;0,523}
gen = 0042,avg = 401,373,best = 401,600,chrom = {0,978;0,275;0,285;0,052;0,137;0,273;0,850;0,216;0,794;0,290;0,443;0,174;0,882;0,179;0,823;0,964;0,212;0,772;0,905;0,915;0,169;0,352;0,492;0,322;0,310;0,048;0,828;0,584;0,651;0,425;0,510;0,565;0,102;0,314;0,990;0,018;0,964;0,116;0,774;0,639;0,570;0,787;0,634;0,378;0,326;0,341;0,013;0,045;0,271;0,059;0,790;0,348;0,274;0,712;0,501;0,131;0,930;0,016;0,092;0,523}
gen = 0043,avg = 401,600,best = 401,600,chrom = {0,978;0,275;0,285;0,052;0,137;0,273;0,850;0,216;0,794;0,290;0,443;0,174;0,882;0,179;0,823;0,964;0,212;0,772;0,905;0,915;0,169;0,352;0,492;0,322;0,310;0,048;0,828;0,584;0,651;0,425;0,510;0,565;0,102;0,314;0,990;0,018;0,964;0,116;0,774;0,639;0,570;0,787;0,634;0,378;0,326;0,341;0,013;0,045;0,271;0,059;0,790;0,348;0,274;0,712;0,501;0,131;0,930;0,016;0,092;0,523}
gen = 0044,avg = 401,600,best = 401,600,chrom = {0,978;0,275;0,285;0,052;0,137;0,273;0,850;0,216;0,794;0,290;0,443;0,174;0,882;0,179;0,823;0,964;0,212;0,772;0,905;0,915;0,169;0,352;0,492;0,322;0,310;0,048;0,828;0,584;0,651;0,425;0,510;0,565;0,102;0,314;0,990;0,018;0,964;0,116;0,774;0,639;0,570;0,787;0,634;0,378;0,326;0,341;0,013;0,045;0,271;0,059;0,790;0,348;0,274;0,712;0,501;0,131;0,930;0,016;0,092;0,523}
gen = 0045,avg = 401,600,best = 401,600,chrom = {0,978;0,275;0,285;0,052;0,137;0,273;0,850;0,216;0,794;0,290;0,443;0,174;0,882;0,179;0,823;0,964;0,212;0,772;0,905;0,915;0,169;0,352;0,492;0,322;0,310;0,048;0,828;0,584;0,651;0,425;0,510;0,565;0,102;0,314;0,990;0,018;0,964;0,116;0,774;0,639;0,570;0,787;0,634;0,378;0,326;0,341;0,013;0,045;0,271;0,059;0,790;0,348;0,274;0,712;0,501;0,131;0,930;0,016;0,092;0,523}
gen = 0046,avg = 401,600,best = 401,600,chrom = {0,978;0,275;0,285;0,052;0,137;0,273;0,850;0,216;0,794;0,290;0,443;0,174;0,882;0,179;0,823;0,964;0,212;0,772;0,905;0,915;0,169;0,352;0,492;0,322;0,310;0,048;0,828;0,584;0,651;0,425;0,510;0,565;0,102;0,314;0,990;0,018;0,964;0,116;0,774;0,639;0,570;0,787;0,634;0,378;0,326;0,341;0,013;0,045;0,271;0,059;0,790;0,348;0,274;0,712;0,501;0,131;0,930;0,016;0,092;0,523}
gen = 0047,avg = 401,600,best = 401,600,chrom = {0,978;0,275;0,285;0,052;0,137;0,273;0,850;0,216;0,794;0,290;0,443;0,174;0,882;0,179;0,823;0,964;0,212;0,772;0,905;0,915;0,169;0,352;0,492;0,322;0,310;0,048;0,828;0,584;0,651;0,425;0,510;0,565;0,102;0,314;0,990;0,018;0,964;0,116;0,774;0,639;0,570;0,787;0,634;0,378;0,326;0,341;0,013;0,045;0,271;0,059;0,790;0,348;0,274;0,712;0,501;0,131;0,930;0,016;0,092;0,523}
gen = 0048,avg = 401,600,best = 401,600,chrom = {0,978;0,275;0,285;0,052;0,137;0,273;0,850;0,216;0,794;0,290;0,443;0,174;0,882;0,179;0,823;0,964;0,212;0,772;0,905;0,915;0,169;0,352;0,492;0,322;0,310;0,048;0,828;0,584;0,651;0,425;0,510;0,565;0,102;0,314;0,990;0,018;0,964;0,116;0,774;0,639;0,570;0,787;0,634;0,378;0,326;0,341;0,013;0,045;0,271;0,059;0,790;0,348;0,274;0,712;0,501;0,131;0,930;0,016;0,092;0,523}
gen = 0049,avg = 401,600,best = 401,600,chrom = {0,978;0,275;0,285;0,052;0,137;0,273;0,850;0,216;0,794;0,290;0,443;0,174;0,882;0,179;0,823;0,964;0,212;0,772;0,905;0,915;0,169;0,352;0,492;0,322;0,310;0,048;0,828;0,584;0,651;0,425;0,510;0,565;0,102;0,314;0,990;0,018;0,964;0,116;0,774;0,639;0,570;0,787;0,634;0,378;0,326;0,341;0,013;0,045;0,271;0,059;0,790;0,348;0,274;0,712;0,501;0,131;0,930;0,016;0,092;0,523}
gen = 0050,avg = 401,600,best = 401,600,chrom = {0,978;0,275;0,285;0,052;0,137;0,273;0,850;0,216;0,794;0,290;0,443;0,174;0,882;0,179;0,823;0,964;0,212;0,772;0,905;0,915;0,169;0,352;0,492;0,322;0,310;0,048;0,828;0,584;0,651;0,425;0,510;0,565;0,102;0,314;0,990;0,018;0,964;0,116;0,774;0,639;0,570;0,787;0,634;0,378;0,326;0,341;0,013;0,045;0,271;0,059;0,790;0,348;0,274;0,712;0,501;0,131;0,930;0,016;0,092;0,523}
Execution Time = 2250,136ms;
