Current parameters
 - debug = true
 - runAutotest = false
 - runChromosome = false
 - runExperiment = true
 - chromosome = null
 - showSheets = false
 - saveRatMap = .
 - numberOfGenerations = 50
 - population = 15
 - numberOfProfiles = 5
 - numberOfInitialAgents = 15
 - numberOfCells = 10
 - numberOfFoodPieces = 10
 - numberOfDays = 1000
 - numberOfExecutions = 5
 - patterns = E:\2_trabajo\doctorado\made\2014\pattern_revenge.txt
 - baseDays = 500
 - baseEnergy = 5
 - baseSmell = 3
 - baseNutrition = 4
 - baseByte = 5
 - baseFur = 5
 - baseAgeToBeAdultFemale = 42
 - baseToBeAdultMale = 49
 - basePregnancyTime = 30
 - help = false
 - seed = 1384174088327

gen = -001,avg = 139,000,best = 139,000,chrom = {0,030;0,070;0,866;0,219;0,671;0,841;0,869;0,573;0,969;0,743;0,373;0,010;0,160;0,148;0,979;0,265;0,711;0,322;0,374;0,204;0,221;0,841;0,331;0,956;0,067;0,587;0,635;0,789;0,908;0,124;0,644;0,091;0,877;0,409;0,562;0,646;0,458;0,543;0,668;0,362;0,574;0,723;0,929;0,758;0,384;0,631;0,411;0,812;0,659;0,262;0,900;0,208;0,343;0,568;0,930;0,646;0,132;0,390;0,224;0,620}
gen = 0000,avg = 40,773,best = 139,000,chrom = {0,030;0,070;0,866;0,219;0,671;0,841;0,869;0,573;0,969;0,743;0,373;0,010;0,160;0,148;0,979;0,265;0,711;0,322;0,374;0,204;0,221;0,841;0,331;0,956;0,067;0,587;0,635;0,789;0,908;0,124;0,644;0,091;0,877;0,409;0,562;0,646;0,458;0,543;0,668;0,362;0,574;0,723;0,929;0,758;0,384;0,631;0,411;0,812;0,659;0,262;0,900;0,208;0,343;0,568;0,930;0,646;0,132;0,390;0,224;0,620}
gen = 0001,avg = 97,253,best = 188,400,chrom = {0,447;0,831;0,194;0,017;0,174;0,617;0,696;0,925;0,962;0,024;0,747;0,309;0,673;0,092;0,708;0,197;0,840;0,542;0,300;0,496;0,569;0,671;0,424;0,808;0,728;0,471;0,768;0,195;0,693;0,188;0,482;0,628;0,691;0,320;0,218;0,053;0,600;0,397;0,137;0,133;0,939;0,617;0,851;0,627;0,205;0,686;0,253;0,361;0,548;0,218;0,121;0,899;0,013;0,635;0,168;0,388;0,231;0,801;0,966;0,491}
gen = 0002,avg = 167,000,best = 245,000,chrom = {0,786;0,333;0,949;0,589;0,671;0,841;0,869;0,573;0,969;0,743;0,373;0,010;0,160;0,148;0,979;0,265;0,711;0,322;0,374;0,204;0,221;0,841;0,331;0,956;0,067;0,587;0,635;0,789;0,908;0,124;0,644;0,091;0,877;0,409;0,562;0,646;0,458;0,543;0,668;0,362;0,574;0,723;0,929;0,758;0,384;0,631;0,411;0,812;0,659;0,262;0,900;0,208;0,343;0,568;0,930;0,646;0,132;0,390;0,224;0,620}
gen = 0003,avg = 209,027,best = 245,000,chrom = {0,786;0,333;0,949;0,589;0,671;0,841;0,869;0,573;0,969;0,743;0,373;0,010;0,160;0,148;0,979;0,265;0,711;0,322;0,374;0,204;0,221;0,841;0,331;0,956;0,067;0,587;0,635;0,789;0,908;0,124;0,644;0,091;0,877;0,409;0,562;0,646;0,458;0,543;0,668;0,362;0,574;0,723;0,929;0,758;0,384;0,631;0,411;0,812;0,659;0,262;0,900;0,208;0,343;0,568;0,930;0,646;0,132;0,390;0,224;0,620}
gen = 0004,avg = 239,320,best = 289,600,chrom = {0,786;0,333;0,949;0,589;0,671;0,841;0,869;0,573;0,969;0,743;0,373;0,010;0,160;0,148;0,979;0,265;0,711;0,322;0,374;0,496;0,569;0,671;0,424;0,808;0,728;0,471;0,768;0,195;0,693;0,596;0,998;0,628;0,691;0,320;0,218;0,053;0,591;0,391;0,442;0,133;0,939;0,617;0,851;0,627;0,205;0,686;0,253;0,361;0,548;0,297;0,121;0,899;0,013;0,635;0,168;0,388;0,231;0,801;0,007;0,491}
gen = 0005,avg = 255,973,best = 289,600,chrom = {0,786;0,333;0,949;0,589;0,671;0,841;0,869;0,573;0,969;0,743;0,373;0,010;0,160;0,148;0,979;0,265;0,711;0,322;0,374;0,496;0,569;0,671;0,424;0,808;0,728;0,471;0,768;0,195;0,693;0,596;0,998;0,628;0,691;0,320;0,218;0,053;0,591;0,391;0,442;0,133;0,939;0,617;0,851;0,627;0,205;0,686;0,253;0,361;0,548;0,297;0,121;0,899;0,013;0,635;0,168;0,388;0,231;0,801;0,007;0,491}
gen = 0006,avg = 280,067,best = 308,800,chrom = {0,786;0,333;0,949;0,589;0,671;0,841;0,869;0,573;0,969;0,743;0,373;0,010;0,160;0,148;0,979;0,265;0,711;0,322;0,374;0,496;0,569;0,671;0,424;0,808;0,728;0,471;0,768;0,195;0,693;0,596;0,998;0,628;0,691;0,320;0,218;0,053;0,591;0,391;0,442;0,133;0,939;0,617;0,851;0,627;0,205;0,686;0,253;0,361;0,548;0,297;0,121;0,899;0,013;0,635;0,168;0,388;0,231;0,801;0,007;0,491}
gen = 0007,avg = 294,027,best = 308,800,chrom = {0,786;0,333;0,949;0,589;0,671;0,841;0,869;0,573;0,969;0,743;0,373;0,010;0,160;0,148;0,979;0,265;0,711;0,322;0,374;0,496;0,569;0,671;0,424;0,808;0,728;0,471;0,768;0,195;0,693;0,596;0,998;0,628;0,691;0,320;0,218;0,053;0,591;0,391;0,442;0,133;0,939;0,617;0,851;0,627;0,205;0,686;0,253;0,361;0,548;0,297;0,121;0,899;0,013;0,635;0,168;0,388;0,231;0,801;0,007;0,491}
gen = 0008,avg = 307,520,best = 321,400,chrom = {0,786;0,333;0,949;0,643;0,043;0,841;0,869;0,573;0,969;0,743;0,373;0,010;0,160;0,148;0,979;0,265;0,711;0,322;0,386;0,496;0,569;0,671;0,424;0,808;0,728;0,471;0,768;0,195;0,693;0,596;0,998;0,628;0,691;0,051;0,218;0,053;0,591;0,391;0,442;0,133;0,939;0,617;0,851;0,627;0,205;0,686;0,253;0,361;0,548;0,297;0,693;0,808;0,013;0,635;0,168;0,388;0,231;0,801;0,007;0,491}
gen = 0009,avg = 313,600,best = 322,400,chrom = {0,786;0,333;0,949;0,518;0,671;0,841;0,869;0,573;0,969;0,743;0,373;0,010;0,160;0,148;0,979;0,265;0,711;0,322;0,374;0,358;0,569;0,140;0,424;0,808;0,728;0,471;0,768;0,195;0,693;0,596;0,998;0,628;0,691;0,320;0,218;0,053;0,591;0,391;0,442;0,191;0,883;0,055;0,698;0,627;0,205;0,686;0,253;0,270;0,548;0,297;0,121;0,899;0,013;0,635;0,168;0,388;0,231;0,801;0,007;0,073}
gen = 0010,avg = 315,427,best = 322,400,chrom = {0,786;0,333;0,949;0,518;0,671;0,841;0,869;0,573;0,969;0,743;0,373;0,010;0,160;0,148;0,979;0,265;0,711;0,322;0,374;0,358;0,569;0,140;0,424;0,808;0,728;0,471;0,768;0,195;0,693;0,596;0,998;0,628;0,691;0,320;0,218;0,053;0,591;0,391;0,442;0,191;0,883;0,055;0,698;0,627;0,205;0,686;0,253;0,270;0,548;0,297;0,121;0,899;0,013;0,635;0,168;0,388;0,231;0,801;0,007;0,073}
gen = 0011,avg = 319,027,best = 325,600,chrom = {0,786;0,333;0,949;0,589;0,671;0,841;0,869;0,573;0,969;0,794;0,373;0,010;0,370;0,148;0,979;0,265;0,711;0,322;0,374;0,496;0,569;0,671;0,424;0,808;0,728;0,471;0,768;0,195;0,693;0,596;0,998;0,628;0,691;0,320;0,218;0,053;0,591;0,391;0,442;0,191;0,883;0,055;0,698;0,627;0,205;0,686;0,253;0,270;0,548;0,297;0,121;0,899;0,013;0,635;0,168;0,388;0,231;0,801;0,007;0,073}
gen = 0012,avg = 321,120,best = 325,600,chrom = {0,786;0,333;0,949;0,589;0,671;0,841;0,869;0,573;0,969;0,794;0,373;0,010;0,370;0,148;0,979;0,265;0,711;0,322;0,374;0,496;0,569;0,671;0,424;0,808;0,728;0,471;0,768;0,195;0,693;0,596;0,998;0,628;0,691;0,320;0,218;0,053;0,591;0,391;0,442;0,191;0,883;0,055;0,698;0,627;0,205;0,686;0,253;0,270;0,548;0,297;0,121;0,899;0,013;0,635;0,168;0,388;0,231;0,801;0,007;0,073}
gen = 0013,avg = 324,360,best = 336,000,chrom = {0,786;0,333;0,949;0,589;0,671;0,841;0,869;0,573;0,969;0,794;0,373;0,010;0,370;0,148;0,979;0,265;0,711;0,322;0,374;0,496;0,569;0,671;0,424;0,808;0,728;0,471;0,768;0,195;0,693;0,596;0,998;0,949;0,691;0,320;0,218;0,053;0,693;0,391;0,442;0,191;0,883;0,055;0,698;0,627;0,205;0,686;0,253;0,270;0,548;0,629;0,121;0,899;0,013;0,635;0,168;0,388;0,231;0,801;0,007;0,705}
gen = 0014,avg = 327,067,best = 336,000,chrom = {0,786;0,333;0,949;0,589;0,671;0,841;0,869;0,573;0,969;0,794;0,373;0,010;0,370;0,148;0,979;0,265;0,711;0,322;0,374;0,496;0,569;0,671;0,424;0,808;0,728;0,471;0,768;0,195;0,693;0,596;0,998;0,949;0,691;0,320;0,218;0,053;0,693;0,391;0,442;0,191;0,883;0,055;0,698;0,627;0,205;0,686;0,253;0,270;0,548;0,629;0,121;0,899;0,013;0,635;0,168;0,388;0,231;0,801;0,007;0,705}
gen = 0015,avg = 329,333,best = 336,000,chrom = {0,786;0,333;0,949;0,589;0,671;0,841;0,869;0,573;0,969;0,794;0,373;0,010;0,370;0,148;0,979;0,265;0,711;0,322;0,374;0,496;0,569;0,671;0,424;0,808;0,728;0,471;0,768;0,195;0,693;0,596;0,998;0,949;0,691;0,320;0,218;0,053;0,693;0,391;0,442;0,191;0,883;0,055;0,698;0,627;0,205;0,686;0,253;0,270;0,548;0,629;0,121;0,899;0,013;0,635;0,168;0,388;0,231;0,801;0,007;0,705}
gen = 0016,avg = 332,107,best = 338,000,chrom = {0,675;0,333;0,949;0,518;0,671;0,841;0,869;0,573;0,969;0,743;0,373;0,010;0,160;0,148;0,858;0,265;0,711;0,322;0,374;0,358;0,180;0,140;0,424;0,808;0,728;0,471;0,768;0,195;0,693;0,596;0,998;0,812;0,691;0,320;0,218;0,053;0,591;0,391;0,442;0,191;0,397;0,055;0,698;0,627;0,205;0,072;0,253;0,751;0,548;0,297;0,121;0,189;0,013;0,635;0,168;0,388;0,231;0,801;0,007;0,325}
gen = 0017,avg = 335,293,best = 344,800,chrom = {0,675;0,333;0,949;0,518;0,671;0,841;0,869;0,573;0,969;0,743;0,373;0,092;0,160;0,148;0,858;0,265;0,711;0,322;0,374;0,358;0,180;0,140;0,424;0,808;0,728;0,471;0,768;0,195;0,693;0,596;0,998;0,812;0,691;0,320;0,218;0,053;0,591;0,391;0,442;0,191;0,397;0,055;0,698;0,580;0,205;0,072;0,253;0,034;0,548;0,961;0,121;0,189;0,013;0,635;0,168;0,388;0,231;0,801;0,007;0,325}
gen = 0018,avg = 338,933,best = 347,000,chrom = {0,675;0,333;0,949;0,518;0,671;0,841;0,869;0,573;0,969;0,743;0,373;0,010;0,160;0,148;0,858;0,265;0,711;0,322;0,374;0,358;0,180;0,140;0,424;0,808;0,728;0,471;0,768;0,195;0,693;0,596;0,998;0,812;0,691;0,320;0,218;0,053;0,591;0,391;0,442;0,191;0,397;0,055;0,698;0,580;0,205;0,072;0,253;0,034;0,548;0,961;0,121;0,189;0,013;0,635;0,168;0,388;0,231;0,801;0,007;0,325}
gen = 0019,avg = 345,573,best = 356,600,chrom = {0,786;0,333;0,949;0,589;0,671;0,841;0,869;0,573;0,969;0,794;0,373;0,010;0,370;0,148;0,979;0,265;0,711;0,322;0,374;0,496;0,569;0,671;0,424;0,808;0,728;0,471;0,768;0,195;0,693;0,596;0,998;0,812;0,691;0,320;0,218;0,053;0,591;0,391;0,442;0,191;0,397;0,055;0,698;0,580;0,205;0,072;0,253;0,034;0,548;0,961;0,121;0,189;0,013;0,635;0,168;0,388;0,231;0,801;0,007;0,325}
gen = 0020,avg = 352,707,best = 373,200,chrom = {0,786;0,333;0,949;0,589;0,671;0,841;0,869;0,573;0,969;0,794;0,373;0,010;0,370;0,148;0,979;0,265;0,711;0,322;0,374;0,496;0,569;0,671;0,424;0,808;0,728;0,471;0,768;0,195;0,693;0,596;0,998;0,949;0,691;0,320;0,218;0,053;0,693;0,391;0,442;0,191;0,883;0,055;0,698;0,627;0,205;0,072;0,253;0,034;0,548;0,961;0,121;0,189;0,013;0,635;0,168;0,388;0,231;0,801;0,007;0,325}
gen = 0021,avg = 357,493,best = 373,200,chrom = {0,786;0,333;0,949;0,589;0,671;0,841;0,869;0,573;0,969;0,794;0,373;0,010;0,370;0,148;0,979;0,265;0,711;0,322;0,374;0,496;0,569;0,671;0,424;0,808;0,728;0,471;0,768;0,195;0,693;0,596;0,998;0,949;0,691;0,320;0,218;0,053;0,693;0,391;0,442;0,191;0,883;0,055;0,698;0,627;0,205;0,072;0,253;0,034;0,548;0,961;0,121;0,189;0,013;0,635;0,168;0,388;0,231;0,801;0,007;0,325}
gen = 0022,avg = 361,613,best = 373,200,chrom = {0,786;0,333;0,949;0,589;0,671;0,841;0,869;0,573;0,969;0,794;0,373;0,010;0,370;0,148;0,979;0,265;0,711;0,322;0,374;0,496;0,569;0,671;0,424;0,808;0,728;0,471;0,768;0,195;0,693;0,596;0,998;0,949;0,691;0,320;0,218;0,053;0,693;0,391;0,442;0,191;0,883;0,055;0,698;0,627;0,205;0,072;0,253;0,034;0,548;0,961;0,121;0,189;0,013;0,635;0,168;0,388;0,231;0,801;0,007;0,325}
gen = 0023,avg = 363,907,best = 373,200,chrom = {0,786;0,333;0,949;0,589;0,671;0,841;0,869;0,573;0,969;0,794;0,373;0,010;0,370;0,148;0,979;0,265;0,711;0,322;0,374;0,496;0,569;0,671;0,424;0,808;0,728;0,471;0,768;0,195;0,693;0,596;0,998;0,949;0,691;0,320;0,218;0,053;0,693;0,391;0,442;0,191;0,883;0,055;0,698;0,627;0,205;0,072;0,253;0,034;0,548;0,961;0,121;0,189;0,013;0,635;0,168;0,388;0,231;0,801;0,007;0,325}
gen = 0024,avg = 366,187,best = 373,200,chrom = {0,786;0,333;0,949;0,589;0,671;0,841;0,869;0,573;0,969;0,794;0,373;0,010;0,370;0,148;0,979;0,265;0,711;0,322;0,374;0,496;0,569;0,671;0,424;0,808;0,728;0,471;0,768;0,195;0,693;0,596;0,998;0,949;0,691;0,320;0,218;0,053;0,693;0,391;0,442;0,191;0,883;0,055;0,698;0,627;0,205;0,072;0,253;0,034;0,548;0,961;0,121;0,189;0,013;0,635;0,168;0,388;0,231;0,801;0,007;0,325}
gen = 0025,avg = 367,293,best = 373,200,chrom = {0,786;0,333;0,949;0,589;0,671;0,841;0,869;0,573;0,969;0,794;0,373;0,010;0,370;0,148;0,979;0,265;0,711;0,322;0,374;0,496;0,569;0,671;0,424;0,808;0,728;0,471;0,768;0,195;0,693;0,596;0,998;0,949;0,691;0,320;0,218;0,053;0,693;0,391;0,442;0,191;0,883;0,055;0,698;0,627;0,205;0,072;0,253;0,034;0,548;0,961;0,121;0,189;0,013;0,635;0,168;0,388;0,231;0,801;0,007;0,325}
gen = 0026,avg = 368,400,best = 373,200,chrom = {0,786;0,333;0,949;0,589;0,671;0,841;0,869;0,573;0,969;0,794;0,373;0,010;0,370;0,148;0,979;0,265;0,711;0,322;0,374;0,496;0,569;0,671;0,424;0,808;0,728;0,471;0,768;0,195;0,693;0,596;0,998;0,949;0,691;0,320;0,218;0,053;0,693;0,391;0,442;0,191;0,883;0,055;0,698;0,627;0,205;0,072;0,253;0,034;0,548;0,961;0,121;0,189;0,013;0,635;0,168;0,388;0,231;0,801;0,007;0,325}
gen = 0027,avg = 369,547,best = 373,200,chrom = {0,786;0,333;0,949;0,589;0,671;0,841;0,869;0,573;0,969;0,794;0,373;0,010;0,370;0,148;0,979;0,265;0,711;0,322;0,374;0,496;0,569;0,671;0,424;0,808;0,728;0,471;0,768;0,195;0,693;0,596;0,998;0,949;0,691;0,320;0,218;0,053;0,693;0,391;0,442;0,191;0,883;0,055;0,698;0,627;0,205;0,072;0,253;0,034;0,548;0,961;0,121;0,189;0,013;0,635;0,168;0,388;0,231;0,801;0,007;0,325}
gen = 0028,avg = 370,573,best = 373,200,chrom = {0,786;0,333;0,949;0,589;0,671;0,841;0,869;0,573;0,969;0,794;0,373;0,010;0,370;0,148;0,979;0,265;0,711;0,322;0,374;0,496;0,569;0,671;0,424;0,808;0,728;0,471;0,768;0,195;0,693;0,596;0,998;0,949;0,691;0,320;0,218;0,053;0,693;0,391;0,442;0,191;0,883;0,055;0,698;0,627;0,205;0,072;0,253;0,034;0,548;0,961;0,121;0,189;0,013;0,635;0,168;0,388;0,231;0,801;0,007;0,325}
gen = 0029,avg = 371,387,best = 373,200,chrom = {0,786;0,333;0,949;0,589;0,671;0,841;0,869;0,573;0,969;0,794;0,373;0,010;0,370;0,148;0,979;0,265;0,711;0,322;0,374;0,496;0,569;0,671;0,424;0,808;0,728;0,471;0,768;0,195;0,693;0,596;0,998;0,949;0,691;0,320;0,218;0,053;0,693;0,391;0,442;0,191;0,883;0,055;0,698;0,627;0,205;0,072;0,253;0,034;0,548;0,961;0,121;0,189;0,013;0,635;0,168;0,388;0,231;0,801;0,007;0,325}
gen = 0030,avg = 371,960,best = 373,200,chrom = {0,786;0,333;0,949;0,589;0,671;0,841;0,869;0,573;0,969;0,794;0,373;0,010;0,370;0,148;0,979;0,265;0,711;0,322;0,374;0,496;0,569;0,671;0,424;0,808;0,728;0,471;0,768;0,195;0,693;0,596;0,998;0,949;0,691;0,320;0,218;0,053;0,693;0,391;0,442;0,191;0,883;0,055;0,698;0,627;0,205;0,072;0,253;0,034;0,548;0,961;0,121;0,189;0,013;0,635;0,168;0,388;0,231;0,801;0,007;0,325}
gen = 0031,avg = 372,427,best = 373,200,chrom = {0,786;0,333;0,949;0,589;0,671;0,841;0,869;0,573;0,969;0,794;0,373;0,010;0,370;0,148;0,979;0,265;0,711;0,322;0,374;0,496;0,569;0,671;0,424;0,808;0,728;0,471;0,768;0,195;0,693;0,596;0,998;0,949;0,691;0,320;0,218;0,053;0,693;0,391;0,442;0,191;0,883;0,055;0,698;0,627;0,205;0,072;0,253;0,034;0,548;0,961;0,121;0,189;0,013;0,635;0,168;0,388;0,231;0,801;0,007;0,325}
gen = 0032,avg = 372,827,best = 373,200,chrom = {0,786;0,333;0,949;0,589;0,671;0,841;0,869;0,573;0,969;0,794;0,373;0,010;0,370;0,148;0,979;0,265;0,711;0,322;0,374;0,496;0,569;0,671;0,424;0,808;0,728;0,471;0,768;0,195;0,693;0,596;0,998;0,949;0,691;0,320;0,218;0,053;0,693;0,391;0,442;0,191;0,883;0,055;0,698;0,627;0,205;0,072;0,253;0,034;0,548;0,961;0,121;0,189;0,013;0,635;0,168;0,388;0,231;0,801;0,007;0,325}
gen = 0033,avg = 373,200,best = 373,200,chrom = {0,786;0,333;0,949;0,589;0,671;0,841;0,869;0,573;0,969;0,794;0,373;0,010;0,370;0,148;0,979;0,265;0,711;0,322;0,374;0,496;0,569;0,671;0,424;0,808;0,728;0,471;0,768;0,195;0,693;0,596;0,998;0,949;0,691;0,320;0,218;0,053;0,693;0,391;0,442;0,191;0,883;0,055;0,698;0,627;0,205;0,072;0,253;0,034;0,548;0,961;0,121;0,189;0,013;0,635;0,168;0,388;0,231;0,801;0,007;0,325}
gen = 0034,avg = 373,200,best = 373,200,chrom = {0,786;0,333;0,949;0,589;0,671;0,841;0,869;0,573;0,969;0,794;0,373;0,010;0,370;0,148;0,979;0,265;0,711;0,322;0,374;0,496;0,569;0,671;0,424;0,808;0,728;0,471;0,768;0,195;0,693;0,596;0,998;0,949;0,691;0,320;0,218;0,053;0,693;0,391;0,442;0,191;0,883;0,055;0,698;0,627;0,205;0,072;0,253;0,034;0,548;0,961;0,121;0,189;0,013;0,635;0,168;0,388;0,231;0,801;0,007;0,325}
gen = 0035,avg = 373,200,best = 373,200,chrom = {0,786;0,333;0,949;0,589;0,671;0,841;0,869;0,573;0,969;0,794;0,373;0,010;0,370;0,148;0,979;0,265;0,711;0,322;0,374;0,496;0,569;0,671;0,424;0,808;0,728;0,471;0,768;0,195;0,693;0,596;0,998;0,949;0,691;0,320;0,218;0,053;0,693;0,391;0,442;0,191;0,883;0,055;0,698;0,627;0,205;0,072;0,253;0,034;0,548;0,961;0,121;0,189;0,013;0,635;0,168;0,388;0,231;0,801;0,007;0,325}
gen = 0036,avg = 373,200,best = 373,200,chrom = {0,786;0,333;0,949;0,589;0,671;0,841;0,869;0,573;0,969;0,794;0,373;0,010;0,370;0,148;0,979;0,265;0,711;0,322;0,374;0,496;0,569;0,671;0,424;0,808;0,728;0,471;0,768;0,195;0,693;0,596;0,998;0,949;0,691;0,320;0,218;0,053;0,693;0,391;0,442;0,191;0,883;0,055;0,698;0,627;0,205;0,072;0,253;0,034;0,548;0,961;0,121;0,189;0,013;0,635;0,168;0,388;0,231;0,801;0,007;0,325}
gen = 0037,avg = 373,200,best = 373,200,chrom = {0,786;0,333;0,949;0,589;0,671;0,841;0,869;0,573;0,969;0,794;0,373;0,010;0,370;0,148;0,979;0,265;0,711;0,322;0,374;0,496;0,569;0,671;0,424;0,808;0,728;0,471;0,768;0,195;0,693;0,596;0,998;0,949;0,691;0,320;0,218;0,053;0,693;0,391;0,442;0,191;0,883;0,055;0,698;0,627;0,205;0,072;0,253;0,034;0,548;0,961;0,121;0,189;0,013;0,635;0,168;0,388;0,231;0,801;0,007;0,325}
gen = 0038,avg = 373,200,best = 373,200,chrom = {0,786;0,333;0,949;0,589;0,671;0,841;0,869;0,573;0,969;0,794;0,373;0,010;0,370;0,148;0,979;0,265;0,711;0,322;0,374;0,496;0,569;0,671;0,424;0,808;0,728;0,471;0,768;0,195;0,693;0,596;0,998;0,949;0,691;0,320;0,218;0,053;0,693;0,391;0,442;0,191;0,883;0,055;0,698;0,627;0,205;0,072;0,253;0,034;0,548;0,961;0,121;0,189;0,013;0,635;0,168;0,388;0,231;0,801;0,007;0,325}
gen = 0039,avg = 373,200,best = 373,200,chrom = {0,786;0,333;0,949;0,589;0,671;0,841;0,869;0,573;0,969;0,794;0,373;0,010;0,370;0,148;0,979;0,265;0,711;0,322;0,374;0,496;0,569;0,671;0,424;0,808;0,728;0,471;0,768;0,195;0,693;0,596;0,998;0,949;0,691;0,320;0,218;0,053;0,693;0,391;0,442;0,191;0,883;0,055;0,698;0,627;0,205;0,072;0,253;0,034;0,548;0,961;0,121;0,189;0,013;0,635;0,168;0,388;0,231;0,801;0,007;0,325}
gen = 0040,avg = 373,200,best = 373,200,chrom = {0,786;0,333;0,949;0,589;0,671;0,841;0,869;0,573;0,969;0,794;0,373;0,010;0,370;0,148;0,979;0,265;0,711;0,322;0,374;0,496;0,569;0,671;0,424;0,808;0,728;0,471;0,768;0,195;0,693;0,596;0,998;0,949;0,691;0,320;0,218;0,053;0,693;0,391;0,442;0,191;0,883;0,055;0,698;0,627;0,205;0,072;0,253;0,034;0,548;0,961;0,121;0,189;0,013;0,635;0,168;0,388;0,231;0,801;0,007;0,325}
gen = 0041,avg = 373,200,best = 373,200,chrom = {0,786;0,333;0,949;0,589;0,671;0,841;0,869;0,573;0,969;0,794;0,373;0,010;0,370;0,148;0,979;0,265;0,711;0,322;0,374;0,496;0,569;0,671;0,424;0,808;0,728;0,471;0,768;0,195;0,693;0,596;0,998;0,949;0,691;0,320;0,218;0,053;0,693;0,391;0,442;0,191;0,883;0,055;0,698;0,627;0,205;0,072;0,253;0,034;0,548;0,961;0,121;0,189;0,013;0,635;0,168;0,388;0,231;0,801;0,007;0,325}
gen = 0042,avg = 373,973,best = 379,000,chrom = {0,786;0,333;0,949;0,581;0,671;0,841;0,869;0,573;0,969;0,794;0,373;0,010;0,370;0,148;0,979;0,265;0,711;0,322;0,374;0,496;0,569;0,671;0,424;0,808;0,728;0,471;0,768;0,195;0,693;0,596;0,998;0,949;0,691;0,320;0,098;0,053;0,693;0,391;0,442;0,191;0,883;0,055;0,698;0,627;0,205;0,072;0,253;0,034;0,548;0,961;0,121;0,189;0,013;0,635;0,168;0,388;0,231;0,801;0,007;0,325}
gen = 0043,avg = 374,360,best = 379,000,chrom = {0,786;0,333;0,949;0,581;0,671;0,841;0,869;0,573;0,969;0,794;0,373;0,010;0,370;0,148;0,979;0,265;0,711;0,322;0,374;0,496;0,569;0,671;0,424;0,808;0,728;0,471;0,768;0,195;0,693;0,596;0,998;0,949;0,691;0,320;0,098;0,053;0,693;0,391;0,442;0,191;0,883;0,055;0,698;0,627;0,205;0,072;0,253;0,034;0,548;0,961;0,121;0,189;0,013;0,635;0,168;0,388;0,231;0,801;0,007;0,325}
gen = 0044,avg = 374,747,best = 379,000,chrom = {0,786;0,333;0,949;0,581;0,671;0,841;0,869;0,573;0,969;0,794;0,373;0,010;0,370;0,148;0,979;0,265;0,711;0,322;0,374;0,496;0,569;0,671;0,424;0,808;0,728;0,471;0,768;0,195;0,693;0,596;0,998;0,949;0,691;0,320;0,098;0,053;0,693;0,391;0,442;0,191;0,883;0,055;0,698;0,627;0,205;0,072;0,253;0,034;0,548;0,961;0,121;0,189;0,013;0,635;0,168;0,388;0,231;0,801;0,007;0,325}
gen = 0045,avg = 375,133,best = 379,000,chrom = {0,786;0,333;0,949;0,581;0,671;0,841;0,869;0,573;0,969;0,794;0,373;0,010;0,370;0,148;0,979;0,265;0,711;0,322;0,374;0,496;0,569;0,671;0,424;0,808;0,728;0,471;0,768;0,195;0,693;0,596;0,998;0,949;0,691;0,320;0,098;0,053;0,693;0,391;0,442;0,191;0,883;0,055;0,698;0,627;0,205;0,072;0,253;0,034;0,548;0,961;0,121;0,189;0,013;0,635;0,168;0,388;0,231;0,801;0,007;0,325}
gen = 0046,avg = 375,520,best = 379,000,chrom = {0,786;0,333;0,949;0,581;0,671;0,841;0,869;0,573;0,969;0,794;0,373;0,010;0,370;0,148;0,979;0,265;0,711;0,322;0,374;0,496;0,569;0,671;0,424;0,808;0,728;0,471;0,768;0,195;0,693;0,596;0,998;0,949;0,691;0,320;0,098;0,053;0,693;0,391;0,442;0,191;0,883;0,055;0,698;0,627;0,205;0,072;0,253;0,034;0,548;0,961;0,121;0,189;0,013;0,635;0,168;0,388;0,231;0,801;0,007;0,325}
gen = 0047,avg = 375,907,best = 379,000,chrom = {0,786;0,333;0,949;0,581;0,671;0,841;0,869;0,573;0,969;0,794;0,373;0,010;0,370;0,148;0,979;0,265;0,711;0,322;0,374;0,496;0,569;0,671;0,424;0,808;0,728;0,471;0,768;0,195;0,693;0,596;0,998;0,949;0,691;0,320;0,098;0,053;0,693;0,391;0,442;0,191;0,883;0,055;0,698;0,627;0,205;0,072;0,253;0,034;0,548;0,961;0,121;0,189;0,013;0,635;0,168;0,388;0,231;0,801;0,007;0,325}
gen = 0048,avg = 376,293,best = 379,000,chrom = {0,786;0,333;0,949;0,581;0,671;0,841;0,869;0,573;0,969;0,794;0,373;0,010;0,370;0,148;0,979;0,265;0,711;0,322;0,374;0,496;0,569;0,671;0,424;0,808;0,728;0,471;0,768;0,195;0,693;0,596;0,998;0,949;0,691;0,320;0,098;0,053;0,693;0,391;0,442;0,191;0,883;0,055;0,698;0,627;0,205;0,072;0,253;0,034;0,548;0,961;0,121;0,189;0,013;0,635;0,168;0,388;0,231;0,801;0,007;0,325}
gen = 0049,avg = 376,680,best = 379,000,chrom = {0,786;0,333;0,949;0,581;0,671;0,841;0,869;0,573;0,969;0,794;0,373;0,010;0,370;0,148;0,979;0,265;0,711;0,322;0,374;0,496;0,569;0,671;0,424;0,808;0,728;0,471;0,768;0,195;0,693;0,596;0,998;0,949;0,691;0,320;0,098;0,053;0,693;0,391;0,442;0,191;0,883;0,055;0,698;0,627;0,205;0,072;0,253;0,034;0,548;0,961;0,121;0,189;0,013;0,635;0,168;0,388;0,231;0,801;0,007;0,325}
gen = 0050,avg = 377,067,best = 379,000,chrom = {0,786;0,333;0,949;0,581;0,671;0,841;0,869;0,573;0,969;0,794;0,373;0,010;0,370;0,148;0,979;0,265;0,711;0,322;0,374;0,496;0,569;0,671;0,424;0,808;0,728;0,471;0,768;0,195;0,693;0,596;0,998;0,949;0,691;0,320;0,098;0,053;0,693;0,391;0,442;0,191;0,883;0,055;0,698;0,627;0,205;0,072;0,253;0,034;0,548;0,961;0,121;0,189;0,013;0,635;0,168;0,388;0,231;0,801;0,007;0,325}
Execution Time = 2392,323ms;
