0.610545336
0.654228353
0.979281918
0.918805093
0.609498379
0.87518819
0.600279893
0.715044863
0.897716369
0.889106494
0.669594051
0.756889333
0.401315271
0.603599911
0.96510469
0.701338464
0.840992064
1.001521464
0.586419579
0.727212556
0.692091633
0.70471178
0.932944208
0.984598823
0.639773221
0.823853604
0.752231969
0.658399941
0.695659558
0.859116615
0.649659309
0.640724697
0.878843582
0.624584629
0.802580799
0.661321243
0.538664342
0.991029009
0.592173459
0.651411805
0.649110188
0.820222957
0.783380901
0.660612025
0.455937061
0.647788356
0.65178654
0.811404509
0.562861432
0.909168737
0.692080276
0.858086709
0.587981435
0.770077899
0.473775724
0.598598373
0.85917217
0.700298173
0.863102523
0.629517527
0.615940285
0.747960048
0.656429633
0.701780872
0.784698794
0.67643005
0.775170414
0.405402254
0.624802478
0.778458653
0.533208763
0.774451438
0.824177975
0.60093853
0.972878109
0.593532381
0.622728951
0.925411473
0.843712827
0.69597641
0.859598133
0.566349306
0.505409679
0.746567067
0.762122307
0.737202238
0.634813462
0.636211143
0.513695517
0.987163535
0.861184116
1.010984519
0.692221276
0.776472222
0.69027566
0.951510181
0.566850959
0.554978426
0.888939305
0.682754363

