0.657183249
0.555507874
0.683347266
1.093219811
0.488519332
0.661871291
0.408541483
0.629946324
0.719279927
1.298665665
0.473498237
0.598089524
0.605071801
0.665109971
0.431266313
0.675635233
0.720535735
0.340511194
0.674981812
0.617023979
0.466188703
0.704883391
0.664308086
0.859667289
0.617539294
0.445315362
0.383503345
0.852831655
0.53129581
0.714132601
0.503863156
0.871792757
0.598245486
0.429240695
0.393387643
0.753170839
0.650807231
0.646464016
0.630871976
0.733520497
0.694304137
0.456181807
0.614116872
0.648116155
0.633933761
0.667842921
0.971963463
0.627371735
0.761701564
1.050329744
0.423419046
0.756214652
0.729222554
0.386364701
0.733682896
0.621613061
0.718712317
0.657569984
0.509431831
0.718334809
0.58256474
0.725829272
0.628533231
0.762285439
0.538148371
0.781036411
0.781800095
0.245614726
0.625660109
0.663401955
0.959139982
0.624717944
0.708296171
0.699618764
0.679908456
0.76544496
0.55278998
0.666311245
0.699264509
0.922614969
0.746132916
0.566092027
0.769605351
0.984291776
0.418312229
0.490647642
0.867337502
0.656837583
0.586895293
0.692150953
0.802089243
0.655262312
0.920669873
0.7013674
0.746564275
0.669360823
0.642871872
0.548874055
0.501060394
0.666219518

