0.672916956
0.585045403
0.678676214
0.42053599
0.806974916
0.587442578
0.56672976
0.804875557
0.589809578
0.625048454
0.723881813
0.65416754
0.906391601
0.635711831
0.702364663
0.738152634
0.85203638
0.688616861
0.421984261
0.578439277
0.512224814
0.830629071
0.668818226
0.981050309
0.968016848
0.480269375
0.638878794
0.430901579
1.024950709
0.503109626
0.9566199
1.068942789
0.654552684
0.440708538
0.906029204
0.495009335
0.893184517
0.732868286
0.488281938
0.565261572
0.491421544
0.486557717
0.942749005
0.728135453
0.798426744
0.568446353
0.398534772
0.388405804
0.484777475
0.943449536
0.61435375
0.674851374
0.607723957
0.654016659
0.946404352
0.418916083
0.667199981
1.132251196
0.715922942
0.460748402
0.586741592
0.597815945
0.684699598
0.808653104
0.447648263
0.741070786
0.660776228
0.4104177
0.515501473
0.447706337
0.783707665
0.956508902
0.72886342
0.690394556
0.710654468
0.711355923
0.554661279
0.535112446
0.661318543
0.659830055
0.733396608
0.546034906
0.647995436
0.541044736
0.826155938
0.626151912
0.830217059
0.679062195
0.991352818
0.817078817
0.469983779
0.631630256
0.625743793
0.582629653
0.757890183
0.717240298
0.794628207
0.774861353
0.583646341
0.446881821

