0.520656102
0.523304927
0.626261638
0.629188989
0.578927839
0.516781275
0.568434509
0.607951362
0.540133613
0.522513442
0.513613447
0.644884657
0.571928497
0.801201842
0.788763497
0.778277684
0.644064072
0.554814185
0.629494589
0.591150792
0.626456205
0.609443454
0.531734993
0.5731421
0.550085895
0.615498754
0.587486512
0.701457284
0.664552982
0.512742446
0.579945631
0.519385701
0.816011662
0.633690138
0.754631085
0.644274947
0.288419923
0.299909423
0.579021461
0.809024916
0.879176907
0.618539957
0.644738748
0.640684461
0.6265322
0.503741281
0.565759939
0.564692424
0.599849875
0.613515511
0.617542162
0.527603737
0.596141346
0.612417211
0.590872307
0.561512521
0.57775944
0.626068042
0.576395676
0.585737867
0.54234366
0.380339141
0.643878123
0.536463325
0.526804232
0.588667045
0.618318902
0.549337765
0.518038115
0.563356778
0.568268628
0.659413021
0.651535848
0.661568582
0.473877076
0.868585239
0.620667425
0.888647622
0.538690526
0.593543618
0.593800568
0.581477682
0.601718362
0.642831101
0.654752867
0.620591736
0.86258945
0.812860835
0.475484092
0.575718914
0.56982931
0.584798717
0.637645343
0.586584453
0.595001421
0.538639853
0.591822546
0.527360203
0.656193552
0.363836256

