0.662855695
0.614221999
0.615976199
0.574624522
0.599951469
0.56137637
0.784956648
0.604400587
0.719312758
0.612009784
0.643425882
0.681188492
0.676385987
0.637930165
0.576533589
0.580121489
0.69135469
0.68828577
0.874680008
0.635318674
0.569451825
0.565603349
0.900733612
0.588272903
0.388071176
0.598881219
0.540848751
0.377351083
0.619980229
0.675806471
0.659562806
0.593832224
0.509807001
0.825931674
0.637830187
0.817869915
0.611396791
0.620217528
0.827650282
0.594309831
0.528266495
0.59942487
0.583564668
0.635671885
0.642172247
0.973850138
0.897653546
0.326111321
0.632128814
0.819023242
0.525982084
0.41388683
0.610428989
0.672749439
0.647635133
0.544860084
0.64655354
0.631192962
0.905340774
0.624531811
0.585056911
0.457498588
0.610646744
0.698418499
0.809384972
0.567570061
0.650612482
0.399523304
0.817223211
0.483359608
0.598185435
0.734819875
0.450764223
0.607703585
0.537708699
0.511273828
0.592101708
0.620856789
0.56756619
0.591222872
0.779644206
0.917362018
0.608592862
0.51496374
0.482189677
0.816353946
0.817924046
0.560304772
0.676011566
0.59892713
0.831602301
0.61181721
0.767275839
0.79021883
0.748362013
0.51031913
0.468312724
0.524078159
0.716123728
0.407420997

