0.70294887
0.598040735
1.065340449
0.914499713
0.917987311
0.951158669
0.917092086
0.651065018
0.821659898
0.945220631
0.679614611
0.771329924
0.787464693
0.973518135
0.83067529
1.013155523
0.575791548
0.879004632
0.68157313
0.861908033
0.671295383
0.89937194
0.831321205
0.833422405
0.67995058
0.938819597
0.701116716
0.685390218
0.8672946
0.739309157
0.925103512
0.655032634
0.966211698
0.933354857
1.151419271
0.972070919
0.884505677
1.043179308
0.8384806
0.971779338
0.82335292
0.626370737
0.858665938
0.955114661
0.718183664
0.921624615
0.803109747
0.945554456
0.812419381
0.570066716
0.857461948
0.701736106
1.05682267
0.932193267
0.653792708
0.631586653
0.696155259
0.798541102
0.832821127
0.8205175
0.679044041
0.978387913
0.69493442
0.372850332
0.708604809
0.700884194
0.692154225
0.839055109
0.897559257
0.566016749
0.929501633
0.960163377
0.767944718
1.002460224
0.917665064
0.715439516
0.762049612
0.807929074
0.67226187
0.841693342
0.659722476
0.735701127
0.872328705
0.778764298
0.970940727
0.686266481
0.821308731
0.590700378
0.677201494
0.9512303
0.736268956
0.721312791
0.837411931
0.714882524
0.696616487
0.987102643
0.890959489
0.788210045
0.762017384
0.676956338

