gen = -001,avg = 0,628,best = 0,628,chrom = {0,307;0,087;0,250;0,391;0,418;0,370;0,506;0,814;0,361;0,265;0,285;0,126;0,625;0,375;0,949;0,388;0,558;0,631;0,569;0,106;0,922;0,515;0,893;0,887;0,108;0,610;0,243;0,614;0,134;0,248;0,470;0,678;0,835;0,625;0,058;0,658;0,496;0,116;0,424;0,996;0,565;0,705;0,496;0,596;0,943;0,343;0,667;0,052}
gen = 0000,avg = 0,428,best = 0,924,chrom = {0,725;0,975;0,773;0,919;0,106;0,652;0,787;0,043;0,762;0,387;0,368;0,715;0,383;0,549;0,284;0,790;0,615;0,772;0,022;0,444;0,821;0,205;0,679;0,828;0,025;0,045;0,843;0,599;0,994;0,704;0,951;0,982;0,717;0,579;0,537;0,839;0,390;0,756;0,785;0,369;0,359;0,145;0,792;0,501;0,387;0,466;0,990;0,729}
gen = 0001,avg = 0,598,best = 0,924,chrom = {0,725;0,975;0,773;0,919;0,106;0,652;0,787;0,043;0,762;0,387;0,368;0,715;0,383;0,549;0,284;0,790;0,615;0,772;0,022;0,444;0,821;0,205;0,679;0,828;0,025;0,045;0,843;0,599;0,994;0,704;0,951;0,982;0,717;0,579;0,537;0,839;0,390;0,756;0,785;0,369;0,359;0,145;0,792;0,501;0,387;0,466;0,990;0,729}
gen = 0002,avg = 0,738,best = 0,947,chrom = {0,342;0,975;0,773;0,919;0,106;0,652;0,787;0,043;0,762;0,387;0,368;0,715;0,383;0,549;0,284;0,508;0,615;0,772;0,022;0,444;0,821;0,205;0,679;0,828;0,025;0,045;0,843;0,599;0,994;0,704;0,951;0,982;0,717;0,579;0,437;0,839;0,390;0,756;0,785;0,369;0,359;0,145;0,792;0,501;0,387;0,466;0,491;0,821}
gen = 0003,avg = 0,849,best = 0,949,chrom = {0,292;0,975;0,773;0,919;0,106;0,652;0,787;0,043;0,762;0,387;0,368;0,715;0,383;0,549;0,284;0,790;0,615;0,772;0,022;0,444;0,821;0,205;0,679;0,828;0,025;0,045;0,843;0,599;0,994;0,704;0,951;0,982;0,717;0,579;0,537;0,839;0,390;0,756;0,785;0,369;0,359;0,145;0,792;0,501;0,387;0,466;0,990;0,729}
gen = 0004,avg = 0,930,best = 1,003,chrom = {0,342;0,975;0,773;0,919;0,106;0,133;0,787;0,043;0,762;0,387;0,368;0,715;0,383;0,549;0,284;0,508;0,615;0,772;0,022;0,444;0,821;0,205;0,679;0,828;0,025;0,045;0,843;0,599;0,994;0,704;0,951;0,982;0,717;0,579;0,437;0,839;0,390;0,756;0,785;0,369;0,359;0,145;0,792;0,501;0,387;0,466;0,491;0,821}
gen = 0005,avg = 0,966,best = 1,027,chrom = {0,342;0,764;0,773;0,919;0,106;0,652;0,787;0,043;0,762;0,387;0,368;0,715;0,383;0,549;0,284;0,508;0,615;0,772;0,022;0,444;0,821;0,205;0,124;0,828;0,025;0,045;0,843;0,599;0,994;0,704;0,951;0,982;0,717;0,579;0,437;0,839;0,390;0,756;0,785;0,369;0,359;0,145;0,792;0,501;0,387;0,466;0,491;0,821}
gen = 0006,avg = 0,983,best = 1,027,chrom = {0,342;0,764;0,773;0,919;0,106;0,652;0,787;0,043;0,762;0,387;0,368;0,715;0,383;0,549;0,284;0,508;0,615;0,772;0,022;0,444;0,821;0,205;0,124;0,828;0,025;0,045;0,843;0,599;0,994;0,704;0,951;0,982;0,717;0,579;0,437;0,839;0,390;0,756;0,785;0,369;0,359;0,145;0,792;0,501;0,387;0,466;0,491;0,821}
gen = 0007,avg = 0,988,best = 1,027,chrom = {0,342;0,764;0,773;0,919;0,106;0,652;0,787;0,043;0,762;0,387;0,368;0,715;0,383;0,549;0,284;0,508;0,615;0,772;0,022;0,444;0,821;0,205;0,124;0,828;0,025;0,045;0,843;0,599;0,994;0,704;0,951;0,982;0,717;0,579;0,437;0,839;0,390;0,756;0,785;0,369;0,359;0,145;0,792;0,501;0,387;0,466;0,491;0,821}
gen = 0008,avg = 0,997,best = 1,027,chrom = {0,342;0,764;0,773;0,919;0,106;0,652;0,787;0,043;0,762;0,387;0,368;0,715;0,383;0,549;0,284;0,508;0,615;0,772;0,022;0,444;0,821;0,205;0,124;0,828;0,025;0,045;0,843;0,599;0,994;0,704;0,951;0,982;0,717;0,579;0,437;0,839;0,390;0,756;0,785;0,369;0,359;0,145;0,792;0,501;0,387;0,466;0,491;0,821}
gen = 0009,avg = 1,013,best = 1,055,chrom = {0,342;0,764;0,773;0,919;0,106;0,652;0,787;0,043;0,762;0,387;0,368;0,715;0,383;0,549;0,284;0,508;0,974;0,772;0,960;0,444;0,821;0,205;0,124;0,828;0,025;0,045;0,843;0,599;0,994;0,704;0,951;0,982;0,717;0,579;0,437;0,839;0,390;0,756;0,785;0,369;0,359;0,145;0,792;0,501;0,387;0,466;0,491;0,821}
gen = 0010,avg = 1,020,best = 1,055,chrom = {0,342;0,764;0,773;0,919;0,106;0,652;0,787;0,043;0,762;0,387;0,368;0,715;0,383;0,549;0,284;0,508;0,974;0,772;0,960;0,444;0,821;0,205;0,124;0,828;0,025;0,045;0,843;0,599;0,994;0,704;0,951;0,982;0,717;0,579;0,437;0,839;0,390;0,756;0,785;0,369;0,359;0,145;0,792;0,501;0,387;0,466;0,491;0,821}
gen = 0011,avg = 1,030,best = 1,055,chrom = {0,342;0,764;0,773;0,919;0,106;0,652;0,787;0,043;0,762;0,387;0,368;0,715;0,383;0,549;0,284;0,508;0,974;0,772;0,960;0,444;0,821;0,205;0,124;0,828;0,025;0,045;0,843;0,599;0,994;0,704;0,951;0,982;0,717;0,579;0,437;0,839;0,390;0,756;0,785;0,369;0,359;0,145;0,792;0,501;0,387;0,466;0,491;0,821}
gen = 0012,avg = 1,036,best = 1,055,chrom = {0,342;0,764;0,773;0,919;0,106;0,652;0,787;0,043;0,762;0,387;0,368;0,715;0,383;0,549;0,284;0,508;0,974;0,772;0,960;0,444;0,821;0,205;0,124;0,828;0,025;0,045;0,843;0,599;0,994;0,704;0,951;0,982;0,717;0,579;0,437;0,839;0,390;0,756;0,785;0,369;0,359;0,145;0,792;0,501;0,387;0,466;0,491;0,821}
gen = 0013,avg = 1,041,best = 1,055,chrom = {0,342;0,764;0,773;0,919;0,106;0,652;0,787;0,043;0,762;0,387;0,368;0,715;0,383;0,549;0,284;0,508;0,974;0,772;0,960;0,444;0,821;0,205;0,124;0,828;0,025;0,045;0,843;0,599;0,994;0,704;0,951;0,982;0,717;0,579;0,437;0,839;0,390;0,756;0,785;0,369;0,359;0,145;0,792;0,501;0,387;0,466;0,491;0,821}
gen = 0014,avg = 1,043,best = 1,055,chrom = {0,342;0,764;0,773;0,919;0,106;0,652;0,787;0,043;0,762;0,387;0,368;0,715;0,383;0,549;0,284;0,508;0,974;0,772;0,960;0,444;0,821;0,205;0,124;0,828;0,025;0,045;0,843;0,599;0,994;0,704;0,951;0,982;0,717;0,579;0,437;0,839;0,390;0,756;0,785;0,369;0,359;0,145;0,792;0,501;0,387;0,466;0,491;0,821}
gen = 0015,avg = 1,045,best = 1,055,chrom = {0,342;0,764;0,773;0,919;0,106;0,652;0,787;0,043;0,762;0,387;0,368;0,715;0,383;0,549;0,284;0,508;0,974;0,772;0,960;0,444;0,821;0,205;0,124;0,828;0,025;0,045;0,843;0,599;0,994;0,704;0,951;0,982;0,717;0,579;0,437;0,839;0,390;0,756;0,785;0,369;0,359;0,145;0,792;0,501;0,387;0,466;0,491;0,821}
gen = 0016,avg = 1,053,best = 1,092,chrom = {0,342;0,764;0,773;0,919;0,106;0,652;0,787;0,043;0,762;0,387;0,368;0,715;0,383;0,549;0,284;0,508;0,974;0,772;0,960;0,444;0,821;0,205;0,124;0,828;0,025;0,045;0,843;0,599;0,994;0,704;0,951;0,982;0,717;0,579;0,437;0,839;0,390;0,756;0,785;0,369;0,359;0,145;0,792;0,501;0,387;0,466;0,491;0,821}
gen = 0017,avg = 1,061,best = 1,092,chrom = {0,342;0,764;0,773;0,919;0,106;0,652;0,787;0,043;0,762;0,387;0,368;0,715;0,383;0,549;0,284;0,508;0,974;0,772;0,960;0,444;0,821;0,205;0,124;0,828;0,025;0,045;0,843;0,599;0,994;0,704;0,951;0,982;0,717;0,579;0,437;0,839;0,390;0,756;0,785;0,369;0,359;0,145;0,792;0,501;0,387;0,466;0,491;0,821}
gen = 0018,avg = 1,065,best = 1,092,chrom = {0,342;0,764;0,773;0,919;0,106;0,652;0,787;0,043;0,762;0,387;0,368;0,715;0,383;0,549;0,284;0,508;0,974;0,772;0,960;0,444;0,821;0,205;0,124;0,828;0,025;0,045;0,843;0,599;0,994;0,704;0,951;0,982;0,717;0,579;0,437;0,839;0,390;0,756;0,785;0,369;0,359;0,145;0,792;0,501;0,387;0,466;0,491;0,821}
gen = 0019,avg = 1,068,best = 1,092,chrom = {0,342;0,764;0,773;0,919;0,106;0,652;0,787;0,043;0,762;0,387;0,368;0,715;0,383;0,549;0,284;0,508;0,974;0,772;0,960;0,444;0,821;0,205;0,124;0,828;0,025;0,045;0,843;0,599;0,994;0,704;0,951;0,982;0,717;0,579;0,437;0,839;0,390;0,756;0,785;0,369;0,359;0,145;0,792;0,501;0,387;0,466;0,491;0,821}
gen = 0020,avg = 1,071,best = 1,092,chrom = {0,342;0,764;0,773;0,919;0,106;0,652;0,787;0,043;0,762;0,387;0,368;0,715;0,383;0,549;0,284;0,508;0,974;0,772;0,960;0,444;0,821;0,205;0,124;0,828;0,025;0,045;0,843;0,599;0,994;0,704;0,951;0,982;0,717;0,579;0,437;0,839;0,390;0,756;0,785;0,369;0,359;0,145;0,792;0,501;0,387;0,466;0,491;0,821}
gen = 0021,avg = 1,074,best = 1,092,chrom = {0,342;0,764;0,773;0,919;0,106;0,652;0,787;0,043;0,762;0,387;0,368;0,715;0,383;0,549;0,284;0,508;0,974;0,772;0,960;0,444;0,821;0,205;0,124;0,828;0,025;0,045;0,843;0,599;0,994;0,704;0,951;0,982;0,717;0,579;0,437;0,839;0,390;0,756;0,785;0,369;0,359;0,145;0,792;0,501;0,387;0,466;0,491;0,821}
gen = 0022,avg = 1,080,best = 1,098,chrom = {0,342;0,764;0,773;0,919;0,106;0,652;0,787;0,043;0,762;0,387;0,368;0,715;0,383;0,549;0,284;0,508;0,974;0,772;0,960;0,444;0,821;0,205;0,124;0,828;0,025;0,045;0,843;0,599;0,994;0,704;0,951;0,982;0,717;0,579;0,437;0,839;0,390;0,756;0,785;0,369;0,359;0,145;0,792;0,501;0,387;0,466;0,491;0,821}
gen = 0023,avg = 1,083,best = 1,098,chrom = {0,342;0,764;0,773;0,919;0,106;0,652;0,787;0,043;0,762;0,387;0,368;0,715;0,383;0,549;0,284;0,508;0,974;0,772;0,960;0,444;0,821;0,205;0,124;0,828;0,025;0,045;0,843;0,599;0,994;0,704;0,951;0,982;0,717;0,579;0,437;0,839;0,390;0,756;0,785;0,369;0,359;0,145;0,792;0,501;0,387;0,466;0,491;0,821}
gen = 0024,avg = 1,086,best = 1,098,chrom = {0,342;0,764;0,773;0,919;0,106;0,652;0,787;0,043;0,762;0,387;0,368;0,715;0,383;0,549;0,284;0,508;0,974;0,772;0,960;0,444;0,821;0,205;0,124;0,828;0,025;0,045;0,843;0,599;0,994;0,704;0,951;0,982;0,717;0,579;0,437;0,839;0,390;0,756;0,785;0,369;0,359;0,145;0,792;0,501;0,387;0,466;0,491;0,821}
gen = 0025,avg = 1,089,best = 1,098,chrom = {0,342;0,764;0,773;0,919;0,106;0,652;0,787;0,043;0,762;0,387;0,368;0,715;0,383;0,549;0,284;0,508;0,974;0,772;0,960;0,444;0,821;0,205;0,124;0,828;0,025;0,045;0,843;0,599;0,994;0,704;0,951;0,982;0,717;0,579;0,437;0,839;0,390;0,756;0,785;0,369;0,359;0,145;0,792;0,501;0,387;0,466;0,491;0,821}
gen = 0026,avg = 1,092,best = 1,098,chrom = {0,342;0,764;0,773;0,919;0,106;0,652;0,787;0,043;0,762;0,387;0,368;0,715;0,383;0,549;0,284;0,508;0,974;0,772;0,960;0,444;0,821;0,205;0,124;0,828;0,025;0,045;0,843;0,599;0,994;0,704;0,951;0,982;0,717;0,579;0,437;0,839;0,390;0,756;0,785;0,369;0,359;0,145;0,792;0,501;0,387;0,466;0,491;0,821}
gen = 0027,avg = 1,093,best = 1,098,chrom = {0,342;0,764;0,773;0,919;0,106;0,652;0,787;0,043;0,762;0,387;0,368;0,715;0,383;0,549;0,284;0,508;0,974;0,772;0,960;0,444;0,821;0,205;0,124;0,828;0,025;0,045;0,843;0,599;0,994;0,704;0,951;0,982;0,717;0,579;0,437;0,839;0,390;0,756;0,785;0,369;0,359;0,145;0,792;0,501;0,387;0,466;0,491;0,821}
gen = 0028,avg = 1,098,best = 1,121,chrom = {0,342;0,764;0,773;0,919;0,106;0,652;0,787;0,043;0,762;0,387;0,368;0,715;0,383;0,549;0,284;0,508;0,974;0,772;0,960;0,444;0,821;0,205;0,124;0,828;0,025;0,045;0,843;0,599;0,994;0,704;0,951;0,982;0,717;0,579;0,437;0,839;0,390;0,756;0,785;0,369;0,359;0,145;0,792;0,501;0,387;0,466;0,491;0,821}
gen = 0029,avg = 1,100,best = 1,121,chrom = {0,342;0,764;0,773;0,919;0,106;0,652;0,787;0,043;0,762;0,387;0,368;0,715;0,383;0,549;0,284;0,508;0,974;0,772;0,960;0,444;0,821;0,205;0,124;0,828;0,025;0,045;0,843;0,599;0,994;0,704;0,951;0,982;0,717;0,579;0,437;0,839;0,390;0,756;0,785;0,369;0,359;0,145;0,792;0,501;0,387;0,466;0,491;0,821}
gen = 0030,avg = 1,102,best = 1,121,chrom = {0,342;0,764;0,773;0,919;0,106;0,652;0,787;0,043;0,762;0,387;0,368;0,715;0,383;0,549;0,284;0,508;0,974;0,772;0,960;0,444;0,821;0,205;0,124;0,828;0,025;0,045;0,843;0,599;0,994;0,704;0,951;0,982;0,717;0,579;0,437;0,839;0,390;0,756;0,785;0,369;0,359;0,145;0,792;0,501;0,387;0,466;0,491;0,821}
gen = 0031,avg = 1,104,best = 1,121,chrom = {0,342;0,764;0,773;0,919;0,106;0,652;0,787;0,043;0,762;0,387;0,368;0,715;0,383;0,549;0,284;0,508;0,974;0,772;0,960;0,444;0,821;0,205;0,124;0,828;0,025;0,045;0,843;0,599;0,994;0,704;0,951;0,982;0,717;0,579;0,437;0,839;0,390;0,756;0,785;0,369;0,359;0,145;0,792;0,501;0,387;0,466;0,491;0,821}
gen = 0032,avg = 1,107,best = 1,121,chrom = {0,342;0,764;0,773;0,919;0,106;0,652;0,787;0,043;0,762;0,387;0,368;0,715;0,383;0,549;0,284;0,508;0,974;0,772;0,960;0,444;0,821;0,205;0,124;0,828;0,025;0,045;0,843;0,599;0,994;0,704;0,951;0,982;0,717;0,579;0,437;0,839;0,390;0,756;0,785;0,369;0,359;0,145;0,792;0,501;0,387;0,466;0,491;0,821}
gen = 0033,avg = 1,109,best = 1,121,chrom = {0,342;0,764;0,773;0,919;0,106;0,652;0,787;0,043;0,762;0,387;0,368;0,715;0,383;0,549;0,284;0,508;0,974;0,772;0,960;0,444;0,821;0,205;0,124;0,828;0,025;0,045;0,843;0,599;0,994;0,704;0,951;0,982;0,717;0,579;0,437;0,839;0,390;0,756;0,785;0,369;0,359;0,145;0,792;0,501;0,387;0,466;0,491;0,821}
gen = 0034,avg = 1,111,best = 1,121,chrom = {0,342;0,764;0,773;0,919;0,106;0,652;0,787;0,043;0,762;0,387;0,368;0,715;0,383;0,549;0,284;0,508;0,974;0,772;0,960;0,444;0,821;0,205;0,124;0,828;0,025;0,045;0,843;0,599;0,994;0,704;0,951;0,982;0,717;0,579;0,437;0,839;0,390;0,756;0,785;0,369;0,359;0,145;0,792;0,501;0,387;0,466;0,491;0,821}
gen = 0035,avg = 1,112,best = 1,121,chrom = {0,342;0,764;0,773;0,919;0,106;0,652;0,787;0,043;0,762;0,387;0,368;0,715;0,383;0,549;0,284;0,508;0,974;0,772;0,960;0,444;0,821;0,205;0,124;0,828;0,025;0,045;0,843;0,599;0,994;0,704;0,951;0,982;0,717;0,579;0,437;0,839;0,390;0,756;0,785;0,369;0,359;0,145;0,792;0,501;0,387;0,466;0,491;0,821}
gen = 0036,avg = 1,114,best = 1,121,chrom = {0,342;0,764;0,773;0,919;0,106;0,652;0,787;0,043;0,762;0,387;0,368;0,715;0,383;0,549;0,284;0,508;0,974;0,772;0,960;0,444;0,821;0,205;0,124;0,828;0,025;0,045;0,843;0,599;0,994;0,704;0,951;0,982;0,717;0,579;0,437;0,839;0,390;0,756;0,785;0,369;0,359;0,145;0,792;0,501;0,387;0,466;0,491;0,821}
gen = 0037,avg = 1,115,best = 1,121,chrom = {0,342;0,764;0,773;0,919;0,106;0,652;0,787;0,043;0,762;0,387;0,368;0,715;0,383;0,549;0,284;0,508;0,974;0,772;0,960;0,444;0,821;0,205;0,124;0,828;0,025;0,045;0,843;0,599;0,994;0,704;0,951;0,982;0,717;0,579;0,437;0,839;0,390;0,756;0,785;0,369;0,359;0,145;0,792;0,501;0,387;0,466;0,491;0,821}
gen = 0038,avg = 1,117,best = 1,121,chrom = {0,342;0,764;0,773;0,919;0,106;0,652;0,787;0,043;0,762;0,387;0,368;0,715;0,383;0,549;0,284;0,508;0,974;0,772;0,960;0,444;0,821;0,205;0,124;0,828;0,025;0,045;0,843;0,599;0,994;0,704;0,951;0,982;0,717;0,579;0,437;0,839;0,390;0,756;0,785;0,369;0,359;0,145;0,792;0,501;0,387;0,466;0,491;0,821}
gen = 0039,avg = 1,119,best = 1,121,chrom = {0,342;0,764;0,773;0,919;0,106;0,652;0,787;0,043;0,762;0,387;0,368;0,715;0,383;0,549;0,284;0,508;0,974;0,772;0,960;0,444;0,821;0,205;0,124;0,828;0,025;0,045;0,843;0,599;0,994;0,704;0,951;0,982;0,717;0,579;0,437;0,839;0,390;0,756;0,785;0,369;0,359;0,145;0,792;0,501;0,387;0,466;0,491;0,821}
gen = 0040,avg = 1,122,best = 1,128,chrom = {0,342;0,764;0,773;0,919;0,106;0,652;0,787;0,043;0,762;0,387;0,368;0,715;0,383;0,549;0,284;0,508;0,974;0,772;0,960;0,444;0,821;0,205;0,124;0,828;0,025;0,045;0,843;0,599;0,994;0,704;0,951;0,982;0,717;0,579;0,437;0,839;0,390;0,756;0,785;0,369;0,359;0,145;0,792;0,501;0,387;0,466;0,491;0,821}
gen = 0041,avg = 1,122,best = 1,128,chrom = {0,342;0,764;0,773;0,919;0,106;0,652;0,787;0,043;0,762;0,387;0,368;0,715;0,383;0,549;0,284;0,508;0,974;0,772;0,960;0,444;0,821;0,205;0,124;0,828;0,025;0,045;0,843;0,599;0,994;0,704;0,951;0,982;0,717;0,579;0,437;0,839;0,390;0,756;0,785;0,369;0,359;0,145;0,792;0,501;0,387;0,466;0,491;0,821}
gen = 0042,avg = 1,123,best = 1,128,chrom = {0,342;0,764;0,773;0,919;0,106;0,652;0,787;0,043;0,762;0,387;0,368;0,715;0,383;0,549;0,284;0,508;0,974;0,772;0,960;0,444;0,821;0,205;0,124;0,828;0,025;0,045;0,843;0,599;0,994;0,704;0,951;0,982;0,717;0,579;0,437;0,839;0,390;0,756;0,785;0,369;0,359;0,145;0,792;0,501;0,387;0,466;0,491;0,821}
gen = 0043,avg = 1,123,best = 1,128,chrom = {0,342;0,764;0,773;0,919;0,106;0,652;0,787;0,043;0,762;0,387;0,368;0,715;0,383;0,549;0,284;0,508;0,974;0,772;0,960;0,444;0,821;0,205;0,124;0,828;0,025;0,045;0,843;0,599;0,994;0,704;0,951;0,982;0,717;0,579;0,437;0,839;0,390;0,756;0,785;0,369;0,359;0,145;0,792;0,501;0,387;0,466;0,491;0,821}
gen = 0044,avg = 1,124,best = 1,128,chrom = {0,342;0,764;0,773;0,919;0,106;0,652;0,787;0,043;0,762;0,387;0,368;0,715;0,383;0,549;0,284;0,508;0,974;0,772;0,960;0,444;0,821;0,205;0,124;0,828;0,025;0,045;0,843;0,599;0,994;0,704;0,951;0,982;0,717;0,579;0,437;0,839;0,390;0,756;0,785;0,369;0,359;0,145;0,792;0,501;0,387;0,466;0,491;0,821}
gen = 0045,avg = 1,125,best = 1,128,chrom = {0,342;0,764;0,773;0,919;0,106;0,652;0,787;0,043;0,762;0,387;0,368;0,715;0,383;0,549;0,284;0,508;0,974;0,772;0,960;0,444;0,821;0,205;0,124;0,828;0,025;0,045;0,843;0,599;0,994;0,704;0,951;0,982;0,717;0,579;0,437;0,839;0,390;0,756;0,785;0,369;0,359;0,145;0,792;0,501;0,387;0,466;0,491;0,821}
gen = 0046,avg = 1,125,best = 1,128,chrom = {0,342;0,764;0,773;0,919;0,106;0,652;0,787;0,043;0,762;0,387;0,368;0,715;0,383;0,549;0,284;0,508;0,974;0,772;0,960;0,444;0,821;0,205;0,124;0,828;0,025;0,045;0,843;0,599;0,994;0,704;0,951;0,982;0,717;0,579;0,437;0,839;0,390;0,756;0,785;0,369;0,359;0,145;0,792;0,501;0,387;0,466;0,491;0,821}
gen = 0047,avg = 1,126,best = 1,128,chrom = {0,342;0,764;0,773;0,919;0,106;0,652;0,787;0,043;0,762;0,387;0,368;0,715;0,383;0,549;0,284;0,508;0,974;0,772;0,960;0,444;0,821;0,205;0,124;0,828;0,025;0,045;0,843;0,599;0,994;0,704;0,951;0,982;0,717;0,579;0,437;0,839;0,390;0,756;0,785;0,369;0,359;0,145;0,792;0,501;0,387;0,466;0,491;0,821}
gen = 0048,avg = 1,126,best = 1,128,chrom = {0,342;0,764;0,773;0,919;0,106;0,652;0,787;0,043;0,762;0,387;0,368;0,715;0,383;0,549;0,284;0,508;0,974;0,772;0,960;0,444;0,821;0,205;0,124;0,828;0,025;0,045;0,843;0,599;0,994;0,704;0,951;0,982;0,717;0,579;0,437;0,839;0,390;0,756;0,785;0,369;0,359;0,145;0,792;0,501;0,387;0,466;0,491;0,821}
gen = 0049,avg = 1,127,best = 1,128,chrom = {0,342;0,764;0,773;0,919;0,106;0,652;0,787;0,043;0,762;0,387;0,368;0,715;0,383;0,549;0,284;0,508;0,974;0,772;0,960;0,444;0,821;0,205;0,124;0,828;0,025;0,045;0,843;0,599;0,994;0,704;0,951;0,982;0,717;0,579;0,437;0,839;0,390;0,756;0,785;0,369;0,359;0,145;0,792;0,501;0,387;0,466;0,491;0,821}
gen = 0050,avg = 1,128,best = 1,130,chrom = {0,342;0,764;0,773;0,919;0,106;0,527;0,787;0,043;0,762;0,387;0,368;0,979;0,383;0,549;0,284;0,508;0,974;0,772;0,960;0,444;0,821;0,205;0,124;0,828;0,025;0,045;0,843;0,599;0,732;0,704;0,951;0,982;0,717;0,579;0,437;0,839;0,390;0,756;0,385;0,369;0,359;0,145;0,792;0,501;0,387;0,466;0,491;0,821}
Execution Time = 1718,330ms;
