5739.666666666667	1227.0628436319862	0.21378642957755725	5300.575935803771	6178.757397529563
2668.3333333333335	765.9289929374792	0.28704396987038566	2394.254199535632	2942.412467131035
4645.792225206876

4571.0	1912.5329626789003	0.41840581113080294	3886.6214445411742	5255.378555458826
3285.0	653.2215040346834	0.19884977291771186	3051.2519820313523	3518.7480179686477
4577.6128632422315

4312.333333333333	1583.8490738984228	0.36728354500233973	3745.57063569015	4879.096030976516
2054.6666666666665	615.8448578082713	0.29972981398845133	1834.2934640091746	2275.0398693241586
3631.9390095773592

33444.666666666664	15142.001570319422	0.4527478692263666	28026.270558640826	38863.0627746925
4096.666666666667	1667.9894750533913	0.4071577237721866	3499.7952664171225	4693.538066916211
12205.596725759216

3903.3333333333335	1866.0945551844065	0.47807717041445086	3235.5722432249468	4571.09442344172
2464.6666666666665	663.1376595817462	0.26905774665204746	2227.370263210588	2701.963070122745
3785.490222472619