gen = -001,avg = 0,421,best = 0,421,chrom = {0,263;0,952;0,405;0,444;0,562;0,624;0,513;0,891;0,888;0,573;0,886;0,887;0,498;0,626;0,951;0,464;0,469;0,343;0,372;0,768;0,462;0,110;0,161;0,901}
gen = 0000,avg = 0,295,best = 0,603,chrom = {0,826;0,775;0,818;0,895;0,055;0,666;0,850;0,432;0,919;0,073;0,575;0,985;0,835;0,805;0,658;0,394;0,926;0,281;0,863;0,618;0,686;0,435;0,455;0,877}
gen = 0001,avg = 0,534,best = 0,789,chrom = {0,826;0,775;0,818;0,895;0,055;0,666;0,850;0,432;0,968;0,073;0,575;0,985;0,835;0,805;0,658;0,394;0,926;0,281;0,863;0,618;0,686;0,435;0,455;0,877}
gen = 0002,avg = 0,639,best = 0,789,chrom = {0,826;0,775;0,818;0,895;0,055;0,666;0,850;0,432;0,968;0,073;0,575;0,985;0,835;0,805;0,658;0,394;0,926;0,281;0,863;0,618;0,686;0,435;0,455;0,877}
gen = 0003,avg = 0,708,best = 0,789,chrom = {0,826;0,775;0,818;0,895;0,055;0,666;0,850;0,432;0,968;0,073;0,575;0,985;0,835;0,805;0,658;0,394;0,926;0,281;0,863;0,618;0,686;0,435;0,455;0,877}
gen = 0004,avg = 0,735,best = 0,789,chrom = {0,826;0,775;0,818;0,895;0,055;0,666;0,850;0,432;0,968;0,073;0,575;0,985;0,835;0,805;0,658;0,394;0,926;0,281;0,863;0,618;0,686;0,435;0,455;0,877}
gen = 0005,avg = 0,752,best = 0,789,chrom = {0,826;0,775;0,818;0,895;0,055;0,666;0,850;0,432;0,968;0,073;0,575;0,985;0,835;0,805;0,658;0,394;0,926;0,281;0,863;0,618;0,686;0,435;0,455;0,877}
gen = 0006,avg = 0,779,best = 0,904,chrom = {0,826;0,775;0,818;0,895;0,787;0,666;0,850;0,989;0,968;0,073;0,575;0,985;0,835;0,805;0,079;0,394;0,926;0,281;0,863;0,618;0,686;0,435;0,455;0,877}
gen = 0007,avg = 0,799,best = 0,904,chrom = {0,826;0,775;0,818;0,895;0,787;0,666;0,850;0,989;0,968;0,073;0,575;0,985;0,835;0,805;0,079;0,394;0,926;0,281;0,863;0,618;0,686;0,435;0,455;0,877}
gen = 0008,avg = 0,829,best = 0,904,chrom = {0,826;0,775;0,818;0,895;0,787;0,666;0,850;0,989;0,968;0,073;0,575;0,985;0,835;0,805;0,079;0,394;0,926;0,281;0,863;0,618;0,686;0,435;0,455;0,877}
gen = 0009,avg = 0,873,best = 0,954,chrom = {0,826;0,775;0,818;0,895;0,787;0,666;0,850;0,989;0,968;0,073;0,575;0,985;0,835;0,805;0,079;0,394;0,926;0,281;0,863;0,618;0,686;0,435;0,455;0,877}
gen = 0010,avg = 0,920,best = 1,019,chrom = {0,826;0,775;0,818;0,895;0,787;0,666;0,850;0,989;0,968;0,073;0,575;0,985;0,835;0,805;0,079;0,394;0,926;0,281;0,863;0,618;0,686;0,381;0,455;0,877}
gen = 0011,avg = 0,947,best = 1,019,chrom = {0,826;0,775;0,818;0,895;0,787;0,666;0,850;0,989;0,968;0,073;0,575;0,985;0,835;0,805;0,079;0,394;0,926;0,281;0,863;0,618;0,686;0,381;0,455;0,877}
gen = 0012,avg = 0,971,best = 1,019,chrom = {0,826;0,775;0,818;0,895;0,787;0,666;0,850;0,989;0,968;0,073;0,575;0,985;0,835;0,805;0,079;0,394;0,926;0,281;0,863;0,618;0,686;0,381;0,455;0,877}
gen = 0013,avg = 0,992,best = 1,045,chrom = {0,826;0,775;0,818;0,895;0,787;0,666;0,850;0,989;0,968;0,073;0,575;0,985;0,835;0,805;0,079;0,394;0,926;0,281;0,863;0,618;0,686;0,381;0,455;0,877}
gen = 0014,avg = 1,000,best = 1,045,chrom = {0,826;0,775;0,818;0,895;0,787;0,666;0,850;0,989;0,968;0,073;0,575;0,985;0,835;0,805;0,079;0,394;0,926;0,281;0,863;0,618;0,686;0,381;0,455;0,877}
gen = 0015,avg = 1,011,best = 1,045,chrom = {0,826;0,775;0,818;0,895;0,787;0,666;0,850;0,989;0,968;0,073;0,575;0,985;0,835;0,805;0,079;0,394;0,926;0,281;0,863;0,618;0,686;0,381;0,455;0,877}
gen = 0016,avg = 1,019,best = 1,045,chrom = {0,826;0,775;0,818;0,895;0,787;0,666;0,850;0,989;0,968;0,073;0,575;0,985;0,835;0,805;0,079;0,394;0,926;0,281;0,863;0,618;0,686;0,381;0,455;0,877}
gen = 0017,avg = 1,025,best = 1,045,chrom = {0,826;0,775;0,818;0,895;0,787;0,666;0,850;0,989;0,968;0,073;0,575;0,985;0,835;0,805;0,079;0,394;0,926;0,281;0,863;0,618;0,686;0,381;0,455;0,877}
gen = 0018,avg = 1,029,best = 1,045,chrom = {0,826;0,775;0,818;0,895;0,787;0,666;0,850;0,989;0,968;0,073;0,575;0,985;0,835;0,805;0,079;0,394;0,926;0,281;0,863;0,618;0,686;0,381;0,455;0,877}
gen = 0019,avg = 1,032,best = 1,045,chrom = {0,826;0,775;0,818;0,895;0,787;0,666;0,850;0,989;0,968;0,073;0,575;0,985;0,835;0,805;0,079;0,394;0,926;0,281;0,863;0,618;0,686;0,381;0,455;0,877}
gen = 0020,avg = 1,035,best = 1,045,chrom = {0,826;0,775;0,818;0,895;0,787;0,666;0,850;0,989;0,968;0,073;0,575;0,985;0,835;0,805;0,079;0,394;0,926;0,281;0,863;0,618;0,686;0,381;0,455;0,877}
gen = 0021,avg = 1,041,best = 1,059,chrom = {0,826;0,775;0,818;0,895;0,787;0,666;0,850;0,989;0,968;0,073;0,575;0,985;0,835;0,805;0,079;0,394;0,926;0,281;0,449;0,618;0,686;0,381;0,455;0,877}
gen = 0022,avg = 1,047,best = 1,059,chrom = {0,826;0,775;0,818;0,895;0,787;0,666;0,850;0,989;0,968;0,073;0,575;0,985;0,835;0,805;0,079;0,394;0,926;0,281;0,449;0,618;0,686;0,381;0,455;0,877}
gen = 0023,avg = 1,054,best = 1,084,chrom = {0,826;0,775;0,818;0,895;0,787;0,666;0,850;0,989;0,968;0,073;0,575;0,985;0,835;0,805;0,079;0,394;0,926;0,281;0,449;0,618;0,686;0,381;0,455;0,877}
gen = 0024,avg = 1,061,best = 1,084,chrom = {0,826;0,775;0,818;0,895;0,787;0,666;0,850;0,989;0,968;0,073;0,575;0,985;0,835;0,805;0,079;0,394;0,926;0,281;0,449;0,618;0,686;0,381;0,455;0,877}
gen = 0025,avg = 1,066,best = 1,084,chrom = {0,826;0,775;0,818;0,895;0,787;0,666;0,850;0,989;0,968;0,073;0,575;0,985;0,835;0,805;0,079;0,394;0,926;0,281;0,449;0,618;0,686;0,381;0,455;0,877}
gen = 0026,avg = 1,073,best = 1,084,chrom = {0,826;0,775;0,818;0,895;0,787;0,666;0,850;0,989;0,968;0,073;0,575;0,985;0,835;0,805;0,079;0,394;0,926;0,281;0,449;0,618;0,686;0,381;0,455;0,877}
gen = 0027,avg = 1,082,best = 1,109,chrom = {0,826;0,775;0,818;0,895;0,787;0,666;0,850;0,989;0,968;0,073;0,575;0,985;0,462;0,805;0,079;0,394;0,926;0,281;0,449;0,618;0,686;0,381;0,455;0,877}
gen = 0028,avg = 1,085,best = 1,109,chrom = {0,826;0,775;0,818;0,895;0,787;0,666;0,850;0,989;0,968;0,073;0,575;0,985;0,462;0,805;0,079;0,394;0,926;0,281;0,449;0,618;0,686;0,381;0,455;0,877}
gen = 0029,avg = 1,092,best = 1,109,chrom = {0,826;0,775;0,818;0,895;0,787;0,666;0,850;0,989;0,968;0,073;0,575;0,985;0,462;0,805;0,079;0,394;0,926;0,281;0,449;0,618;0,686;0,381;0,455;0,877}
gen = 0030,avg = 1,094,best = 1,109,chrom = {0,826;0,775;0,818;0,895;0,787;0,666;0,850;0,989;0,968;0,073;0,575;0,985;0,462;0,805;0,079;0,394;0,926;0,281;0,449;0,618;0,686;0,381;0,455;0,877}
gen = 0031,avg = 1,098,best = 1,109,chrom = {0,826;0,775;0,818;0,895;0,787;0,666;0,850;0,989;0,968;0,073;0,575;0,985;0,462;0,805;0,079;0,394;0,926;0,281;0,449;0,618;0,686;0,381;0,455;0,877}
gen = 0032,avg = 1,101,best = 1,109,chrom = {0,826;0,775;0,818;0,895;0,787;0,666;0,850;0,989;0,968;0,073;0,575;0,985;0,462;0,805;0,079;0,394;0,926;0,281;0,449;0,618;0,686;0,381;0,455;0,877}
gen = 0033,avg = 1,102,best = 1,109,chrom = {0,826;0,775;0,818;0,895;0,787;0,666;0,850;0,989;0,968;0,073;0,575;0,985;0,462;0,805;0,079;0,394;0,926;0,281;0,449;0,618;0,686;0,381;0,455;0,877}
gen = 0034,avg = 1,104,best = 1,109,chrom = {0,826;0,775;0,818;0,895;0,787;0,666;0,850;0,989;0,968;0,073;0,575;0,985;0,462;0,805;0,079;0,394;0,926;0,281;0,449;0,618;0,686;0,381;0,455;0,877}
gen = 0035,avg = 1,108,best = 1,114,chrom = {0,826;0,451;0,818;0,318;0,787;0,666;0,850;0,989;0,968;0,073;0,575;0,985;0,462;0,805;0,079;0,394;0,926;0,281;0,449;0,618;0,686;0,098;0,581;0,877}
gen = 0036,avg = 1,109,best = 1,114,chrom = {0,826;0,451;0,818;0,318;0,787;0,666;0,850;0,989;0,968;0,073;0,575;0,985;0,462;0,805;0,079;0,394;0,926;0,281;0,449;0,618;0,686;0,098;0,581;0,877}
gen = 0037,avg = 1,110,best = 1,114,chrom = {0,826;0,451;0,818;0,318;0,787;0,666;0,850;0,989;0,968;0,073;0,575;0,985;0,462;0,805;0,079;0,394;0,926;0,281;0,449;0,618;0,686;0,098;0,581;0,877}
gen = 0038,avg = 1,110,best = 1,114,chrom = {0,826;0,451;0,818;0,318;0,787;0,666;0,850;0,989;0,968;0,073;0,575;0,985;0,462;0,805;0,079;0,394;0,926;0,281;0,449;0,618;0,686;0,098;0,581;0,877}
gen = 0039,avg = 1,111,best = 1,114,chrom = {0,826;0,451;0,818;0,318;0,787;0,666;0,850;0,989;0,968;0,073;0,575;0,985;0,462;0,805;0,079;0,394;0,926;0,281;0,449;0,618;0,686;0,098;0,581;0,877}
gen = 0040,avg = 1,111,best = 1,114,chrom = {0,826;0,451;0,818;0,318;0,787;0,666;0,850;0,989;0,968;0,073;0,575;0,985;0,462;0,805;0,079;0,394;0,926;0,281;0,449;0,618;0,686;0,098;0,581;0,877}
gen = 0041,avg = 1,112,best = 1,117,chrom = {0,826;0,451;0,818;0,318;0,787;0,666;0,850;0,989;0,968;0,073;0,575;0,985;0,462;0,805;0,079;0,394;0,926;0,281;0,449;0,618;0,686;0,381;0,455;0,877}
gen = 0042,avg = 1,113,best = 1,117,chrom = {0,826;0,451;0,818;0,318;0,787;0,666;0,850;0,989;0,968;0,073;0,575;0,985;0,462;0,805;0,079;0,394;0,926;0,281;0,449;0,618;0,686;0,381;0,455;0,877}
gen = 0043,avg = 1,113,best = 1,117,chrom = {0,826;0,451;0,818;0,318;0,787;0,666;0,850;0,989;0,968;0,073;0,575;0,985;0,462;0,805;0,079;0,394;0,926;0,281;0,449;0,618;0,686;0,381;0,455;0,877}
gen = 0044,avg = 1,114,best = 1,117,chrom = {0,826;0,451;0,818;0,318;0,787;0,666;0,850;0,989;0,968;0,073;0,575;0,985;0,462;0,805;0,079;0,394;0,926;0,281;0,449;0,618;0,686;0,381;0,455;0,877}
gen = 0045,avg = 1,114,best = 1,117,chrom = {0,826;0,451;0,818;0,318;0,787;0,666;0,850;0,989;0,968;0,073;0,575;0,985;0,462;0,805;0,079;0,394;0,926;0,281;0,449;0,618;0,686;0,381;0,455;0,877}
gen = 0046,avg = 1,115,best = 1,117,chrom = {0,826;0,451;0,818;0,318;0,787;0,666;0,850;0,989;0,968;0,073;0,575;0,985;0,462;0,805;0,079;0,394;0,926;0,281;0,449;0,618;0,686;0,381;0,455;0,877}
gen = 0047,avg = 1,115,best = 1,117,chrom = {0,826;0,451;0,818;0,318;0,787;0,666;0,850;0,989;0,968;0,073;0,575;0,985;0,462;0,805;0,079;0,394;0,926;0,281;0,449;0,618;0,686;0,381;0,455;0,877}
gen = 0048,avg = 1,116,best = 1,117,chrom = {0,826;0,451;0,818;0,318;0,787;0,666;0,850;0,989;0,968;0,073;0,575;0,985;0,462;0,805;0,079;0,394;0,926;0,281;0,449;0,618;0,686;0,098;0,581;0,877}
gen = 0049,avg = 1,116,best = 1,117,chrom = {0,826;0,451;0,818;0,318;0,787;0,666;0,850;0,989;0,968;0,073;0,575;0,985;0,462;0,805;0,079;0,394;0,926;0,281;0,449;0,618;0,686;0,098;0,581;0,877}
gen = 0050,avg = 1,116,best = 1,117,chrom = {0,826;0,451;0,818;0,318;0,787;0,666;0,850;0,989;0,968;0,073;0,575;0,985;0,462;0,805;0,079;0,394;0,926;0,281;0,449;0,618;0,686;0,098;0,581;0,877}
Execution Time = 1491,567ms;
