Current parameters
 - debug = true
 - runAutotest = false
 - runChromosome = false
 - runExperiment = true
 - chromosome = null
 - showSheets = false
 - saveRatMap = .
 - numberOfGenerations = 50
 - population = 15
 - numberOfProfiles = 3
 - numberOfInitialAgents = 15
 - numberOfCells = 10
 - numberOfFoodPieces = 10
 - numberOfDays = 1000
 - numberOfExecutions = 5
 - patterns = E:\2_trabajo\doctorado\made\2014\pattern_revenge.txt
 - baseDays = 500
 - baseEnergy = 5
 - baseSmell = 3
 - baseNutrition = 4
 - baseByte = 5
 - baseFur = 5
 - baseAgeToBeAdultFemale = 42
 - baseToBeAdultMale = 49
 - basePregnancyTime = 30
 - help = false
 - seed = 1384127123875

gen = -001,avg = 0,200,best = 0,200,chrom = {0,469;0,164;0,136;0,144;0,153;0,418;0,334;0,859;0,881;0,267;0,735;0,496;0,583;0,519;0,182;0,018;0,003;0,527;0,942;0,819;0,733;0,907;0,784;0,041;0,376;0,550;0,116;0,584;0,429;0,198;0,914;0,053;0,901;0,111;0,502;0,249}
gen = 0000,avg = 28,000,best = 148,400,chrom = {0,023;0,997;0,766;0,176;0,215;0,865;0,835;0,880;0,757;0,041;0,288;0,144;0,492;0,055;0,663;0,580;0,283;0,735;0,947;0,237;0,215;0,620;0,874;0,922;0,434;0,060;0,785;0,094;0,791;0,809;0,920;0,558;0,728;0,723;0,652;0,535}
gen = 0001,avg = 102,640,best = 212,400,chrom = {0,978;0,489;0,163;0,819;0,729;0,865;0,835;0,880;0,757;0,041;0,288;0,144;0,492;0,055;0,663;0,580;0,283;0,735;0,947;0,237;0,215;0,620;0,874;0,922;0,434;0,060;0,785;0,094;0,791;0,809;0,920;0,558;0,728;0,723;0,652;0,535}
gen = 0002,avg = 175,507,best = 222,400,chrom = {0,978;0,489;0,163;0,819;0,729;0,865;0,835;0,880;0,757;0,041;0,288;0,144;0,492;0,055;0,663;0,580;0,283;0,735;0,947;0,237;0,215;0,620;0,874;0,922;0,434;0,060;0,785;0,094;0,791;0,809;0,920;0,558;0,728;0,956;0,655;0,535}
gen = 0003,avg = 217,253,best = 229,400,chrom = {0,802;0,413;0,078;0,066;0,823;0,289;0,481;0,413;0,278;0,615;0,724;0,591;0,716;0,577;0,484;0,208;0,155;0,679;0,820;0,064;0,419;0,002;0,462;0,014;0,099;0,173;0,598;0,099;0,752;0,784;0,361;0,971;0,806;0,521;0,920;0,973}
gen = 0004,avg = 233,027,best = 264,000,chrom = {0,978;0,489;0,163;0,819;0,729;0,865;0,835;0,880;0,757;0,041;0,288;0,144;0,492;0,055;0,663;0,580;0,283;0,735;0,820;0,064;0,419;0,002;0,462;0,014;0,099;0,173;0,598;0,099;0,752;0,784;0,361;0,971;0,806;0,521;0,920;0,973}
gen = 0005,avg = 253,880,best = 293,400,chrom = {0,978;0,489;0,163;0,819;0,729;0,865;0,835;0,880;0,757;0,041;0,288;0,144;0,761;0,055;0,663;0,580;0,283;0,735;0,820;0,064;0,419;0,002;0,462;0,014;0,099;0,173;0,598;0,099;0,752;0,784;0,361;0,971;0,806;0,521;0,920;0,973}
gen = 0006,avg = 288,653,best = 319,000,chrom = {0,978;0,489;0,163;0,819;0,729;0,865;0,835;0,880;0,757;0,041;0,288;0,144;0,761;0,055;0,663;0,580;0,283;0,735;0,820;0,064;0,419;0,002;0,462;0,014;0,099;0,173;0,598;0,099;0,752;0,784;0,361;0,971;0,806;0,521;0,920;0,973}
gen = 0007,avg = 318,440,best = 357,200,chrom = {0,323;0,489;0,163;0,819;0,729;0,865;0,835;0,880;0,757;0,041;0,288;0,144;0,761;0,055;0,663;0,580;0,283;0,735;0,820;0,064;0,419;0,002;0,196;0,014;0,902;0,173;0,533;0,099;0,752;0,784;0,361;0,971;0,806;0,521;0,920;0,119}
gen = 0008,avg = 339,133,best = 362,600,chrom = {0,978;0,489;0,163;0,819;0,729;0,865;0,835;0,880;0,757;0,041;0,288;0,144;0,761;0,055;0,663;0,580;0,283;0,735;0,820;0,064;0,419;0,002;0,196;0,014;0,902;0,173;0,533;0,099;0,752;0,784;0,361;0,971;0,806;0,521;0,920;0,119}
gen = 0009,avg = 355,573,best = 369,400,chrom = {0,978;0,489;0,163;0,819;0,729;0,865;0,835;0,880;0,757;0,041;0,288;0,144;0,761;0,055;0,663;0,580;0,283;0,735;0,820;0,064;0,419;0,002;0,196;0,014;0,902;0,173;0,533;0,099;0,752;0,784;0,361;0,971;0,806;0,521;0,920;0,119}
gen = 0010,avg = 371,600,best = 395,400,chrom = {0,802;0,489;0,163;0,819;0,729;0,865;0,610;0,880;0,757;0,041;0,288;0,144;0,761;0,055;0,663;0,580;0,283;0,735;0,820;0,571;0,419;0,002;0,196;0,014;0,902;0,173;0,533;0,099;0,752;0,784;0,361;0,971;0,806;0,521;0,920;0,119}
gen = 0011,avg = 381,013,best = 396,600,chrom = {0,978;0,489;0,163;0,819;0,729;0,865;0,610;0,880;0,757;0,041;0,288;0,144;0,761;0,055;0,663;0,580;0,283;0,735;0,820;0,571;0,419;0,002;0,196;0,014;0,902;0,173;0,533;0,099;0,752;0,784;0,361;0,971;0,806;0,521;0,920;0,119}
gen = 0012,avg = 401,747,best = 438,800,chrom = {0,802;0,489;0,163;0,819;0,729;0,330;0,610;0,559;0,757;0,041;0,288;0,144;0,761;0,055;0,663;0,580;0,283;0,958;0,820;0,571;0,419;0,002;0,196;0,014;0,902;0,532;0,799;0,099;0,752;0,784;0,361;0,971;0,806;0,521;0,487;0,119}
gen = 0013,avg = 416,227,best = 438,800,chrom = {0,802;0,489;0,163;0,819;0,729;0,330;0,610;0,559;0,757;0,041;0,288;0,144;0,761;0,055;0,663;0,580;0,283;0,958;0,820;0,571;0,419;0,002;0,196;0,014;0,902;0,532;0,799;0,099;0,752;0,784;0,361;0,971;0,806;0,521;0,487;0,119}
gen = 0014,avg = 427,213,best = 438,800,chrom = {0,802;0,489;0,163;0,819;0,729;0,330;0,610;0,559;0,757;0,041;0,288;0,144;0,761;0,055;0,663;0,580;0,283;0,958;0,820;0,571;0,419;0,002;0,196;0,014;0,902;0,532;0,799;0,099;0,752;0,784;0,361;0,971;0,806;0,521;0,487;0,119}
gen = 0015,avg = 430,387,best = 438,800,chrom = {0,802;0,489;0,163;0,819;0,729;0,330;0,610;0,559;0,757;0,041;0,288;0,144;0,761;0,055;0,663;0,580;0,283;0,958;0,820;0,571;0,419;0,002;0,196;0,014;0,902;0,532;0,799;0,099;0,752;0,784;0,361;0,971;0,806;0,521;0,487;0,119}
gen = 0016,avg = 433,307,best = 438,800,chrom = {0,802;0,489;0,163;0,819;0,729;0,330;0,610;0,559;0,757;0,041;0,288;0,144;0,761;0,055;0,663;0,580;0,283;0,958;0,820;0,571;0,419;0,002;0,196;0,014;0,902;0,532;0,799;0,099;0,752;0,784;0,361;0,971;0,806;0,521;0,487;0,119}
gen = 0017,avg = 437,080,best = 447,000,chrom = {0,802;0,489;0,163;0,819;0,729;0,330;0,610;0,559;0,757;0,041;0,288;0,144;0,761;0,055;0,663;0,580;0,283;0,958;0,820;0,571;0,419;0,002;0,196;0,014;0,902;0,532;0,799;0,099;0,752;0,642;0,361;0,971;0,806;0,521;0,487;0,119}
gen = 0018,avg = 439,613,best = 447,000,chrom = {0,802;0,489;0,163;0,819;0,729;0,330;0,610;0,559;0,757;0,041;0,288;0,144;0,761;0,055;0,663;0,580;0,283;0,958;0,820;0,571;0,419;0,002;0,196;0,014;0,902;0,532;0,799;0,099;0,752;0,642;0,361;0,971;0,806;0,521;0,487;0,119}
gen = 0019,avg = 440,973,best = 447,000,chrom = {0,802;0,489;0,163;0,819;0,729;0,330;0,610;0,559;0,757;0,041;0,288;0,144;0,761;0,055;0,663;0,580;0,283;0,958;0,820;0,571;0,419;0,002;0,196;0,014;0,902;0,532;0,799;0,099;0,752;0,642;0,361;0,971;0,806;0,521;0,487;0,119}
gen = 0020,avg = 441,800,best = 447,000,chrom = {0,802;0,489;0,163;0,819;0,729;0,330;0,610;0,559;0,757;0,041;0,288;0,144;0,761;0,055;0,663;0,580;0,283;0,958;0,820;0,571;0,419;0,002;0,196;0,014;0,902;0,532;0,799;0,099;0,752;0,642;0,361;0,971;0,806;0,521;0,487;0,119}
gen = 0021,avg = 442,400,best = 447,000,chrom = {0,802;0,489;0,163;0,819;0,729;0,330;0,610;0,559;0,757;0,041;0,288;0,144;0,761;0,055;0,663;0,580;0,283;0,958;0,820;0,571;0,419;0,002;0,196;0,014;0,902;0,532;0,799;0,099;0,752;0,642;0,361;0,971;0,806;0,521;0,487;0,119}
gen = 0022,avg = 444,747,best = 456,400,chrom = {0,802;0,489;0,163;0,819;0,729;0,330;0,610;0,559;0,757;0,041;0,288;0,144;0,761;0,055;0,820;0,580;0,283;0,958;0,820;0,571;0,419;0,002;0,032;0,014;0,902;0,532;0,799;0,099;0,752;0,642;0,361;0,971;0,806;0,521;0,487;0,119}
gen = 0023,avg = 446,320,best = 456,400,chrom = {0,802;0,489;0,163;0,819;0,729;0,330;0,610;0,559;0,757;0,041;0,288;0,144;0,761;0,055;0,820;0,580;0,283;0,958;0,820;0,571;0,419;0,002;0,032;0,014;0,902;0,532;0,799;0,099;0,752;0,642;0,361;0,971;0,806;0,521;0,487;0,119}
gen = 0024,avg = 448,560,best = 456,400,chrom = {0,802;0,489;0,163;0,819;0,729;0,330;0,610;0,559;0,757;0,041;0,288;0,144;0,761;0,055;0,820;0,580;0,283;0,958;0,820;0,571;0,419;0,002;0,032;0,014;0,902;0,532;0,799;0,099;0,752;0,642;0,361;0,971;0,806;0,521;0,487;0,119}
gen = 0025,avg = 450,453,best = 456,400,chrom = {0,802;0,489;0,163;0,819;0,729;0,330;0,610;0,559;0,757;0,041;0,288;0,144;0,761;0,055;0,820;0,580;0,283;0,958;0,820;0,571;0,419;0,002;0,032;0,014;0,902;0,532;0,799;0,099;0,752;0,642;0,361;0,971;0,806;0,521;0,487;0,119}
gen = 0026,avg = 454,627,best = 464,400,chrom = {0,802;0,489;0,163;0,819;0,729;0,330;0,610;0,559;0,757;0,041;0,288;0,144;0,761;0,055;0,820;0,580;0,283;0,958;0,820;0,571;0,419;0,002;0,032;0,014;0,902;0,532;0,799;0,099;0,752;0,642;0,361;0,971;0,806;0,521;0,487;0,119}
gen = 0027,avg = 456,773,best = 464,400,chrom = {0,802;0,489;0,163;0,819;0,729;0,330;0,610;0,559;0,757;0,041;0,288;0,144;0,761;0,055;0,820;0,580;0,283;0,958;0,820;0,571;0,419;0,002;0,032;0,014;0,902;0,532;0,799;0,099;0,752;0,642;0,361;0,971;0,806;0,521;0,487;0,119}
gen = 0028,avg = 461,333,best = 469,800,chrom = {0,802;0,566;0,163;0,819;0,729;0,330;0,610;0,364;0,757;0,221;0,288;0,144;0,761;0,055;0,820;0,580;0,283;0,958;0,820;0,571;0,419;0,002;0,032;0,014;0,902;0,532;0,799;0,099;0,752;0,642;0,361;0,971;0,806;0,521;0,487;0,119}
gen = 0029,avg = 463,213,best = 469,800,chrom = {0,802;0,566;0,163;0,819;0,729;0,330;0,610;0,364;0,757;0,221;0,288;0,144;0,761;0,055;0,820;0,580;0,283;0,958;0,820;0,571;0,419;0,002;0,032;0,014;0,902;0,532;0,799;0,099;0,752;0,642;0,361;0,971;0,806;0,521;0,487;0,119}
gen = 0030,avg = 465,427,best = 470,000,chrom = {0,802;0,566;0,163;0,819;0,729;0,330;0,610;0,364;0,757;0,221;0,288;0,144;0,885;0,055;0,820;0,607;0,283;0,958;0,820;0,571;0,419;0,002;0,032;0,014;0,902;0,532;0,799;0,099;0,752;0,642;0,361;0,971;0,806;0,521;0,487;0,119}
gen = 0031,avg = 466,387,best = 470,000,chrom = {0,802;0,566;0,163;0,819;0,729;0,330;0,610;0,364;0,757;0,221;0,288;0,144;0,885;0,055;0,820;0,607;0,283;0,958;0,820;0,571;0,419;0,002;0,032;0,014;0,902;0,532;0,799;0,099;0,752;0,642;0,361;0,971;0,806;0,521;0,487;0,119}
gen = 0032,avg = 466,907,best = 470,000,chrom = {0,802;0,566;0,163;0,819;0,729;0,330;0,610;0,364;0,757;0,221;0,288;0,144;0,885;0,055;0,820;0,607;0,283;0,958;0,820;0,571;0,419;0,002;0,032;0,014;0,902;0,532;0,799;0,099;0,752;0,642;0,361;0,971;0,806;0,521;0,487;0,119}
gen = 0033,avg = 467,640,best = 470,000,chrom = {0,802;0,566;0,163;0,819;0,729;0,330;0,610;0,364;0,757;0,221;0,288;0,144;0,885;0,055;0,820;0,607;0,283;0,958;0,820;0,571;0,419;0,002;0,032;0,014;0,902;0,532;0,799;0,099;0,752;0,642;0,361;0,971;0,806;0,521;0,487;0,119}
gen = 0034,avg = 468,627,best = 471,800,chrom = {0,802;0,489;0,163;0,819;0,729;0,330;0,610;0,559;0,757;0,041;0,288;0,144;0,761;0,055;0,820;0,580;0,283;0,958;0,820;0,571;0,419;0,002;0,032;0,014;0,902;0,532;0,799;0,099;0,752;0,642;0,361;0,971;0,806;0,521;0,487;0,119}
gen = 0035,avg = 469,467,best = 471,800,chrom = {0,802;0,489;0,163;0,819;0,729;0,330;0,610;0,559;0,757;0,041;0,288;0,144;0,761;0,055;0,820;0,580;0,283;0,958;0,820;0,571;0,419;0,002;0,032;0,014;0,902;0,532;0,799;0,099;0,752;0,642;0,361;0,971;0,806;0,521;0,487;0,119}
gen = 0036,avg = 469,960,best = 471,800,chrom = {0,802;0,489;0,163;0,819;0,729;0,330;0,610;0,559;0,757;0,041;0,288;0,144;0,761;0,055;0,820;0,580;0,283;0,958;0,820;0,571;0,419;0,002;0,032;0,014;0,902;0,532;0,799;0,099;0,752;0,642;0,361;0,971;0,806;0,521;0,487;0,119}
gen = 0037,avg = 470,787,best = 472,800,chrom = {0,802;0,566;0,163;0,819;0,729;0,330;0,610;0,559;0,757;0,041;0,288;0,144;0,761;0,055;0,820;0,580;0,283;0,958;0,820;0,571;0,419;0,002;0,032;0,014;0,902;0,532;0,799;0,099;0,752;0,642;0,361;0,971;0,806;0,521;0,487;0,119}
gen = 0038,avg = 471,080,best = 472,800,chrom = {0,802;0,566;0,163;0,819;0,729;0,330;0,610;0,559;0,757;0,041;0,288;0,144;0,761;0,055;0,820;0,580;0,283;0,958;0,820;0,571;0,419;0,002;0,032;0,014;0,902;0,532;0,799;0,099;0,752;0,642;0,361;0,971;0,806;0,521;0,487;0,119}
gen = 0039,avg = 471,280,best = 472,800,chrom = {0,802;0,566;0,163;0,819;0,729;0,330;0,610;0,559;0,757;0,041;0,288;0,144;0,761;0,055;0,820;0,580;0,283;0,958;0,820;0,571;0,419;0,002;0,032;0,014;0,902;0,532;0,799;0,099;0,752;0,642;0,361;0,971;0,806;0,521;0,487;0,119}
gen = 0040,avg = 472,867,best = 481,800,chrom = {0,802;0,489;0,163;0,819;0,729;0,330;0,610;0,559;0,757;0,041;0,288;0,144;0,761;0,055;0,820;0,580;0,283;0,958;0,820;0,919;0,419;0,002;0,032;0,014;0,902;0,532;0,799;0,099;0,752;0,031;0,361;0,971;0,806;0,521;0,487;0,119}
gen = 0041,avg = 473,653,best = 481,800,chrom = {0,802;0,489;0,163;0,819;0,729;0,330;0,610;0,559;0,757;0,041;0,288;0,144;0,761;0,055;0,820;0,580;0,283;0,958;0,820;0,919;0,419;0,002;0,032;0,014;0,902;0,532;0,799;0,099;0,752;0,031;0,361;0,971;0,806;0,521;0,487;0,119}
gen = 0042,avg = 474,440,best = 481,800,chrom = {0,802;0,489;0,163;0,819;0,729;0,330;0,610;0,559;0,757;0,041;0,288;0,144;0,761;0,055;0,820;0,580;0,283;0,958;0,820;0,919;0,419;0,002;0,032;0,014;0,902;0,532;0,799;0,099;0,752;0,031;0,361;0,971;0,806;0,521;0,487;0,119}
gen = 0043,avg = 475,227,best = 481,800,chrom = {0,802;0,489;0,163;0,819;0,729;0,330;0,610;0,559;0,757;0,041;0,288;0,144;0,761;0,055;0,820;0,580;0,283;0,958;0,820;0,919;0,419;0,002;0,032;0,014;0,902;0,532;0,799;0,099;0,752;0,031;0,361;0,971;0,806;0,521;0,487;0,119}
gen = 0044,avg = 476,013,best = 481,800,chrom = {0,802;0,489;0,163;0,819;0,729;0,330;0,610;0,559;0,757;0,041;0,288;0,144;0,761;0,055;0,820;0,580;0,283;0,958;0,820;0,919;0,419;0,002;0,032;0,014;0,902;0,532;0,799;0,099;0,752;0,031;0,361;0,971;0,806;0,521;0,487;0,119}
gen = 0045,avg = 476,733,best = 481,800,chrom = {0,802;0,489;0,163;0,819;0,729;0,330;0,610;0,559;0,757;0,041;0,288;0,144;0,761;0,055;0,820;0,580;0,283;0,958;0,820;0,919;0,419;0,002;0,032;0,014;0,902;0,532;0,799;0,099;0,752;0,031;0,361;0,971;0,806;0,521;0,487;0,119}
gen = 0046,avg = 477,400,best = 481,800,chrom = {0,802;0,489;0,163;0,819;0,729;0,330;0,610;0,559;0,757;0,041;0,288;0,144;0,761;0,055;0,820;0,580;0,283;0,958;0,820;0,919;0,419;0,002;0,032;0,014;0,902;0,532;0,799;0,099;0,752;0,031;0,361;0,971;0,806;0,521;0,487;0,119}
gen = 0047,avg = 478,067,best = 481,800,chrom = {0,802;0,489;0,163;0,819;0,729;0,330;0,610;0,559;0,757;0,041;0,288;0,144;0,761;0,055;0,820;0,580;0,283;0,958;0,820;0,919;0,419;0,002;0,032;0,014;0,902;0,532;0,799;0,099;0,752;0,031;0,361;0,971;0,806;0,521;0,487;0,119}
gen = 0048,avg = 478,987,best = 481,800,chrom = {0,802;0,489;0,163;0,819;0,729;0,330;0,610;0,559;0,757;0,041;0,288;0,144;0,761;0,055;0,820;0,580;0,283;0,958;0,820;0,919;0,419;0,002;0,032;0,014;0,902;0,532;0,799;0,099;0,752;0,031;0,361;0,971;0,806;0,521;0,487;0,119}
gen = 0049,avg = 479,587,best = 481,800,chrom = {0,802;0,489;0,163;0,819;0,729;0,330;0,610;0,559;0,757;0,041;0,288;0,144;0,761;0,055;0,820;0,580;0,283;0,958;0,820;0,919;0,419;0,002;0,032;0,014;0,902;0,532;0,799;0,099;0,752;0,031;0,361;0,971;0,806;0,521;0,487;0,119}
gen = 0050,avg = 480,187,best = 481,800,chrom = {0,802;0,489;0,163;0,819;0,729;0,330;0,610;0,559;0,757;0,041;0,288;0,144;0,761;0,055;0,820;0,580;0,283;0,958;0,820;0,919;0,419;0,002;0,032;0,014;0,902;0,532;0,799;0,099;0,752;0,031;0,361;0,971;0,806;0,521;0,487;0,119}
Execution Time = 2224,218ms;
