Current parameters
 - debug = true
 - runAutotest = false
 - runChromosome = false
 - runExperiment = true
 - chromosome = null
 - showSheets = false
 - saveRatMap = .
 - numberOfGenerations = 50
 - population = 15
 - numberOfProfiles = 3
 - numberOfInitialAgents = 15
 - numberOfCells = 10
 - numberOfFoodPieces = 10
 - numberOfDays = 1000
 - numberOfExecutions = 5
 - patterns = E:\2_trabajo\doctorado\made\2014\pattern_revenge.txt
 - baseDays = 500
 - baseEnergy = 5
 - baseSmell = 3
 - baseNutrition = 4
 - baseByte = 5
 - baseFur = 5
 - baseAgeToBeAdultFemale = 42
 - baseToBeAdultMale = 49
 - basePregnancyTime = 30
 - help = false
 - seed = 1384170296373

gen = -001,avg = 2,600,best = 2,600,chrom = {0,415;0,893;0,730;0,795;0,844;0,227;0,870;0,350;0,741;0,390;0,284;0,917;0,706;0,498;0,224;0,922;0,230;0,208;0,591;0,608;0,069;0,712;0,233;0,781;0,795;0,242;0,848;0,480;0,730;0,953;0,047;0,287;0,985;0,335;0,332;0,563}
gen = 0000,avg = 55,867,best = 226,200,chrom = {0,585;0,473;0,349;0,825;0,109;0,934;0,212;0,434;0,737;0,472;0,171;0,093;0,779;0,062;0,330;0,594;0,335;0,954;0,641;0,557;0,496;0,091;0,464;0,664;0,792;0,024;0,381;0,126;0,961;0,411;0,796;0,179;0,282;0,639;0,686;0,108}
gen = 0001,avg = 144,907,best = 241,000,chrom = {0,465;0,385;0,710;0,336;0,285;0,924;0,769;0,419;0,963;0,864;0,037;0,328;0,582;0,508;0,406;0,315;0,657;0,494;0,641;0,557;0,496;0,091;0,464;0,664;0,792;0,024;0,381;0,126;0,961;0,411;0,796;0,179;0,282;0,639;0,686;0,108}
gen = 0002,avg = 204,027,best = 241,000,chrom = {0,465;0,385;0,710;0,336;0,285;0,924;0,769;0,419;0,963;0,864;0,037;0,328;0,582;0,508;0,406;0,315;0,657;0,494;0,641;0,557;0,496;0,091;0,464;0,664;0,792;0,024;0,381;0,126;0,961;0,411;0,796;0,179;0,282;0,639;0,686;0,108}
gen = 0003,avg = 230,213,best = 246,000,chrom = {0,585;0,473;0,349;0,825;0,109;0,934;0,212;0,434;0,737;0,472;0,171;0,093;0,779;0,062;0,330;0,594;0,335;0,954;0,641;0,557;0,496;0,091;0,464;0,664;0,792;0,024;0,381;0,126;0,961;0,411;0,796;0,179;0,282;0,639;0,162;0,013}
gen = 0004,avg = 245,213,best = 270,400,chrom = {0,930;0,187;0,294;0,665;0,013;0,783;0,604;0,419;0,963;0,864;0,037;0,328;0,969;0,508;0,406;0,315;0,657;0,494;0,641;0,557;0,496;0,091;0,464;0,284;0,792;0,024;0,470;0,126;0,961;0,411;0,796;0,267;0,282;0,639;0,686;0,108}
gen = 0005,avg = 263,733,best = 298,800,chrom = {0,465;0,385;0,710;0,336;0,459;0,924;0,769;0,419;0,963;0,864;0,037;0,328;0,582;0,508;0,406;0,315;0,657;0,494;0,641;0,557;0,817;0,091;0,464;0,022;0,792;0,024;0,319;0,126;0,961;0,411;0,796;0,179;0,282;0,639;0,686;0,108}
gen = 0006,avg = 276,573,best = 298,800,chrom = {0,465;0,385;0,710;0,336;0,459;0,924;0,769;0,419;0,963;0,864;0,037;0,328;0,582;0,508;0,406;0,315;0,657;0,494;0,641;0,557;0,817;0,091;0,464;0,022;0,792;0,024;0,319;0,126;0,961;0,411;0,796;0,179;0,282;0,639;0,686;0,108}
gen = 0007,avg = 288,240,best = 309,800,chrom = {0,873;0,187;0,294;0,665;0,013;0,783;0,604;0,419;0,963;0,399;0,037;0,328;0,969;0,508;0,406;0,315;0,657;0,965;0,641;0,557;0,496;0,091;0,464;0,284;0,792;0,024;0,470;0,126;0,961;0,411;0,796;0,267;0,282;0,639;0,686;0,108}
gen = 0008,avg = 296,093,best = 309,800,chrom = {0,873;0,187;0,294;0,665;0,013;0,783;0,604;0,419;0,963;0,399;0,037;0,328;0,969;0,508;0,406;0,315;0,657;0,965;0,641;0,557;0,496;0,091;0,464;0,284;0,792;0,024;0,470;0,126;0,961;0,411;0,796;0,267;0,282;0,639;0,686;0,108}
gen = 0009,avg = 304,053,best = 322,400,chrom = {0,873;0,187;0,294;0,665;0,013;0,783;0,604;0,419;0,963;0,399;0,037;0,328;0,969;0,508;0,406;0,315;0,657;0,965;0,641;0,557;0,496;0,091;0,464;0,022;0,792;0,024;0,319;0,126;0,961;0,411;0,796;0,179;0,282;0,639;0,686;0,108}
gen = 0010,avg = 313,187,best = 337,200,chrom = {0,913;0,691;0,632;0,665;0,967;0,874;0,604;0,772;0,963;0,425;0,037;0,004;0,969;0,508;0,406;0,315;0,657;0,258;0,641;0,225;0,496;0,091;0,496;0,284;0,792;0,024;0,470;0,126;0,961;0,411;0,796;0,267;0,282;0,639;0,686;0,149}
gen = 0011,avg = 321,013,best = 337,200,chrom = {0,913;0,691;0,632;0,665;0,967;0,874;0,604;0,772;0,963;0,425;0,037;0,004;0,969;0,508;0,406;0,315;0,657;0,258;0,641;0,225;0,496;0,091;0,496;0,284;0,792;0,024;0,470;0,126;0,961;0,411;0,796;0,267;0,282;0,639;0,686;0,149}
gen = 0012,avg = 334,653,best = 376,200,chrom = {0,913;0,691;0,632;0,665;0,967;0,874;0,604;0,772;0,963;0,425;0,037;0,004;0,969;0,508;0,406;0,315;0,657;0,258;0,641;0,557;0,902;0,091;0,091;0,022;0,792;0,024;0,319;0,126;0,961;0,411;0,796;0,857;0,282;0,639;0,818;0,108}
gen = 0013,avg = 344,107,best = 376,200,chrom = {0,913;0,691;0,632;0,665;0,967;0,874;0,604;0,772;0,963;0,425;0,037;0,004;0,969;0,508;0,406;0,315;0,657;0,258;0,641;0,557;0,902;0,091;0,091;0,022;0,792;0,024;0,319;0,126;0,961;0,411;0,796;0,857;0,282;0,639;0,818;0,108}
gen = 0014,avg = 374,347,best = 391,000,chrom = {0,913;0,728;0,632;0,665;0,967;0,874;0,604;0,772;0,963;0,425;0,037;0,004;0,969;0,508;0,406;0,315;0,657;0,258;0,641;0,557;0,902;0,091;0,091;0,022;0,792;0,372;0,319;0,126;0,961;0,411;0,796;0,857;0,282;0,639;0,818;0,108}
gen = 0015,avg = 384,440,best = 406,800,chrom = {0,913;0,691;0,632;0,665;0,570;0,874;0,604;0,249;0,433;0,080;0,527;0,004;0,959;0,508;0,406;0,315;0,657;0,258;0,641;0,557;0,902;0,091;0,091;0,022;0,792;0,055;0,319;0,126;0,260;0,411;0,796;0,451;0,282;0,639;0,818;0,108}
gen = 0016,avg = 391,920,best = 406,800,chrom = {0,913;0,691;0,632;0,665;0,570;0,874;0,604;0,249;0,433;0,080;0,527;0,004;0,959;0,508;0,406;0,315;0,657;0,258;0,641;0,557;0,902;0,091;0,091;0,022;0,792;0,055;0,319;0,126;0,260;0,411;0,796;0,451;0,282;0,639;0,818;0,108}
gen = 0017,avg = 403,787,best = 423,200,chrom = {0,913;0,728;0,632;0,665;0,570;0,874;0,604;0,249;0,433;0,080;0,527;0,004;0,959;0,508;0,406;0,315;0,657;0,258;0,641;0,557;0,902;0,091;0,091;0,022;0,792;0,055;0,319;0,126;0,260;0,411;0,796;0,451;0,282;0,639;0,818;0,108}
gen = 0018,avg = 416,027,best = 440,400,chrom = {0,913;0,580;0,632;0,665;0,570;0,874;0,604;0,249;0,433;0,080;0,527;0,004;0,959;0,508;0,406;0,315;0,657;0,258;0,641;0,557;0,902;0,091;0,091;0,022;0,837;0,551;0,319;0,126;0,260;0,411;0,796;0,451;0,282;0,639;0,818;0,108}
gen = 0019,avg = 425,187,best = 440,400,chrom = {0,913;0,580;0,632;0,665;0,570;0,874;0,604;0,249;0,433;0,080;0,527;0,004;0,959;0,508;0,406;0,315;0,657;0,258;0,641;0,557;0,902;0,091;0,091;0,022;0,837;0,551;0,319;0,126;0,260;0,411;0,796;0,451;0,282;0,639;0,818;0,108}
gen = 0020,avg = 435,827,best = 445,200,chrom = {0,913;0,728;0,632;0,594;0,570;0,874;0,604;0,249;0,433;0,080;0,527;0,004;0,959;0,508;0,406;0,315;0,657;0,761;0,641;0,557;0,902;0,091;0,091;0,022;0,792;0,055;0,319;0,126;0,260;0,411;0,796;0,451;0,282;0,639;0,818;0,108}
gen = 0021,avg = 441,733,best = 453,600,chrom = {0,913;0,580;0,632;0,665;0,570;0,874;0,604;0,249;0,433;0,080;0,527;0,004;0,959;0,508;0,406;0,315;0,657;0,258;0,641;0,557;0,902;0,091;0,091;0,022;0,837;0,551;0,237;0,126;0,260;0,411;0,796;0,451;0,282;0,639;0,818;0,108}
gen = 0022,avg = 445,253,best = 453,600,chrom = {0,913;0,580;0,632;0,665;0,570;0,874;0,604;0,249;0,433;0,080;0,527;0,004;0,959;0,508;0,406;0,315;0,657;0,258;0,641;0,557;0,902;0,091;0,091;0,022;0,837;0,551;0,237;0,126;0,260;0,411;0,796;0,451;0,282;0,639;0,818;0,108}
gen = 0023,avg = 447,440,best = 453,600,chrom = {0,913;0,580;0,632;0,665;0,570;0,874;0,604;0,249;0,433;0,080;0,527;0,004;0,959;0,508;0,406;0,315;0,657;0,258;0,641;0,557;0,902;0,091;0,091;0,022;0,837;0,551;0,237;0,126;0,260;0,411;0,796;0,451;0,282;0,639;0,818;0,108}
gen = 0024,avg = 448,307,best = 453,600,chrom = {0,913;0,580;0,632;0,665;0,570;0,874;0,604;0,249;0,433;0,080;0,527;0,004;0,959;0,508;0,406;0,315;0,657;0,258;0,641;0,557;0,902;0,091;0,091;0,022;0,837;0,551;0,237;0,126;0,260;0,411;0,796;0,451;0,282;0,639;0,818;0,108}
gen = 0025,avg = 449,373,best = 453,600,chrom = {0,913;0,580;0,632;0,665;0,570;0,874;0,604;0,249;0,433;0,080;0,527;0,004;0,959;0,508;0,406;0,315;0,657;0,258;0,641;0,557;0,902;0,091;0,091;0,022;0,837;0,551;0,237;0,126;0,260;0,411;0,796;0,451;0,282;0,639;0,818;0,108}
gen = 0026,avg = 451,547,best = 457,800,chrom = {0,913;0,580;0,632;0,594;0,570;0,874;0,604;0,249;0,433;0,080;0,527;0,004;0,959;0,508;0,406;0,315;0,657;0,761;0,641;0,557;0,902;0,091;0,091;0,022;0,792;0,055;0,319;0,126;0,260;0,411;0,796;0,451;0,282;0,639;0,818;0,108}
gen = 0027,avg = 453,067,best = 457,800,chrom = {0,913;0,580;0,632;0,594;0,570;0,874;0,604;0,249;0,433;0,080;0,527;0,004;0,959;0,508;0,406;0,315;0,657;0,761;0,641;0,557;0,902;0,091;0,091;0,022;0,792;0,055;0,319;0,126;0,260;0,411;0,796;0,451;0,282;0,639;0,818;0,108}
gen = 0028,avg = 454,227,best = 457,800,chrom = {0,913;0,580;0,632;0,594;0,570;0,874;0,604;0,249;0,433;0,080;0,527;0,004;0,959;0,508;0,406;0,315;0,657;0,761;0,641;0,557;0,902;0,091;0,091;0,022;0,792;0,055;0,319;0,126;0,260;0,411;0,796;0,451;0,282;0,639;0,818;0,108}
gen = 0029,avg = 454,813,best = 457,800,chrom = {0,913;0,580;0,632;0,594;0,570;0,874;0,604;0,249;0,433;0,080;0,527;0,004;0,959;0,508;0,406;0,315;0,657;0,761;0,641;0,557;0,902;0,091;0,091;0,022;0,792;0,055;0,319;0,126;0,260;0,411;0,796;0,451;0,282;0,639;0,818;0,108}
gen = 0030,avg = 456,400,best = 463,400,chrom = {0,913;0,580;0,632;0,594;0,570;0,874;0,604;0,249;0,433;0,080;0,527;0,004;0,959;0,508;0,406;0,315;0,657;0,761;0,641;0,557;0,902;0,091;0,091;0,022;0,837;0,551;0,686;0,279;0,260;0,411;0,851;0,451;0,282;0,639;0,818;0,108}
gen = 0031,avg = 459,880,best = 472,200,chrom = {0,913;0,580;0,632;0,594;0,570;0,874;0,604;0,249;0,433;0,080;0,527;0,004;0,959;0,508;0,406;0,315;0,657;0,761;0,641;0,557;0,902;0,091;0,091;0,022;0,792;0,055;0,319;0,126;0,260;0,411;0,796;0,451;0,282;0,639;0,818;0,108}
gen = 0032,avg = 461,640,best = 472,200,chrom = {0,913;0,580;0,632;0,594;0,570;0,874;0,604;0,249;0,433;0,080;0,527;0,004;0,959;0,508;0,406;0,315;0,657;0,761;0,641;0,557;0,902;0,091;0,091;0,022;0,792;0,055;0,319;0,126;0,260;0,411;0,796;0,451;0,282;0,639;0,818;0,108}
gen = 0033,avg = 464,613,best = 475,000,chrom = {0,913;0,580;0,632;0,594;0,570;0,874;0,604;0,249;0,433;0,080;0,527;0,004;0,959;0,508;0,406;0,315;0,657;0,761;0,641;0,557;0,902;0,091;0,091;0,022;0,792;0,055;0,319;0,126;0,260;0,411;0,796;0,451;0,282;0,639;0,818;0,108}
gen = 0034,avg = 466,760,best = 475,000,chrom = {0,913;0,580;0,632;0,594;0,570;0,874;0,604;0,249;0,433;0,080;0,527;0,004;0,959;0,508;0,406;0,315;0,657;0,761;0,641;0,557;0,902;0,091;0,091;0,022;0,792;0,055;0,319;0,126;0,260;0,411;0,796;0,451;0,282;0,639;0,818;0,108}
gen = 0035,avg = 468,200,best = 475,000,chrom = {0,913;0,580;0,632;0,594;0,570;0,874;0,604;0,249;0,433;0,080;0,527;0,004;0,959;0,508;0,406;0,315;0,657;0,761;0,641;0,557;0,902;0,091;0,091;0,022;0,792;0,055;0,319;0,126;0,260;0,411;0,796;0,451;0,282;0,639;0,818;0,108}
gen = 0036,avg = 470,120,best = 475,000,chrom = {0,913;0,580;0,632;0,594;0,570;0,874;0,604;0,249;0,433;0,080;0,527;0,004;0,959;0,508;0,406;0,315;0,657;0,761;0,641;0,557;0,902;0,091;0,091;0,022;0,792;0,055;0,319;0,126;0,260;0,411;0,796;0,451;0,282;0,639;0,818;0,108}
gen = 0037,avg = 471,880,best = 475,000,chrom = {0,913;0,580;0,632;0,594;0,570;0,874;0,604;0,249;0,433;0,080;0,527;0,004;0,959;0,508;0,406;0,315;0,657;0,761;0,641;0,557;0,902;0,091;0,091;0,022;0,792;0,055;0,319;0,126;0,260;0,411;0,796;0,451;0,282;0,639;0,818;0,108}
gen = 0038,avg = 472,507,best = 475,000,chrom = {0,913;0,580;0,632;0,594;0,570;0,874;0,604;0,249;0,433;0,080;0,527;0,004;0,959;0,508;0,406;0,315;0,657;0,761;0,641;0,557;0,902;0,091;0,091;0,022;0,792;0,055;0,319;0,126;0,260;0,411;0,796;0,451;0,282;0,639;0,818;0,108}
gen = 0039,avg = 473,093,best = 475,000,chrom = {0,913;0,580;0,632;0,594;0,570;0,874;0,604;0,249;0,433;0,080;0,527;0,004;0,959;0,508;0,406;0,315;0,657;0,761;0,641;0,557;0,902;0,091;0,091;0,022;0,792;0,055;0,319;0,126;0,260;0,411;0,796;0,451;0,282;0,639;0,818;0,108}
gen = 0040,avg = 473,653,best = 475,000,chrom = {0,913;0,580;0,632;0,594;0,570;0,874;0,604;0,249;0,433;0,080;0,527;0,004;0,959;0,508;0,406;0,315;0,657;0,761;0,641;0,557;0,902;0,091;0,091;0,022;0,792;0,055;0,319;0,126;0,260;0,411;0,796;0,451;0,282;0,639;0,818;0,108}
gen = 0041,avg = 474,040,best = 475,000,chrom = {0,913;0,580;0,632;0,594;0,570;0,874;0,604;0,249;0,433;0,080;0,527;0,004;0,959;0,508;0,406;0,315;0,657;0,761;0,641;0,557;0,902;0,091;0,091;0,022;0,792;0,055;0,319;0,126;0,260;0,411;0,796;0,451;0,282;0,639;0,818;0,108}
gen = 0042,avg = 474,373,best = 475,000,chrom = {0,913;0,580;0,632;0,594;0,570;0,874;0,604;0,249;0,433;0,080;0,527;0,004;0,959;0,508;0,406;0,315;0,657;0,761;0,641;0,557;0,902;0,091;0,091;0,022;0,792;0,055;0,319;0,126;0,260;0,411;0,796;0,451;0,282;0,639;0,818;0,108}
gen = 0043,avg = 474,560,best = 475,000,chrom = {0,913;0,580;0,632;0,594;0,570;0,874;0,604;0,249;0,433;0,080;0,527;0,004;0,959;0,508;0,406;0,315;0,657;0,761;0,641;0,557;0,902;0,091;0,091;0,022;0,792;0,055;0,319;0,126;0,260;0,411;0,796;0,451;0,282;0,639;0,818;0,108}
gen = 0044,avg = 474,747,best = 475,000,chrom = {0,913;0,580;0,632;0,594;0,570;0,874;0,604;0,249;0,433;0,080;0,527;0,004;0,959;0,508;0,406;0,315;0,657;0,761;0,641;0,557;0,902;0,091;0,091;0,022;0,792;0,055;0,319;0,126;0,260;0,411;0,796;0,451;0,282;0,639;0,818;0,108}
gen = 0045,avg = 475,773,best = 480,800,chrom = {0,913;0,580;0,632;0,594;0,570;0,874;0,604;0,249;0,433;0,080;0,527;0,004;0,959;0,508;0,406;0,315;0,657;0,761;0,641;0,557;0,902;0,091;0,091;0,022;0,792;0,055;0,319;0,126;0,260;0,411;0,796;0,451;0,282;0,639;0,818;0,108}
gen = 0046,avg = 476,160,best = 480,800,chrom = {0,913;0,580;0,632;0,594;0,570;0,874;0,604;0,249;0,433;0,080;0,527;0,004;0,959;0,508;0,406;0,315;0,657;0,761;0,641;0,557;0,902;0,091;0,091;0,022;0,792;0,055;0,319;0,126;0,260;0,411;0,796;0,451;0,282;0,639;0,818;0,108}
gen = 0047,avg = 476,547,best = 480,800,chrom = {0,913;0,580;0,632;0,594;0,570;0,874;0,604;0,249;0,433;0,080;0,527;0,004;0,959;0,508;0,406;0,315;0,657;0,761;0,641;0,557;0,902;0,091;0,091;0,022;0,792;0,055;0,319;0,126;0,260;0,411;0,796;0,451;0,282;0,639;0,818;0,108}
gen = 0048,avg = 476,933,best = 480,800,chrom = {0,913;0,580;0,632;0,594;0,570;0,874;0,604;0,249;0,433;0,080;0,527;0,004;0,959;0,508;0,406;0,315;0,657;0,761;0,641;0,557;0,902;0,091;0,091;0,022;0,792;0,055;0,319;0,126;0,260;0,411;0,796;0,451;0,282;0,639;0,818;0,108}
gen = 0049,avg = 477,320,best = 480,800,chrom = {0,913;0,580;0,632;0,594;0,570;0,874;0,604;0,249;0,433;0,080;0,527;0,004;0,959;0,508;0,406;0,315;0,657;0,761;0,641;0,557;0,902;0,091;0,091;0,022;0,792;0,055;0,319;0,126;0,260;0,411;0,796;0,451;0,282;0,639;0,818;0,108}
gen = 0050,avg = 477,707,best = 480,800,chrom = {0,913;0,580;0,632;0,594;0,570;0,874;0,604;0,249;0,433;0,080;0,527;0,004;0,959;0,508;0,406;0,315;0,657;0,761;0,641;0,557;0,902;0,091;0,091;0,022;0,792;0,055;0,319;0,126;0,260;0,411;0,796;0,451;0,282;0,639;0,818;0,108}
Execution Time = 2210,724ms;
