Current parameters
 - debug = true
 - runAutotest = false
 - runChromosome = false
 - runExperiment = true
 - chromosome = null
 - showSheets = false
 - saveRatMap = .
 - numberOfGenerations = 50
 - population = 15
 - numberOfProfiles = 3
 - numberOfInitialAgents = 15
 - numberOfCells = 10
 - numberOfFoodPieces = 10
 - numberOfDays = 1000
 - numberOfExecutions = 5
 - patterns = E:\2_trabajo\doctorado\made\2014\pattern_revenge.txt
 - baseDays = 500
 - baseEnergy = 5
 - baseSmell = 3
 - baseNutrition = 4
 - baseByte = 5
 - baseFur = 5
 - baseAgeToBeAdultFemale = 42
 - baseToBeAdultMale = 49
 - basePregnancyTime = 30
 - help = false
 - seed = 1384179665841

gen = -001,avg = 182,000,best = 182,000,chrom = {0,880;0,567;0,948;0,725;0,267;0,112;0,886;0,242;0,012;0,673;0,398;0,124;0,928;0,236;0,351;0,588;0,097;0,124;0,240;0,579;0,005;0,962;0,065;0,651;0,942;0,124;0,399;0,070;0,030;0,278;0,637;0,847;0,250;0,471;0,038;0,512}
gen = 0000,avg = 76,213,best = 217,200,chrom = {0,474;0,108;0,803;0,957;0,625;0,280;0,286;0,096;0,772;0,998;0,679;0,388;0,718;0,428;0,885;0,292;0,657;0,729;0,536;0,381;0,879;0,186;0,035;0,496;0,909;0,640;0,061;0,773;0,302;0,079;0,452;0,329;0,992;0,198;0,718;0,652}
gen = 0001,avg = 168,987,best = 217,200,chrom = {0,474;0,108;0,803;0,957;0,625;0,280;0,286;0,096;0,772;0,998;0,679;0,388;0,718;0,428;0,885;0,292;0,657;0,729;0,536;0,381;0,879;0,186;0,035;0,496;0,909;0,640;0,061;0,773;0,302;0,079;0,452;0,329;0,992;0,198;0,718;0,652}
gen = 0002,avg = 211,440,best = 282,400,chrom = {0,474;0,108;0,803;0,957;0,625;0,280;0,286;0,096;0,772;0,998;0,679;0,388;0,718;0,428;0,885;0,292;0,657;0,729;0,260;0,726;0,941;0,380;0,914;0,767;0,615;0,012;0,900;0,253;0,388;0,416;0,673;0,185;0,233;0,113;0,602;0,127}
gen = 0003,avg = 238,373,best = 282,400,chrom = {0,474;0,108;0,803;0,957;0,625;0,280;0,286;0,096;0,772;0,998;0,679;0,388;0,718;0,428;0,885;0,292;0,657;0,729;0,260;0,726;0,941;0,380;0,914;0,767;0,615;0,012;0,900;0,253;0,388;0,416;0,673;0,185;0,233;0,113;0,602;0,127}
gen = 0004,avg = 268,000,best = 284,000,chrom = {0,474;0,108;0,803;0,957;0,625;0,280;0,286;0,096;0,772;0,998;0,679;0,388;0,718;0,428;0,885;0,292;0,657;0,729;0,260;0,726;0,941;0,380;0,914;0,767;0,615;0,012;0,900;0,253;0,388;0,416;0,673;0,185;0,233;0,113;0,602;0,127}
gen = 0005,avg = 278,773,best = 310,000,chrom = {0,474;0,108;0,803;0,957;0,625;0,280;0,286;0,651;0,772;0,998;0,679;0,388;0,718;0,428;0,885;0,292;0,657;0,955;0,260;0,726;0,941;0,380;0,914;0,767;0,615;0,012;0,900;0,253;0,388;0,416;0,673;0,185;0,233;0,113;0,114;0,127}
gen = 0006,avg = 286,507,best = 310,000,chrom = {0,474;0,108;0,803;0,957;0,625;0,280;0,286;0,651;0,772;0,998;0,679;0,388;0,718;0,428;0,885;0,292;0,657;0,955;0,260;0,726;0,941;0,380;0,914;0,767;0,615;0,012;0,900;0,253;0,388;0,416;0,673;0,185;0,233;0,113;0,114;0,127}
gen = 0007,avg = 296,733,best = 311,000,chrom = {0,474;0,108;0,803;0,957;0,625;0,280;0,286;0,651;0,772;0,998;0,679;0,388;0,718;0,428;0,885;0,292;0,657;0,955;0,260;0,726;0,559;0,380;0,914;0,767;0,615;0,012;0,900;0,253;0,388;0,416;0,673;0,185;0,233;0,113;0,114;0,127}
gen = 0008,avg = 308,187,best = 315,200,chrom = {0,474;0,108;0,669;0,957;0,625;0,280;0,286;0,651;0,772;0,998;0,679;0,388;0,718;0,428;0,885;0,292;0,657;0,955;0,260;0,726;0,941;0,380;0,914;0,767;0,615;0,012;0,900;0,253;0,434;0,416;0,673;0,185;0,233;0,113;0,114;0,127}
gen = 0009,avg = 314,507,best = 334,200,chrom = {0,474;0,108;0,803;0,957;0,625;0,280;0,286;0,651;0,772;0,998;0,679;0,388;0,718;0,428;0,885;0,292;0,657;0,955;0,260;0,726;0,739;0,593;0,914;0,110;0,615;0,012;0,900;0,253;0,388;0,416;0,673;0,185;0,233;0,113;0,114;0,127}
gen = 0010,avg = 317,560,best = 334,200,chrom = {0,474;0,108;0,803;0,957;0,625;0,280;0,286;0,651;0,772;0,998;0,679;0,388;0,718;0,428;0,885;0,292;0,657;0,955;0,260;0,726;0,739;0,593;0,914;0,110;0,615;0,012;0,900;0,253;0,388;0,416;0,673;0,185;0,233;0,113;0,114;0,127}
gen = 0011,avg = 325,680,best = 342,600,chrom = {0,474;0,108;0,803;0,957;0,625;0,123;0,286;0,027;0,772;0,998;0,700;0,612;0,718;0,428;0,885;0,820;0,657;0,955;0,546;0,726;0,739;0,593;0,914;0,110;0,615;0,012;0,900;0,253;0,388;0,416;0,673;0,185;0,606;0,113;0,114;0,127}
gen = 0012,avg = 333,920,best = 350,600,chrom = {0,474;0,108;0,803;0,957;0,602;0,123;0,456;0,027;0,772;0,998;0,700;0,612;0,718;0,428;0,885;0,820;0,657;0,955;0,736;0,726;0,739;0,593;0,914;0,110;0,615;0,012;0,900;0,253;0,388;0,416;0,673;0,185;0,606;0,113;0,114;0,127}
gen = 0013,avg = 347,467,best = 365,200,chrom = {0,474;0,108;0,803;0,925;0,625;0,123;0,286;0,027;0,772;0,998;0,700;0,483;0,718;0,428;0,885;0,820;0,657;0,955;0,546;0,726;0,739;0,593;0,339;0,110;0,615;0,012;0,943;0,253;0,388;0,416;0,673;0,185;0,303;0,113;0,114;0,127}
gen = 0014,avg = 360,000,best = 375,400,chrom = {0,711;0,108;0,803;0,706;0,625;0,123;0,286;0,027;0,772;0,998;0,700;0,612;0,718;0,428;0,885;0,820;0,657;0,955;0,546;0,726;0,327;0,593;0,535;0,110;0,615;0,012;0,900;0,771;0,388;0,655;0,673;0,185;0,606;0,113;0,114;0,127}
gen = 0015,avg = 368,973,best = 392,600,chrom = {0,474;0,108;0,803;0,957;0,625;0,123;0,286;0,027;0,772;0,998;0,700;0,483;0,718;0,428;0,885;0,820;0,657;0,955;0,546;0,726;0,327;0,593;0,535;0,110;0,615;0,012;0,900;0,771;0,388;0,655;0,673;0,185;0,606;0,113;0,114;0,127}
gen = 0016,avg = 378,680,best = 403,000,chrom = {0,711;0,108;0,803;0,610;0,012;0,123;0,314;0,027;0,772;0,998;0,700;0,612;0,718;0,428;0,885;0,820;0,657;0,955;0,546;0,726;0,327;0,593;0,535;0,110;0,615;0,012;0,900;0,771;0,388;0,655;0,673;0,185;0,606;0,113;0,114;0,127}
gen = 0017,avg = 384,200,best = 403,000,chrom = {0,711;0,108;0,803;0,610;0,012;0,123;0,314;0,027;0,772;0,998;0,700;0,612;0,718;0,428;0,885;0,820;0,657;0,955;0,546;0,726;0,327;0,593;0,535;0,110;0,615;0,012;0,900;0,771;0,388;0,655;0,673;0,185;0,606;0,113;0,114;0,127}
gen = 0018,avg = 388,920,best = 403,000,chrom = {0,711;0,108;0,803;0,610;0,012;0,123;0,314;0,027;0,772;0,998;0,700;0,612;0,718;0,428;0,885;0,820;0,657;0,955;0,546;0,726;0,327;0,593;0,535;0,110;0,615;0,012;0,900;0,771;0,388;0,655;0,673;0,185;0,606;0,113;0,114;0,127}
gen = 0019,avg = 391,867,best = 403,000,chrom = {0,711;0,108;0,803;0,610;0,012;0,123;0,314;0,027;0,772;0,998;0,700;0,612;0,718;0,428;0,885;0,820;0,657;0,955;0,546;0,726;0,327;0,593;0,535;0,110;0,615;0,012;0,900;0,771;0,388;0,655;0,673;0,185;0,606;0,113;0,114;0,127}
gen = 0020,avg = 394,453,best = 403,000,chrom = {0,711;0,108;0,803;0,610;0,012;0,123;0,314;0,027;0,772;0,998;0,700;0,612;0,718;0,428;0,885;0,820;0,657;0,955;0,546;0,726;0,327;0,593;0,535;0,110;0,615;0,012;0,900;0,771;0,388;0,655;0,673;0,185;0,606;0,113;0,114;0,127}
gen = 0021,avg = 397,253,best = 403,000,chrom = {0,711;0,108;0,803;0,610;0,012;0,123;0,314;0,027;0,772;0,998;0,700;0,612;0,718;0,428;0,885;0,820;0,657;0,955;0,546;0,726;0,327;0,593;0,535;0,110;0,615;0,012;0,900;0,771;0,388;0,655;0,673;0,185;0,606;0,113;0,114;0,127}
gen = 0022,avg = 399,053,best = 403,000,chrom = {0,711;0,108;0,803;0,610;0,012;0,123;0,314;0,027;0,772;0,998;0,700;0,612;0,718;0,428;0,885;0,820;0,657;0,955;0,546;0,726;0,327;0,593;0,535;0,110;0,615;0,012;0,900;0,771;0,388;0,655;0,673;0,185;0,606;0,113;0,114;0,127}
gen = 0023,avg = 400,333,best = 403,000,chrom = {0,711;0,108;0,803;0,610;0,012;0,123;0,314;0,027;0,772;0,998;0,700;0,612;0,718;0,428;0,885;0,820;0,657;0,955;0,546;0,726;0,327;0,593;0,535;0,110;0,615;0,012;0,900;0,771;0,388;0,655;0,673;0,185;0,606;0,113;0,114;0,127}
gen = 0024,avg = 400,960,best = 403,000,chrom = {0,711;0,108;0,803;0,610;0,012;0,123;0,314;0,027;0,772;0,998;0,700;0,612;0,718;0,428;0,885;0,820;0,657;0,955;0,546;0,726;0,327;0,593;0,535;0,110;0,615;0,012;0,900;0,771;0,388;0,655;0,673;0,185;0,606;0,113;0,114;0,127}
gen = 0025,avg = 402,347,best = 405,600,chrom = {0,711;0,108;0,803;0,610;0,012;0,123;0,314;0,027;0,772;0,121;0,700;0,612;0,718;0,428;0,885;0,820;0,657;0,955;0,546;0,726;0,739;0,593;0,535;0,110;0,615;0,012;0,900;0,771;0,388;0,655;0,673;0,185;0,606;0,113;0,114;0,127}
gen = 0026,avg = 403,173,best = 405,600,chrom = {0,711;0,108;0,803;0,610;0,012;0,123;0,314;0,027;0,772;0,121;0,700;0,612;0,718;0,428;0,885;0,820;0,657;0,955;0,546;0,726;0,739;0,593;0,535;0,110;0,615;0,012;0,900;0,771;0,388;0,655;0,673;0,185;0,606;0,113;0,114;0,127}
gen = 0027,avg = 403,613,best = 405,600,chrom = {0,711;0,108;0,803;0,610;0,012;0,123;0,314;0,027;0,772;0,121;0,700;0,612;0,718;0,428;0,885;0,820;0,657;0,955;0,546;0,726;0,739;0,593;0,535;0,110;0,615;0,012;0,900;0,771;0,388;0,655;0,673;0,185;0,606;0,113;0,114;0,127}
gen = 0028,avg = 403,867,best = 405,600,chrom = {0,711;0,108;0,803;0,610;0,012;0,123;0,314;0,027;0,772;0,121;0,700;0,612;0,718;0,428;0,885;0,820;0,657;0,955;0,546;0,726;0,739;0,593;0,535;0,110;0,615;0,012;0,900;0,771;0,388;0,655;0,673;0,185;0,606;0,113;0,114;0,127}
gen = 0029,avg = 404,040,best = 405,600,chrom = {0,711;0,108;0,803;0,610;0,012;0,123;0,314;0,027;0,772;0,121;0,700;0,612;0,718;0,428;0,885;0,820;0,657;0,955;0,546;0,726;0,739;0,593;0,535;0,110;0,615;0,012;0,900;0,771;0,388;0,655;0,673;0,185;0,606;0,113;0,114;0,127}
gen = 0030,avg = 404,333,best = 405,600,chrom = {0,711;0,108;0,803;0,610;0,012;0,123;0,314;0,027;0,772;0,121;0,700;0,612;0,718;0,428;0,885;0,820;0,657;0,955;0,546;0,726;0,739;0,593;0,535;0,110;0,615;0,012;0,900;0,771;0,388;0,655;0,673;0,185;0,606;0,113;0,114;0,127}
gen = 0031,avg = 405,240,best = 409,800,chrom = {0,711;0,108;0,803;0,610;0,012;0,123;0,314;0,027;0,772;0,998;0,700;0,612;0,718;0,428;0,885;0,820;0,657;0,955;0,546;0,726;0,327;0,593;0,535;0,110;0,615;0,012;0,900;0,771;0,388;0,655;0,673;0,185;0,606;0,113;0,114;0,127}
gen = 0032,avg = 405,693,best = 409,800,chrom = {0,711;0,108;0,803;0,610;0,012;0,123;0,314;0,027;0,772;0,998;0,700;0,612;0,718;0,428;0,885;0,820;0,657;0,955;0,546;0,726;0,327;0,593;0,535;0,110;0,615;0,012;0,900;0,771;0,388;0,655;0,673;0,185;0,606;0,113;0,114;0,127}
gen = 0033,avg = 406,147,best = 409,800,chrom = {0,711;0,108;0,803;0,610;0,012;0,123;0,314;0,027;0,772;0,998;0,700;0,612;0,718;0,428;0,885;0,820;0,657;0,955;0,546;0,726;0,327;0,593;0,535;0,110;0,615;0,012;0,900;0,771;0,388;0,655;0,673;0,185;0,606;0,113;0,114;0,127}
gen = 0034,avg = 406,600,best = 409,800,chrom = {0,711;0,108;0,803;0,610;0,012;0,123;0,314;0,027;0,772;0,998;0,700;0,612;0,718;0,428;0,885;0,820;0,657;0,955;0,546;0,726;0,327;0,593;0,535;0,110;0,615;0,012;0,900;0,771;0,388;0,655;0,673;0,185;0,606;0,113;0,114;0,127}
gen = 0035,avg = 407,053,best = 409,800,chrom = {0,711;0,108;0,803;0,610;0,012;0,123;0,314;0,027;0,772;0,998;0,700;0,612;0,718;0,428;0,885;0,820;0,657;0,955;0,546;0,726;0,327;0,593;0,535;0,110;0,615;0,012;0,900;0,771;0,388;0,655;0,673;0,185;0,606;0,113;0,114;0,127}
gen = 0036,avg = 407,507,best = 409,800,chrom = {0,711;0,108;0,803;0,610;0,012;0,123;0,314;0,027;0,772;0,998;0,700;0,612;0,718;0,428;0,885;0,820;0,657;0,955;0,546;0,726;0,327;0,593;0,535;0,110;0,615;0,012;0,900;0,771;0,388;0,655;0,673;0,185;0,606;0,113;0,114;0,127}
gen = 0037,avg = 407,840,best = 409,800,chrom = {0,711;0,108;0,803;0,610;0,012;0,123;0,314;0,027;0,772;0,998;0,700;0,612;0,718;0,428;0,885;0,820;0,657;0,955;0,546;0,726;0,327;0,593;0,535;0,110;0,615;0,012;0,900;0,771;0,388;0,655;0,673;0,185;0,606;0,113;0,114;0,127}
gen = 0038,avg = 408,240,best = 409,800,chrom = {0,711;0,108;0,803;0,610;0,012;0,123;0,314;0,027;0,772;0,998;0,700;0,612;0,718;0,428;0,885;0,820;0,657;0,955;0,546;0,726;0,327;0,593;0,535;0,110;0,615;0,012;0,900;0,771;0,388;0,655;0,673;0,185;0,606;0,113;0,114;0,127}
gen = 0039,avg = 408,520,best = 409,800,chrom = {0,711;0,108;0,803;0,610;0,012;0,123;0,314;0,027;0,772;0,998;0,700;0,612;0,718;0,428;0,885;0,820;0,657;0,955;0,546;0,726;0,327;0,593;0,535;0,110;0,615;0,012;0,900;0,771;0,388;0,655;0,673;0,185;0,606;0,113;0,114;0,127}
gen = 0040,avg = 408,800,best = 409,800,chrom = {0,711;0,108;0,803;0,610;0,012;0,123;0,314;0,027;0,772;0,998;0,700;0,612;0,718;0,428;0,885;0,820;0,657;0,955;0,546;0,726;0,327;0,593;0,535;0,110;0,615;0,012;0,900;0,771;0,388;0,655;0,673;0,185;0,606;0,113;0,114;0,127}
gen = 0041,avg = 409,080,best = 409,800,chrom = {0,711;0,108;0,803;0,610;0,012;0,123;0,314;0,027;0,772;0,998;0,700;0,612;0,718;0,428;0,885;0,820;0,657;0,955;0,546;0,726;0,327;0,593;0,535;0,110;0,615;0,012;0,900;0,771;0,388;0,655;0,673;0,185;0,606;0,113;0,114;0,127}
gen = 0042,avg = 409,360,best = 409,800,chrom = {0,711;0,108;0,803;0,610;0,012;0,123;0,314;0,027;0,772;0,998;0,700;0,612;0,718;0,428;0,885;0,820;0,657;0,955;0,546;0,726;0,327;0,593;0,535;0,110;0,615;0,012;0,900;0,771;0,388;0,655;0,673;0,185;0,606;0,113;0,114;0,127}
gen = 0043,avg = 409,640,best = 409,800,chrom = {0,711;0,108;0,803;0,610;0,012;0,123;0,314;0,027;0,772;0,998;0,700;0,612;0,718;0,428;0,885;0,820;0,657;0,955;0,546;0,726;0,327;0,593;0,535;0,110;0,615;0,012;0,900;0,771;0,388;0,655;0,673;0,185;0,606;0,113;0,114;0,127}
gen = 0044,avg = 409,800,best = 409,800,chrom = {0,711;0,108;0,803;0,610;0,012;0,123;0,314;0,027;0,772;0,998;0,700;0,612;0,718;0,428;0,885;0,820;0,657;0,955;0,546;0,726;0,327;0,593;0,535;0,110;0,615;0,012;0,900;0,771;0,388;0,655;0,673;0,185;0,606;0,113;0,114;0,127}
gen = 0045,avg = 409,800,best = 409,800,chrom = {0,711;0,108;0,803;0,610;0,012;0,123;0,314;0,027;0,772;0,998;0,700;0,612;0,718;0,428;0,885;0,820;0,657;0,955;0,546;0,726;0,327;0,593;0,535;0,110;0,615;0,012;0,900;0,771;0,388;0,655;0,673;0,185;0,606;0,113;0,114;0,127}
gen = 0046,avg = 409,800,best = 409,800,chrom = {0,711;0,108;0,803;0,610;0,012;0,123;0,314;0,027;0,772;0,998;0,700;0,612;0,718;0,428;0,885;0,820;0,657;0,955;0,546;0,726;0,327;0,593;0,535;0,110;0,615;0,012;0,900;0,771;0,388;0,655;0,673;0,185;0,606;0,113;0,114;0,127}
gen = 0047,avg = 409,800,best = 409,800,chrom = {0,711;0,108;0,803;0,610;0,012;0,123;0,314;0,027;0,772;0,998;0,700;0,612;0,718;0,428;0,885;0,820;0,657;0,955;0,546;0,726;0,327;0,593;0,535;0,110;0,615;0,012;0,900;0,771;0,388;0,655;0,673;0,185;0,606;0,113;0,114;0,127}
gen = 0048,avg = 410,493,best = 415,000,chrom = {0,711;0,108;0,803;0,733;0,012;0,123;0,314;0,027;0,772;0,584;0,700;0,612;0,718;0,428;0,885;0,820;0,657;0,955;0,546;0,726;0,327;0,593;0,535;0,110;0,918;0,012;0,900;0,771;0,388;0,989;0,673;0,185;0,606;0,113;0,114;0,127}
gen = 0049,avg = 410,840,best = 415,000,chrom = {0,711;0,108;0,803;0,733;0,012;0,123;0,314;0,027;0,772;0,584;0,700;0,612;0,718;0,428;0,885;0,820;0,657;0,955;0,546;0,726;0,327;0,593;0,535;0,110;0,918;0,012;0,900;0,771;0,388;0,989;0,673;0,185;0,606;0,113;0,114;0,127}
gen = 0050,avg = 411,187,best = 415,000,chrom = {0,711;0,108;0,803;0,733;0,012;0,123;0,314;0,027;0,772;0,584;0,700;0,612;0,718;0,428;0,885;0,820;0,657;0,955;0,546;0,726;0,327;0,593;0,535;0,110;0,918;0,012;0,900;0,771;0,388;0,989;0,673;0,185;0,606;0,113;0,114;0,127}
Execution Time = 1876,735ms;
