Current parameters
 - debug = true
 - runAutotest = false
 - runChromosome = false
 - runExperiment = true
 - chromosome = null
 - showSheets = false
 - saveRatMap = .
 - numberOfGenerations = 50
 - population = 15
 - numberOfProfiles = 3
 - numberOfInitialAgents = 15
 - numberOfCells = 10
 - numberOfFoodPieces = 10
 - numberOfDays = 1000
 - numberOfExecutions = 5
 - patterns = E:\2_trabajo\doctorado\made\2014\pattern_revenge.txt
 - baseDays = 500
 - baseEnergy = 5
 - baseSmell = 3
 - baseNutrition = 4
 - baseByte = 5
 - baseFur = 5
 - baseAgeToBeAdultFemale = 42
 - baseToBeAdultMale = 49
 - basePregnancyTime = 30
 - help = false
 - seed = 1384183625600

gen = -001,avg = 10,400,best = 10,400,chrom = {0,636;0,264;0,757;0,524;0,458;0,422;0,124;0,809;0,352;0,016;0,230;0,435;0,686;0,479;0,602;0,060;0,502;0,828;0,726;0,200;0,300;0,377;0,993;0,916;0,283;0,853;0,375;0,408;0,950;0,855;0,533;0,490;0,137;0,831;0,127;0,121}
gen = 0000,avg = 18,200,best = 123,200,chrom = {0,690;0,479;0,670;0,717;0,703;0,517;0,585;0,589;0,205;0,992;0,205;0,291;0,096;0,404;0,167;0,350;0,004;0,877;0,853;0,049;0,378;0,102;0,538;0,641;0,238;0,345;0,525;0,914;0,120;0,930;0,853;0,495;0,774;0,927;0,588;0,981}
gen = 0001,avg = 71,147,best = 152,200,chrom = {0,625;0,725;0,009;0,678;0,706;0,041;0,654;0,877;0,915;0,312;0,639;0,461;0,961;0,959;0,500;0,916;0,084;0,371;0,318;0,532;0,606;0,572;0,729;0,556;0,524;0,223;0,341;0,254;0,956;0,192;0,767;0,236;0,549;0,538;0,129;0,190}
gen = 0002,avg = 156,333,best = 238,200,chrom = {0,819;0,172;0,611;0,057;0,006;0,603;0,668;0,206;0,078;0,778;0,754;0,460;0,433;0,482;0,840;0,126;0,056;0,967;0,375;0,579;0,658;0,728;0,561;0,174;0,950;0,499;0,744;0,713;0,262;0,664;0,488;0,293;0,830;0,366;0,087;0,223}
gen = 0003,avg = 185,200,best = 238,200,chrom = {0,819;0,172;0,611;0,057;0,006;0,603;0,668;0,206;0,078;0,778;0,754;0,460;0,433;0,482;0,840;0,126;0,056;0,967;0,375;0,579;0,658;0,728;0,561;0,174;0,950;0,499;0,744;0,713;0,262;0,664;0,488;0,293;0,830;0,366;0,087;0,223}
gen = 0004,avg = 220,413,best = 244,800,chrom = {0,819;0,172;0,611;0,057;0,006;0,603;0,668;0,206;0,078;0,778;0,754;0,460;0,433;0,482;0,840;0,126;0,230;0,967;0,318;0,532;0,606;0,572;0,729;0,556;0,524;0,223;0,800;0,254;0,956;0,519;0,767;0,236;0,549;0,538;0,129;0,190}
gen = 0005,avg = 248,907,best = 277,000,chrom = {0,819;0,172;0,611;0,057;0,006;0,603;0,668;0,206;0,078;0,641;0,754;0,404;0,433;0,482;0,840;0,126;0,056;0,967;0,375;0,579;0,157;0,728;0,561;0,174;0,950;0,499;0,744;0,724;0,262;0,664;0,488;0,293;0,830;0,366;0,087;0,223}
gen = 0006,avg = 266,827,best = 316,400,chrom = {0,819;0,172;0,611;0,057;0,006;0,603;0,668;0,206;0,078;0,641;0,687;0,404;0,433;0,482;0,840;0,126;0,056;0,967;0,375;0,579;0,157;0,728;0,561;0,371;0,950;0,499;0,744;0,724;0,633;0,664;0,488;0,293;0,830;0,366;0,087;0,009}
gen = 0007,avg = 285,400,best = 316,400,chrom = {0,819;0,172;0,611;0,057;0,006;0,603;0,668;0,206;0,078;0,641;0,687;0,404;0,433;0,482;0,840;0,126;0,056;0,967;0,375;0,579;0,157;0,728;0,561;0,371;0,950;0,499;0,744;0,724;0,633;0,664;0,488;0,293;0,830;0,366;0,087;0,009}
gen = 0008,avg = 291,760,best = 316,400,chrom = {0,819;0,172;0,611;0,057;0,006;0,603;0,668;0,206;0,078;0,641;0,687;0,404;0,433;0,482;0,840;0,126;0,056;0,967;0,375;0,579;0,157;0,728;0,561;0,371;0,950;0,499;0,744;0,724;0,633;0,664;0,488;0,293;0,830;0,366;0,087;0,009}
gen = 0009,avg = 304,280,best = 317,800,chrom = {0,819;0,172;0,611;0,057;0,006;0,603;0,668;0,206;0,078;0,641;0,687;0,404;0,433;0,482;0,840;0,126;0,056;0,967;0,375;0,579;0,157;0,728;0,561;0,371;0,950;0,499;0,744;0,724;0,633;0,664;0,488;0,293;0,830;0,366;0,087;0,009}
gen = 0010,avg = 314,853,best = 328,600,chrom = {0,819;0,172;0,611;0,057;0,153;0,603;0,668;0,206;0,078;0,641;0,687;0,404;0,433;0,482;0,840;0,126;0,056;0,473;0,375;0,579;0,157;0,728;0,384;0,371;0,682;0,499;0,744;0,724;0,401;0,664;0,488;0,293;0,830;0,366;0,087;0,009}
gen = 0011,avg = 317,587,best = 328,600,chrom = {0,819;0,172;0,611;0,057;0,153;0,603;0,668;0,206;0,078;0,641;0,687;0,404;0,433;0,482;0,840;0,126;0,056;0,473;0,375;0,579;0,157;0,728;0,384;0,371;0,682;0,499;0,744;0,724;0,401;0,664;0,488;0,293;0,830;0,366;0,087;0,009}
gen = 0012,avg = 321,440,best = 329,200,chrom = {0,819;0,172;0,611;0,057;0,153;0,603;0,668;0,206;0,078;0,641;0,687;0,404;0,433;0,482;0,840;0,126;0,056;0,473;0,375;0,579;0,157;0,728;0,384;0,371;0,682;0,499;0,744;0,724;0,401;0,664;0,488;0,293;0,830;0,366;0,087;0,009}
gen = 0013,avg = 327,213,best = 333,400,chrom = {0,819;0,172;0,611;0,057;0,153;0,603;0,668;0,206;0,078;0,641;0,687;0,404;0,433;0,482;0,840;0,126;0,056;0,473;0,375;0,579;0,157;0,728;0,384;0,371;0,682;0,499;0,744;0,724;0,401;0,664;0,488;0,293;0,830;0,366;0,087;0,009}
gen = 0014,avg = 329,920,best = 334,000,chrom = {0,819;0,172;0,611;0,057;0,153;0,603;0,668;0,206;0,078;0,641;0,687;0,404;0,433;0,482;0,840;0,126;0,056;0,473;0,375;0,579;0,157;0,728;0,384;0,736;0,682;0,499;0,744;0,724;0,401;0,664;0,488;0,293;0,830;0,366;0,087;0,009}
gen = 0015,avg = 332,507,best = 338,400,chrom = {0,819;0,172;0,611;0,057;0,006;0,603;0,668;0,206;0,078;0,641;0,224;0,404;0,433;0,482;0,840;0,126;0,197;0,473;0,375;0,579;0,157;0,728;0,384;0,371;0,682;0,499;0,744;0,431;0,401;0,664;0,575;0,220;0,830;0,366;0,087;0,009}
gen = 0016,avg = 338,507,best = 363,000,chrom = {0,819;0,172;0,611;0,057;0,139;0,603;0,668;0,206;0,078;0,641;0,687;0,404;0,433;0,482;0,840;0,126;0,056;0,439;0,375;0,579;0,157;0,728;0,384;0,371;0,682;0,499;0,744;0,724;0,401;0,664;0,488;0,293;0,830;0,070;0,087;0,009}
gen = 0017,avg = 343,453,best = 363,000,chrom = {0,819;0,172;0,611;0,057;0,139;0,603;0,668;0,206;0,078;0,641;0,687;0,404;0,433;0,482;0,840;0,126;0,056;0,439;0,375;0,579;0,157;0,728;0,384;0,371;0,682;0,499;0,744;0,724;0,401;0,664;0,488;0,293;0,830;0,070;0,087;0,009}
gen = 0018,avg = 353,053,best = 376,600,chrom = {0,819;0,172;0,611;0,057;0,139;0,603;0,668;0,206;0,078;0,641;0,687;0,404;0,433;0,482;0,840;0,126;0,056;0,439;0,375;0,579;0,157;0,728;0,384;0,371;0,682;0,499;0,744;0,724;0,401;0,664;0,875;0,293;0,830;0,070;0,087;0,009}
gen = 0019,avg = 360,840,best = 376,600,chrom = {0,819;0,172;0,611;0,057;0,139;0,603;0,668;0,206;0,078;0,641;0,687;0,404;0,433;0,482;0,840;0,126;0,056;0,439;0,375;0,579;0,157;0,728;0,384;0,371;0,682;0,499;0,744;0,724;0,401;0,664;0,875;0,293;0,830;0,070;0,087;0,009}
gen = 0020,avg = 369,787,best = 382,400,chrom = {0,708;0,393;0,870;0,057;0,318;0,625;0,837;0,206;0,078;0,641;0,687;0,404;0,433;0,482;0,840;0,126;0,056;0,439;0,375;0,579;0,157;0,728;0,384;0,371;0,682;0,499;0,744;0,724;0,401;0,664;0,809;0,293;0,830;0,070;0,087;0,009}
gen = 0021,avg = 372,733,best = 382,400,chrom = {0,708;0,393;0,870;0,057;0,318;0,625;0,837;0,206;0,078;0,641;0,687;0,404;0,433;0,482;0,840;0,126;0,056;0,439;0,375;0,579;0,157;0,728;0,384;0,371;0,682;0,499;0,744;0,724;0,401;0,664;0,809;0,293;0,830;0,070;0,087;0,009}
gen = 0022,avg = 377,373,best = 382,400,chrom = {0,708;0,393;0,870;0,057;0,318;0,625;0,837;0,206;0,078;0,641;0,687;0,404;0,433;0,482;0,840;0,126;0,056;0,439;0,375;0,579;0,157;0,728;0,384;0,371;0,682;0,499;0,744;0,724;0,401;0,664;0,809;0,293;0,830;0,070;0,087;0,009}
gen = 0023,avg = 388,293,best = 420,400,chrom = {0,819;0,172;0,678;0,727;0,139;0,238;0,668;0,206;0,873;0,641;0,687;0,404;0,656;0,482;0,840;0,126;0,056;0,439;0,375;0,579;0,381;0,728;0,384;0,371;0,682;0,499;0,744;0,724;0,401;0,664;0,875;0,293;0,830;0,070;0,087;0,009}
gen = 0024,avg = 397,413,best = 420,400,chrom = {0,819;0,172;0,678;0,727;0,139;0,238;0,668;0,206;0,873;0,641;0,687;0,404;0,656;0,482;0,840;0,126;0,056;0,439;0,375;0,579;0,381;0,728;0,384;0,371;0,682;0,499;0,744;0,724;0,401;0,664;0,875;0,293;0,830;0,070;0,087;0,009}
gen = 0025,avg = 404,920,best = 420,400,chrom = {0,819;0,172;0,678;0,727;0,139;0,238;0,668;0,206;0,873;0,641;0,687;0,404;0,656;0,482;0,840;0,126;0,056;0,439;0,375;0,579;0,381;0,728;0,384;0,371;0,682;0,499;0,744;0,724;0,401;0,664;0,875;0,293;0,830;0,070;0,087;0,009}
gen = 0026,avg = 407,707,best = 420,400,chrom = {0,819;0,172;0,678;0,727;0,139;0,238;0,668;0,206;0,873;0,641;0,687;0,404;0,656;0,482;0,840;0,126;0,056;0,439;0,375;0,579;0,381;0,728;0,384;0,371;0,682;0,499;0,744;0,724;0,401;0,664;0,875;0,293;0,830;0,070;0,087;0,009}
gen = 0027,avg = 411,413,best = 420,400,chrom = {0,819;0,172;0,678;0,727;0,139;0,238;0,668;0,206;0,873;0,641;0,687;0,404;0,656;0,482;0,840;0,126;0,056;0,439;0,375;0,579;0,381;0,728;0,384;0,371;0,682;0,499;0,744;0,724;0,401;0,664;0,875;0,293;0,830;0,070;0,087;0,009}
gen = 0028,avg = 413,853,best = 420,400,chrom = {0,819;0,172;0,678;0,727;0,139;0,238;0,668;0,206;0,873;0,641;0,687;0,404;0,656;0,482;0,840;0,126;0,056;0,439;0,375;0,579;0,381;0,728;0,384;0,371;0,682;0,499;0,744;0,724;0,401;0,664;0,875;0,293;0,830;0,070;0,087;0,009}
gen = 0029,avg = 417,640,best = 428,600,chrom = {0,708;0,393;0,870;0,057;0,318;0,625;0,837;0,206;0,078;0,367;0,687;0,059;0,433;0,482;0,840;0,172;0,056;0,439;0,375;0,579;0,381;0,728;0,384;0,371;0,682;0,499;0,744;0,724;0,401;0,664;0,875;0,293;0,662;0,070;0,087;0,009}
gen = 0030,avg = 419,400,best = 428,600,chrom = {0,708;0,393;0,870;0,057;0,318;0,625;0,837;0,206;0,078;0,367;0,687;0,059;0,433;0,482;0,840;0,172;0,056;0,439;0,375;0,579;0,381;0,728;0,384;0,371;0,682;0,499;0,744;0,724;0,401;0,664;0,875;0,293;0,662;0,070;0,087;0,009}
gen = 0031,avg = 420,800,best = 428,600,chrom = {0,708;0,393;0,870;0,057;0,318;0,625;0,837;0,206;0,078;0,367;0,687;0,059;0,433;0,482;0,840;0,172;0,056;0,439;0,375;0,579;0,381;0,728;0,384;0,371;0,682;0,499;0,744;0,724;0,401;0,664;0,875;0,293;0,662;0,070;0,087;0,009}
gen = 0032,avg = 421,933,best = 428,600,chrom = {0,708;0,393;0,870;0,057;0,318;0,625;0,837;0,206;0,078;0,367;0,687;0,059;0,433;0,482;0,840;0,172;0,056;0,439;0,375;0,579;0,381;0,728;0,384;0,371;0,682;0,499;0,744;0,724;0,401;0,664;0,875;0,293;0,662;0,070;0,087;0,009}
gen = 0033,avg = 423,480,best = 428,600,chrom = {0,708;0,393;0,870;0,057;0,318;0,625;0,837;0,206;0,078;0,367;0,687;0,059;0,433;0,482;0,840;0,172;0,056;0,439;0,375;0,579;0,381;0,728;0,384;0,371;0,682;0,499;0,744;0,724;0,401;0,664;0,875;0,293;0,662;0,070;0,087;0,009}
gen = 0034,avg = 424,360,best = 428,600,chrom = {0,708;0,393;0,870;0,057;0,318;0,625;0,837;0,206;0,078;0,367;0,687;0,059;0,433;0,482;0,840;0,172;0,056;0,439;0,375;0,579;0,381;0,728;0,384;0,371;0,682;0,499;0,744;0,724;0,401;0,664;0,875;0,293;0,662;0,070;0,087;0,009}
gen = 0035,avg = 425,413,best = 428,600,chrom = {0,708;0,393;0,870;0,057;0,318;0,625;0,837;0,206;0,078;0,367;0,687;0,059;0,433;0,482;0,840;0,172;0,056;0,439;0,375;0,579;0,381;0,728;0,384;0,371;0,682;0,499;0,744;0,724;0,401;0,664;0,875;0,293;0,662;0,070;0,087;0,009}
gen = 0036,avg = 427,707,best = 437,600,chrom = {0,708;0,393;0,870;0,057;0,318;0,625;0,837;0,206;0,078;0,367;0,687;0,059;0,656;0,482;0,840;0,126;0,056;0,439;0,375;0,579;0,381;0,728;0,384;0,371;0,682;0,499;0,744;0,724;0,401;0,664;0,875;0,293;0,830;0,070;0,087;0,009}
gen = 0037,avg = 428,853,best = 437,600,chrom = {0,708;0,393;0,870;0,057;0,318;0,625;0,837;0,206;0,078;0,367;0,687;0,059;0,656;0,482;0,840;0,126;0,056;0,439;0,375;0,579;0,381;0,728;0,384;0,371;0,682;0,499;0,744;0,724;0,401;0,664;0,875;0,293;0,830;0,070;0,087;0,009}
gen = 0038,avg = 430,013,best = 437,600,chrom = {0,708;0,393;0,870;0,057;0,318;0,625;0,837;0,206;0,078;0,367;0,687;0,059;0,656;0,482;0,840;0,126;0,056;0,439;0,375;0,579;0,381;0,728;0,384;0,371;0,682;0,499;0,744;0,724;0,401;0,664;0,875;0,293;0,830;0,070;0,087;0,009}
gen = 0039,avg = 431,120,best = 437,600,chrom = {0,708;0,393;0,870;0,057;0,318;0,625;0,837;0,206;0,078;0,367;0,687;0,059;0,656;0,482;0,840;0,126;0,056;0,439;0,375;0,579;0,381;0,728;0,384;0,371;0,682;0,499;0,744;0,724;0,401;0,664;0,875;0,293;0,830;0,070;0,087;0,009}
gen = 0040,avg = 432,373,best = 437,600,chrom = {0,708;0,393;0,870;0,057;0,318;0,625;0,837;0,206;0,078;0,367;0,687;0,059;0,656;0,482;0,840;0,126;0,056;0,439;0,375;0,579;0,381;0,728;0,384;0,371;0,682;0,499;0,744;0,724;0,401;0,664;0,875;0,293;0,830;0,070;0,087;0,009}
gen = 0041,avg = 432,973,best = 437,600,chrom = {0,708;0,393;0,870;0,057;0,318;0,625;0,837;0,206;0,078;0,367;0,687;0,059;0,656;0,482;0,840;0,126;0,056;0,439;0,375;0,579;0,381;0,728;0,384;0,371;0,682;0,499;0,744;0,724;0,401;0,664;0,875;0,293;0,830;0,070;0,087;0,009}
gen = 0042,avg = 433,573,best = 437,600,chrom = {0,708;0,393;0,870;0,057;0,318;0,625;0,837;0,206;0,078;0,367;0,687;0,059;0,656;0,482;0,840;0,126;0,056;0,439;0,375;0,579;0,381;0,728;0,384;0,371;0,682;0,499;0,744;0,724;0,401;0,664;0,875;0,293;0,830;0,070;0,087;0,009}
gen = 0043,avg = 434,173,best = 437,600,chrom = {0,708;0,393;0,870;0,057;0,318;0,625;0,837;0,206;0,078;0,367;0,687;0,059;0,656;0,482;0,840;0,126;0,056;0,439;0,375;0,579;0,381;0,728;0,384;0,371;0,682;0,499;0,744;0,724;0,401;0,664;0,875;0,293;0,830;0,070;0,087;0,009}
gen = 0044,avg = 435,013,best = 437,600,chrom = {0,708;0,393;0,870;0,057;0,318;0,625;0,837;0,206;0,078;0,367;0,687;0,059;0,656;0,482;0,840;0,126;0,056;0,439;0,375;0,579;0,381;0,728;0,384;0,371;0,682;0,499;0,744;0,724;0,401;0,664;0,875;0,293;0,830;0,070;0,087;0,009}
gen = 0045,avg = 435,613,best = 437,600,chrom = {0,708;0,393;0,870;0,057;0,318;0,625;0,837;0,206;0,078;0,367;0,687;0,059;0,656;0,482;0,840;0,126;0,056;0,439;0,375;0,579;0,381;0,728;0,384;0,371;0,682;0,499;0,744;0,724;0,401;0,664;0,875;0,293;0,830;0,070;0,087;0,009}
gen = 0046,avg = 436,573,best = 437,600,chrom = {0,708;0,393;0,870;0,057;0,318;0,625;0,837;0,206;0,078;0,367;0,687;0,059;0,656;0,482;0,840;0,126;0,056;0,439;0,375;0,579;0,381;0,728;0,384;0,371;0,682;0,499;0,744;0,724;0,401;0,664;0,875;0,293;0,830;0,070;0,087;0,009}
gen = 0047,avg = 437,000,best = 437,600,chrom = {0,708;0,393;0,870;0,057;0,318;0,625;0,837;0,206;0,078;0,367;0,687;0,059;0,656;0,482;0,840;0,126;0,056;0,439;0,375;0,579;0,381;0,728;0,384;0,371;0,682;0,499;0,744;0,724;0,401;0,664;0,875;0,293;0,830;0,070;0,087;0,009}
gen = 0048,avg = 437,360,best = 437,600,chrom = {0,708;0,393;0,870;0,057;0,318;0,625;0,837;0,206;0,078;0,367;0,687;0,059;0,656;0,482;0,840;0,126;0,056;0,439;0,375;0,579;0,381;0,728;0,384;0,371;0,682;0,499;0,744;0,724;0,401;0,664;0,875;0,293;0,830;0,070;0,087;0,009}
gen = 0049,avg = 437,600,best = 437,600,chrom = {0,708;0,393;0,870;0,057;0,318;0,625;0,837;0,206;0,078;0,367;0,687;0,059;0,656;0,482;0,840;0,126;0,056;0,439;0,375;0,579;0,381;0,728;0,384;0,371;0,682;0,499;0,744;0,724;0,401;0,664;0,875;0,293;0,830;0,070;0,087;0,009}
gen = 0050,avg = 437,733,best = 438,600,chrom = {0,708;0,393;0,870;0,057;0,318;0,625;0,837;0,206;0,078;0,367;0,687;0,059;0,656;0,482;0,840;0,126;0,056;0,439;0,375;0,579;0,381;0,728;0,384;0,371;0,682;0,499;0,744;0,724;0,401;0,664;0,875;0,293;0,830;0,070;0,087;0,009}
Execution Time = 2002,382ms;
