Current parameters
 - debug = true
 - runAutotest = false
 - runChromosome = false
 - runExperiment = true
 - chromosome = null
 - showSheets = false
 - saveRatMap = .
 - numberOfGenerations = 50
 - population = 15
 - numberOfProfiles = 3
 - numberOfInitialAgents = 15
 - numberOfCells = 10
 - numberOfFoodPieces = 10
 - numberOfDays = 1000
 - numberOfExecutions = 5
 - patterns = E:\2_trabajo\doctorado\made\2014\pattern_revenge.txt
 - baseDays = 500
 - baseEnergy = 5
 - baseSmell = 3
 - baseNutrition = 4
 - baseByte = 5
 - baseFur = 5
 - baseAgeToBeAdultFemale = 42
 - baseToBeAdultMale = 49
 - basePregnancyTime = 30
 - help = false
 - seed = 1384131363954

gen = -001,avg = 3,000,best = 3,000,chrom = {0,627;0,492;0,734;0,609;0,030;0,041;0,229;0,082;0,857;0,792;0,302;0,347;0,037;0,127;0,280;0,969;0,982;0,368;0,469;0,693;0,669;0,794;0,347;0,118;0,046;0,385;0,909;0,573;0,757;0,790;0,907;0,395;0,147;0,415;0,291;0,843}
gen = 0000,avg = 32,453,best = 175,000,chrom = {0,175;0,169;0,793;0,232;0,741;0,224;0,531;0,506;0,447;0,962;0,522;0,009;0,799;0,115;0,123;0,264;0,253;0,433;0,486;0,586;0,742;0,987;0,057;0,077;0,619;0,484;0,707;0,232;0,386;0,509;0,452;0,699;0,477;0,109;0,670;0,430}
gen = 0001,avg = 122,213,best = 226,600,chrom = {0,923;0,544;0,625;0,154;0,635;0,086;0,645;0,271;0,365;0,883;0,408;0,033;0,086;0,529;0,659;0,507;0,322;0,274;0,170;0,674;0,723;0,082;0,780;0,931;0,866;0,572;0,800;0,571;0,748;0,727;0,240;0,532;0,966;0,472;0,077;0,331}
gen = 0002,avg = 168,667,best = 229,200,chrom = {0,923;0,544;0,625;0,154;0,635;0,086;0,645;0,271;0,365;0,206;0,408;0,033;0,086;0,529;0,659;0,507;0,223;0,274;0,170;0,674;0,723;0,832;0,780;0,931;0,866;0,572;0,800;0,571;0,748;0,727;0,598;0,532;0,966;0,472;0,077;0,331}
gen = 0003,avg = 221,080,best = 255,200,chrom = {0,310;0,434;0,354;0,155;0,411;0,171;0,877;0,665;0,098;0,810;0,471;0,139;0,919;0,176;0,670;0,975;0,453;0,577;0,486;0,586;0,742;0,987;0,057;0,077;0,619;0,484;0,707;0,232;0,386;0,509;0,452;0,699;0,477;0,109;0,670;0,430}
gen = 0004,avg = 245,840,best = 262,000,chrom = {0,923;0,544;0,625;0,154;0,635;0,086;0,645;0,271;0,365;0,883;0,970;0,033;0,086;0,529;0,659;0,260;0,322;0,274;0,170;0,674;0,723;0,832;0,780;0,931;0,866;0,572;0,800;0,571;0,748;0,727;0,598;0,532;0,966;0,472;0,077;0,331}
gen = 0005,avg = 264,920,best = 297,800,chrom = {0,923;0,544;0,625;0,154;0,635;0,086;0,645;0,271;0,365;0,883;0,400;0,033;0,086;0,529;0,659;0,260;0,322;0,274;0,170;0,674;0,723;0,832;0,780;0,931;0,866;0,572;0,800;0,571;0,748;0,727;0,598;0,532;0,966;0,128;0,077;0,331}
gen = 0006,avg = 285,653,best = 314,000,chrom = {0,310;0,564;0,175;0,155;0,411;0,171;0,877;0,665;0,098;0,366;0,471;0,139;0,919;0,176;0,670;0,975;0,453;0,577;0,486;0,586;0,742;0,987;0,057;0,077;0,619;0,484;0,707;0,232;0,386;0,509;0,452;0,699;0,477;0,214;0,670;0,168}
gen = 0007,avg = 307,307,best = 342,000,chrom = {0,923;0,544;0,625;0,154;0,635;0,086;0,645;0,271;0,430;0,206;0,301;0,139;0,919;0,176;0,670;0,975;0,453;0,577;0,486;0,586;0,742;0,987;0,057;0,077;0,619;0,484;0,707;0,232;0,386;0,509;0,598;0,532;0,966;0,128;0,077;0,331}
gen = 0008,avg = 325,680,best = 342,000,chrom = {0,923;0,544;0,625;0,154;0,635;0,086;0,645;0,271;0,430;0,206;0,301;0,139;0,919;0,176;0,670;0,975;0,453;0,577;0,486;0,586;0,742;0,987;0,057;0,077;0,619;0,484;0,707;0,232;0,386;0,509;0,598;0,532;0,966;0,128;0,077;0,331}
gen = 0009,avg = 342,360,best = 359,000,chrom = {0,923;0,544;0,235;0,154;0,635;0,086;0,780;0,271;0,430;0,206;0,301;0,139;0,919;0,176;0,670;0,975;0,453;0,577;0,486;0,586;0,273;0,987;0,057;0,077;0,619;0,484;0,707;0,232;0,386;0,509;0,598;0,532;0,966;0,128;0,077;0,331}
gen = 0010,avg = 349,840,best = 359,000,chrom = {0,923;0,544;0,235;0,154;0,635;0,086;0,780;0,271;0,430;0,206;0,301;0,139;0,919;0,176;0,670;0,975;0,453;0,577;0,486;0,586;0,273;0,987;0,057;0,077;0,619;0,484;0,707;0,232;0,386;0,509;0,598;0,532;0,966;0,128;0,077;0,331}
gen = 0011,avg = 354,787,best = 362,000,chrom = {0,923;0,544;0,625;0,154;0,635;0,086;0,645;0,271;0,430;0,206;0,301;0,139;0,919;0,176;0,670;0,975;0,453;0,577;0,486;0,586;0,742;0,987;0,057;0,077;0,619;0,484;0,707;0,232;0,386;0,509;0,598;0,532;0,966;0,128;0,077;0,331}
gen = 0012,avg = 357,493,best = 362,000,chrom = {0,923;0,544;0,625;0,154;0,635;0,086;0,645;0,271;0,430;0,206;0,301;0,139;0,919;0,176;0,670;0,975;0,453;0,577;0,486;0,586;0,742;0,987;0,057;0,077;0,619;0,484;0,707;0,232;0,386;0,509;0,598;0,532;0,966;0,128;0,077;0,331}
gen = 0013,avg = 360,933,best = 377,800,chrom = {0,923;0,544;0,625;0,154;0,635;0,086;0,645;0,271;0,430;0,206;0,301;0,139;0,919;0,176;0,670;0,975;0,453;0,577;0,486;0,586;0,742;0,987;0,057;0,077;0,619;0,484;0,707;0,232;0,386;0,509;0,598;0,532;0,966;0,128;0,077;0,331}
gen = 0014,avg = 365,653,best = 386,200,chrom = {0,923;0,544;0,625;0,154;0,635;0,534;0,645;0,271;0,430;0,206;0,301;0,033;0,919;0,176;0,670;0,975;0,818;0,577;0,486;0,586;0,742;0,987;0,057;0,077;0,619;0,484;0,707;0,653;0,386;0,509;0,598;0,532;0,966;0,128;0,077;0,331}
gen = 0015,avg = 376,733,best = 396,600,chrom = {0,923;0,572;0,625;0,154;0,635;0,534;0,645;0,271;0,430;0,206;0,301;0,033;0,919;0,176;0,670;0,975;0,818;0,849;0,486;0,586;0,742;0,987;0,057;0,077;0,619;0,484;0,707;0,653;0,386;0,509;0,598;0,532;0,966;0,128;0,077;0,331}
gen = 0016,avg = 380,893,best = 396,600,chrom = {0,923;0,572;0,625;0,154;0,635;0,534;0,645;0,271;0,430;0,206;0,301;0,033;0,919;0,176;0,670;0,975;0,818;0,849;0,486;0,586;0,742;0,987;0,057;0,077;0,619;0,484;0,707;0,653;0,386;0,509;0,598;0,532;0,966;0,128;0,077;0,331}
gen = 0017,avg = 388,013,best = 396,600,chrom = {0,923;0,572;0,625;0,154;0,635;0,534;0,645;0,271;0,430;0,206;0,301;0,033;0,919;0,176;0,670;0,975;0,818;0,849;0,486;0,586;0,742;0,987;0,057;0,077;0,619;0,484;0,707;0,653;0,386;0,509;0,598;0,532;0,966;0,128;0,077;0,331}
gen = 0018,avg = 393,360,best = 401,600,chrom = {0,923;0,544;0,625;0,154;0,635;0,534;0,645;0,271;0,430;0,206;0,301;0,033;0,919;0,176;0,670;0,975;0,818;0,577;0,486;0,586;0,742;0,987;0,057;0,077;0,619;0,484;0,707;0,653;0,386;0,509;0,598;0,532;0,966;0,128;0,077;0,331}
gen = 0019,avg = 399,413,best = 411,600,chrom = {0,923;0,544;0,625;0,154;0,635;0,534;0,645;0,271;0,430;0,206;0,301;0,033;0,919;0,176;0,670;0,975;0,818;0,577;0,486;0,586;0,742;0,129;0,057;0,077;0,619;0,484;0,707;0,653;0,386;0,509;0,598;0,532;0,537;0,128;0,077;0,331}
gen = 0020,avg = 400,587,best = 411,600,chrom = {0,923;0,544;0,625;0,154;0,635;0,534;0,645;0,271;0,430;0,206;0,301;0,033;0,919;0,176;0,670;0,975;0,818;0,577;0,486;0,586;0,742;0,129;0,057;0,077;0,619;0,484;0,707;0,653;0,386;0,509;0,598;0,532;0,537;0,128;0,077;0,331}
gen = 0021,avg = 401,720,best = 411,600,chrom = {0,923;0,544;0,625;0,154;0,635;0,534;0,645;0,271;0,430;0,206;0,301;0,033;0,919;0,176;0,670;0,975;0,818;0,577;0,486;0,586;0,742;0,129;0,057;0,077;0,619;0,484;0,707;0,653;0,386;0,509;0,598;0,532;0,537;0,128;0,077;0,331}
gen = 0022,avg = 402,773,best = 411,600,chrom = {0,923;0,544;0,625;0,154;0,635;0,534;0,645;0,271;0,430;0,206;0,301;0,033;0,919;0,176;0,670;0,975;0,818;0,577;0,486;0,586;0,742;0,129;0,057;0,077;0,619;0,484;0,707;0,653;0,386;0,509;0,598;0,532;0,537;0,128;0,077;0,331}
gen = 0023,avg = 405,707,best = 411,600,chrom = {0,923;0,544;0,625;0,154;0,635;0,534;0,645;0,271;0,430;0,206;0,301;0,033;0,919;0,176;0,670;0,975;0,818;0,577;0,486;0,586;0,742;0,129;0,057;0,077;0,619;0,484;0,707;0,653;0,386;0,509;0,598;0,532;0,537;0,128;0,077;0,331}
gen = 0024,avg = 407,573,best = 411,600,chrom = {0,923;0,544;0,625;0,154;0,635;0,534;0,645;0,271;0,430;0,206;0,301;0,033;0,919;0,176;0,670;0,975;0,818;0,577;0,486;0,586;0,742;0,129;0,057;0,077;0,619;0,484;0,707;0,653;0,386;0,509;0,598;0,532;0,537;0,128;0,077;0,331}
gen = 0025,avg = 410,227,best = 416,800,chrom = {0,923;0,572;0,622;0,154;0,635;0,534;0,645;0,271;0,430;0,206;0,301;0,033;0,919;0,176;0,670;0,975;0,818;0,577;0,486;0,586;0,742;0,129;0,057;0,077;0,619;0,484;0,707;0,653;0,386;0,509;0,598;0,532;0,537;0,128;0,110;0,331}
gen = 0026,avg = 412,027,best = 416,800,chrom = {0,923;0,572;0,622;0,154;0,635;0,534;0,645;0,271;0,430;0,206;0,301;0,033;0,919;0,176;0,670;0,975;0,818;0,577;0,486;0,586;0,742;0,129;0,057;0,077;0,619;0,484;0,707;0,653;0,386;0,509;0,598;0,532;0,537;0,128;0,110;0,331}
gen = 0027,avg = 413,267,best = 416,800,chrom = {0,923;0,572;0,622;0,154;0,635;0,534;0,645;0,271;0,430;0,206;0,301;0,033;0,919;0,176;0,670;0,975;0,818;0,577;0,486;0,586;0,742;0,129;0,057;0,077;0,619;0,484;0,707;0,653;0,386;0,509;0,598;0,532;0,537;0,128;0,110;0,331}
gen = 0028,avg = 415,160,best = 424,000,chrom = {0,923;0,572;0,622;0,154;0,635;0,534;0,645;0,271;0,430;0,206;0,301;0,033;0,919;0,176;0,670;0,975;0,818;0,577;0,486;0,586;0,742;0,129;0,057;0,077;0,619;0,484;0,707;0,653;0,386;0,509;0,598;0,532;0,537;0,128;0,110;0,331}
gen = 0029,avg = 416,053,best = 424,000,chrom = {0,923;0,572;0,622;0,154;0,635;0,534;0,645;0,271;0,430;0,206;0,301;0,033;0,919;0,176;0,670;0,975;0,818;0,577;0,486;0,586;0,742;0,129;0,057;0,077;0,619;0,484;0,707;0,653;0,386;0,509;0,598;0,532;0,537;0,128;0,110;0,331}
gen = 0030,avg = 417,507,best = 424,000,chrom = {0,923;0,572;0,622;0,154;0,635;0,534;0,645;0,271;0,430;0,206;0,301;0,033;0,919;0,176;0,670;0,975;0,818;0,577;0,486;0,586;0,742;0,129;0,057;0,077;0,619;0,484;0,707;0,653;0,386;0,509;0,598;0,532;0,537;0,128;0,110;0,331}
gen = 0031,avg = 418,333,best = 424,000,chrom = {0,923;0,572;0,622;0,154;0,635;0,534;0,645;0,271;0,430;0,206;0,301;0,033;0,919;0,176;0,670;0,975;0,818;0,577;0,486;0,586;0,742;0,129;0,057;0,077;0,619;0,484;0,707;0,653;0,386;0,509;0,598;0,532;0,537;0,128;0,110;0,331}
gen = 0032,avg = 419,133,best = 424,000,chrom = {0,923;0,572;0,622;0,154;0,635;0,534;0,645;0,271;0,430;0,206;0,301;0,033;0,919;0,176;0,670;0,975;0,818;0,577;0,486;0,586;0,742;0,129;0,057;0,077;0,619;0,484;0,707;0,653;0,386;0,509;0,598;0,532;0,537;0,128;0,110;0,331}
gen = 0033,avg = 419,920,best = 424,000,chrom = {0,923;0,572;0,622;0,154;0,635;0,534;0,645;0,271;0,430;0,206;0,301;0,033;0,919;0,176;0,670;0,975;0,818;0,577;0,486;0,586;0,742;0,129;0,057;0,077;0,619;0,484;0,707;0,653;0,386;0,509;0,598;0,532;0,537;0,128;0,110;0,331}
gen = 0034,avg = 420,760,best = 424,000,chrom = {0,923;0,572;0,622;0,154;0,635;0,534;0,645;0,271;0,430;0,206;0,301;0,033;0,919;0,176;0,670;0,975;0,818;0,577;0,486;0,586;0,742;0,129;0,057;0,077;0,619;0,484;0,707;0,653;0,386;0,509;0,598;0,532;0,537;0,128;0,110;0,331}
gen = 0035,avg = 421,280,best = 424,000,chrom = {0,923;0,572;0,622;0,154;0,635;0,534;0,645;0,271;0,430;0,206;0,301;0,033;0,919;0,176;0,670;0,975;0,818;0,577;0,486;0,586;0,742;0,129;0,057;0,077;0,619;0,484;0,707;0,653;0,386;0,509;0,598;0,532;0,537;0,128;0,110;0,331}
gen = 0036,avg = 422,067,best = 424,000,chrom = {0,923;0,572;0,622;0,154;0,635;0,534;0,645;0,271;0,430;0,206;0,301;0,033;0,919;0,176;0,670;0,975;0,818;0,577;0,486;0,586;0,742;0,129;0,057;0,077;0,619;0,484;0,707;0,653;0,386;0,509;0,598;0,532;0,537;0,128;0,110;0,331}
gen = 0037,avg = 422,547,best = 424,000,chrom = {0,923;0,572;0,622;0,154;0,635;0,534;0,645;0,271;0,430;0,206;0,301;0,033;0,919;0,176;0,670;0,975;0,818;0,577;0,486;0,586;0,742;0,129;0,057;0,077;0,619;0,484;0,707;0,653;0,386;0,509;0,598;0,532;0,537;0,128;0,110;0,331}
gen = 0038,avg = 425,360,best = 438,400,chrom = {0,923;0,572;0,622;0,154;0,635;0,534;0,645;0,271;0,430;0,227;0,301;0,033;0,919;0,176;0,670;0,975;0,818;0,398;0,486;0,586;0,742;0,129;0,057;0,077;0,619;0,484;0,707;0,653;0,386;0,935;0,598;0,932;0,537;0,128;0,110;0,002}
gen = 0039,avg = 427,027,best = 438,400,chrom = {0,923;0,572;0,622;0,154;0,635;0,534;0,645;0,271;0,430;0,227;0,301;0,033;0,919;0,176;0,670;0,975;0,818;0,398;0,486;0,586;0,742;0,129;0,057;0,077;0,619;0,484;0,707;0,653;0,386;0,935;0,598;0,932;0,537;0,128;0,110;0,002}
gen = 0040,avg = 429,253,best = 438,800,chrom = {0,923;0,572;0,622;0,083;0,635;0,534;0,645;0,271;0,430;0,227;0,301;0,033;0,919;0,176;0,670;0,975;0,818;0,398;0,486;0,586;0,742;0,129;0,057;0,077;0,619;0,484;0,707;0,653;0,386;0,935;0,598;0,932;0,537;0,128;0,110;0,002}
gen = 0041,avg = 430,240,best = 438,800,chrom = {0,923;0,572;0,622;0,083;0,635;0,534;0,645;0,271;0,430;0,227;0,301;0,033;0,919;0,176;0,670;0,975;0,818;0,398;0,486;0,586;0,742;0,129;0,057;0,077;0,619;0,484;0,707;0,653;0,386;0,935;0,598;0,932;0,537;0,128;0,110;0,002}
gen = 0042,avg = 435,840,best = 457,200,chrom = {0,923;0,572;0,622;0,083;0,635;0,534;0,645;0,271;0,342;0,227;0,301;0,033;0,919;0,176;0,670;0,975;0,818;0,398;0,486;0,586;0,742;0,129;0,001;0,077;0,619;0,484;0,707;0,653;0,386;0,935;0,598;0,932;0,537;0,128;0,110;0,002}
gen = 0043,avg = 439,293,best = 457,200,chrom = {0,923;0,572;0,622;0,083;0,635;0,534;0,645;0,271;0,342;0,227;0,301;0,033;0,919;0,176;0,670;0,975;0,818;0,398;0,486;0,586;0,742;0,129;0,001;0,077;0,619;0,484;0,707;0,653;0,386;0,935;0,598;0,932;0,537;0,128;0,110;0,002}
gen = 0044,avg = 445,067,best = 457,200,chrom = {0,923;0,572;0,622;0,083;0,635;0,534;0,645;0,271;0,342;0,227;0,301;0,033;0,919;0,176;0,670;0,975;0,818;0,398;0,486;0,586;0,742;0,129;0,001;0,077;0,619;0,484;0,707;0,653;0,386;0,935;0,598;0,932;0,537;0,128;0,110;0,002}
gen = 0045,avg = 447,987,best = 457,200,chrom = {0,923;0,572;0,622;0,083;0,635;0,534;0,645;0,271;0,342;0,227;0,301;0,033;0,919;0,176;0,670;0,975;0,818;0,398;0,486;0,586;0,742;0,129;0,001;0,077;0,619;0,484;0,707;0,653;0,386;0,935;0,598;0,932;0,537;0,128;0,110;0,002}
gen = 0046,avg = 450,547,best = 457,200,chrom = {0,923;0,572;0,622;0,083;0,635;0,534;0,645;0,271;0,342;0,227;0,301;0,033;0,919;0,176;0,670;0,975;0,818;0,398;0,486;0,586;0,742;0,129;0,001;0,077;0,619;0,484;0,707;0,653;0,386;0,935;0,598;0,932;0,537;0,128;0,110;0,002}
gen = 0047,avg = 453,040,best = 457,200,chrom = {0,923;0,572;0,622;0,083;0,635;0,534;0,645;0,271;0,342;0,227;0,301;0,033;0,919;0,176;0,670;0,975;0,818;0,398;0,486;0,586;0,742;0,129;0,001;0,077;0,619;0,484;0,707;0,653;0,386;0,935;0,598;0,932;0,537;0,128;0,110;0,002}
gen = 0048,avg = 453,720,best = 457,200,chrom = {0,923;0,572;0,622;0,083;0,635;0,534;0,645;0,271;0,342;0,227;0,301;0,033;0,919;0,176;0,670;0,975;0,818;0,398;0,486;0,586;0,742;0,129;0,001;0,077;0,619;0,484;0,707;0,653;0,386;0,935;0,598;0,932;0,537;0,128;0,110;0,002}
gen = 0049,avg = 454,387,best = 457,200,chrom = {0,923;0,572;0,622;0,083;0,635;0,534;0,645;0,271;0,342;0,227;0,301;0,033;0,919;0,176;0,670;0,975;0,818;0,398;0,486;0,586;0,742;0,129;0,001;0,077;0,619;0,484;0,707;0,653;0,386;0,935;0,598;0,932;0,537;0,128;0,110;0,002}
gen = 0050,avg = 455,013,best = 457,200,chrom = {0,923;0,572;0,622;0,083;0,635;0,534;0,645;0,271;0,342;0,227;0,301;0,033;0,919;0,176;0,670;0,975;0,818;0,398;0,486;0,586;0,742;0,129;0,001;0,077;0,619;0,484;0,707;0,653;0,386;0,935;0,598;0,932;0,537;0,128;0,110;0,002}
Execution Time = 1852,447ms;
