Current parameters
 - debug = true
 - runAutotest = false
 - runChromosome = false
 - runExperiment = true
 - chromosome = null
 - showSheets = false
 - saveRatMap = .
 - numberOfGenerations = 50
 - population = 15
 - numberOfProfiles = 3
 - numberOfInitialAgents = 15
 - numberOfCells = 10
 - numberOfFoodPieces = 10
 - numberOfDays = 1000
 - numberOfExecutions = 5
 - patterns = E:\2_trabajo\doctorado\made\2014\pattern_revenge.txt
 - baseDays = 500
 - baseEnergy = 5
 - baseSmell = 3
 - baseNutrition = 4
 - baseByte = 5
 - baseFur = 5
 - baseAgeToBeAdultFemale = 42
 - baseToBeAdultMale = 49
 - basePregnancyTime = 30
 - help = false
 - seed = 1384137679470

gen = -001,avg = 1,600,best = 1,600,chrom = {0,154;0,629;0,916;0,548;0,822;0,062;0,157;0,224;0,302;0,019;0,319;0,188;0,613;0,051;0,820;0,948;0,297;0,289;0,552;0,273;0,339;0,760;0,113;0,923;0,682;0,884;0,784;0,687;0,393;0,441;0,887;0,153;0,076;0,520;0,990;0,356}
gen = 0000,avg = 61,853,best = 201,200,chrom = {0,826;0,448;0,381;0,586;0,770;0,572;0,719;0,130;0,922;0,019;0,657;0,490;0,724;0,234;0,092;0,484;0,767;0,485;0,050;0,051;0,018;0,115;0,642;0,270;0,839;0,304;0,267;0,486;0,127;0,045;0,336;0,396;0,376;0,486;0,115;0,412}
gen = 0001,avg = 133,480,best = 201,200,chrom = {0,826;0,448;0,381;0,586;0,770;0,572;0,719;0,130;0,922;0,019;0,657;0,490;0,724;0,234;0,092;0,484;0,767;0,485;0,050;0,051;0,018;0,115;0,642;0,270;0,839;0,304;0,267;0,486;0,127;0,045;0,336;0,396;0,376;0,486;0,115;0,412}
gen = 0002,avg = 193,507,best = 213,000,chrom = {0,826;0,448;0,381;0,230;0,261;0,391;0,655;0,211;0,803;0,367;0,059;0,372;0,076;0,657;0,297;0,927;0,767;0,249;0,124;0,435;0,358;0,842;0,834;0,655;0,948;0,365;0,981;0,482;0,658;0,293;0,405;0,790;0,638;0,977;0,835;0,218}
gen = 0003,avg = 213,560,best = 229,000,chrom = {0,826;0,448;0,381;0,586;0,591;0,572;0,719;0,130;0,922;0,019;0,657;0,490;0,724;0,234;0,092;0,484;0,767;0,249;0,124;0,435;0,358;0,842;0,834;0,655;0,948;0,365;0,981;0,482;0,658;0,293;0,405;0,790;0,638;0,977;0,835;0,218}
gen = 0004,avg = 222,627,best = 236,400,chrom = {0,826;0,448;0,381;0,586;0,591;0,572;0,779;0,130;0,922;0,019;0,657;0,490;0,724;0,234;0,092;0,837;0,767;0,485;0,050;0,051;0,018;0,115;0,642;0,270;0,839;0,304;0,400;0,486;0,127;0,045;0,675;0,011;0,376;0,758;0,246;0,251}
gen = 0005,avg = 232,373,best = 237,600,chrom = {0,826;0,448;0,381;0,586;0,591;0,572;0,719;0,130;0,922;0,019;0,657;0,490;0,724;0,234;0,092;0,484;0,767;0,249;0,124;0,435;0,358;0,842;0,834;0,655;0,948;0,365;0,981;0,486;0,232;0,281;0,690;0,835;0,453;0,865;0,830;0,251}
gen = 0006,avg = 239,080,best = 258,400,chrom = {0,826;0,442;0,381;0,586;0,591;0,890;0,970;0,130;0,922;0,019;0,657;0,490;0,442;0,234;0,092;0,484;0,767;0,249;0,124;0,435;0,358;0,842;0,834;0,655;0,948;0,365;0,981;0,486;0,232;0,281;0,690;0,835;0,453;0,865;0,830;0,251}
gen = 0007,avg = 249,933,best = 267,800,chrom = {0,826;0,442;0,381;0,586;0,591;0,890;0,970;0,130;0,922;0,019;0,657;0,490;0,724;0,234;0,092;0,484;0,767;0,249;0,124;0,435;0,358;0,842;0,834;0,655;0,948;0,365;0,981;0,486;0,232;0,281;0,690;0,835;0,453;0,865;0,830;0,251}
gen = 0008,avg = 262,240,best = 275,600,chrom = {0,826;0,442;0,381;0,586;0,591;0,890;0,970;0,130;0,922;0,019;0,657;0,490;0,442;0,234;0,092;0,484;0,767;0,249;0,124;0,435;0,358;0,095;0,834;0,655;0,948;0,365;0,981;0,543;0,232;0,264;0,690;0,835;0,453;0,865;0,830;0,251}
gen = 0009,avg = 267,133,best = 276,600,chrom = {0,826;0,442;0,381;0,586;0,591;0,890;0,970;0,130;0,922;0,019;0,657;0,490;0,442;0,234;0,092;0,484;0,767;0,249;0,124;0,435;0,358;0,842;0,834;0,655;0,948;0,365;0,981;0,486;0,232;0,040;0,690;0,835;0,453;0,865;0,830;0,251}
gen = 0010,avg = 272,040,best = 281,800,chrom = {0,826;0,442;0,381;0,586;0,591;0,890;0,970;0,130;0,922;0,019;0,657;0,490;0,724;0,234;0,092;0,484;0,844;0,249;0,124;0,435;0,358;0,842;0,834;0,655;0,948;0,365;0,981;0,486;0,232;0,281;0,690;0,835;0,453;0,865;0,830;0,251}
gen = 0011,avg = 274,400,best = 281,800,chrom = {0,826;0,442;0,381;0,586;0,591;0,890;0,970;0,130;0,922;0,019;0,657;0,490;0,724;0,234;0,092;0,484;0,844;0,249;0,124;0,435;0,358;0,842;0,834;0,655;0,948;0,365;0,981;0,486;0,232;0,281;0,690;0,835;0,453;0,865;0,830;0,251}
gen = 0012,avg = 277,987,best = 283,800,chrom = {0,826;0,442;0,381;0,586;0,591;0,890;0,970;0,130;0,922;0,019;0,657;0,490;0,442;0,234;0,092;0,484;0,767;0,249;0,124;0,435;0,358;0,095;0,834;0,655;0,948;0,365;0,981;0,543;0,232;0,093;0,690;0,835;0,453;0,897;0,830;0,251}
gen = 0013,avg = 281,400,best = 291,000,chrom = {0,826;0,442;0,381;0,586;0,591;0,792;0,970;0,130;0,922;0,019;0,438;0,490;0,442;0,234;0,045;0,484;0,767;0,009;0,113;0,435;0,358;0,842;0,834;0,655;0,948;0,365;0,889;0,486;0,232;0,040;0,896;0,835;0,453;0,865;0,830;0,251}
gen = 0014,avg = 296,813,best = 368,600,chrom = {0,826;0,442;0,381;0,586;0,856;0,792;0,970;0,130;0,922;0,019;0,438;0,052;0,442;0,234;0,045;0,484;0,767;0,009;0,113;0,435;0,682;0,842;0,019;0,655;0,948;0,365;0,889;0,486;0,232;0,040;0,896;0,835;0,453;0,865;0,830;0,251}
gen = 0015,avg = 309,387,best = 368,600,chrom = {0,826;0,442;0,381;0,586;0,856;0,792;0,970;0,130;0,922;0,019;0,438;0,052;0,442;0,234;0,045;0,484;0,767;0,009;0,113;0,435;0,682;0,842;0,019;0,655;0,948;0,365;0,889;0,486;0,232;0,040;0,896;0,835;0,453;0,865;0,830;0,251}
gen = 0016,avg = 329,240,best = 368,600,chrom = {0,826;0,442;0,381;0,586;0,856;0,792;0,970;0,130;0,922;0,019;0,438;0,052;0,442;0,234;0,045;0,484;0,767;0,009;0,113;0,435;0,682;0,842;0,019;0,655;0,948;0,365;0,889;0,486;0,232;0,040;0,896;0,835;0,453;0,865;0,830;0,251}
gen = 0017,avg = 353,760,best = 368,600,chrom = {0,826;0,442;0,381;0,586;0,856;0,792;0,970;0,130;0,922;0,019;0,438;0,052;0,442;0,234;0,045;0,484;0,767;0,009;0,113;0,435;0,682;0,842;0,019;0,655;0,948;0,365;0,889;0,486;0,232;0,040;0,896;0,835;0,453;0,865;0,830;0,251}
gen = 0018,avg = 361,493,best = 368,600,chrom = {0,826;0,442;0,381;0,586;0,856;0,792;0,970;0,130;0,922;0,019;0,438;0,052;0,442;0,234;0,045;0,484;0,767;0,009;0,113;0,435;0,682;0,842;0,019;0,655;0,948;0,365;0,889;0,486;0,232;0,040;0,896;0,835;0,453;0,865;0,830;0,251}
gen = 0019,avg = 368,147,best = 375,800,chrom = {0,826;0,442;0,545;0,586;0,856;0,801;0,970;0,130;0,922;0,019;0,438;0,052;0,442;0,234;0,045;0,880;0,508;0,009;0,113;0,435;0,825;0,842;0,288;0,655;0,948;0,365;0,889;0,486;0,232;0,040;0,896;0,231;0,119;0,865;0,830;0,251}
gen = 0020,avg = 373,253,best = 395,200,chrom = {0,826;0,442;0,969;0,586;0,856;0,801;0,970;0,130;0,922;0,141;0,006;0,052;0,442;0,234;0,045;0,880;0,508;0,009;0,113;0,435;0,825;0,842;0,327;0,655;0,948;0,365;0,889;0,486;0,232;0,040;0,896;0,231;0,119;0,004;0,830;0,251}
gen = 0021,avg = 379,920,best = 401,000,chrom = {0,826;0,442;0,969;0,586;0,856;0,801;0,970;0,130;0,922;0,141;0,006;0,052;0,442;0,234;0,045;0,880;0,508;0,009;0,113;0,435;0,825;0,842;0,327;0,655;0,948;0,365;0,889;0,486;0,232;0,040;0,896;0,231;0,119;0,004;0,830;0,251}
gen = 0022,avg = 391,053,best = 414,200,chrom = {0,826;0,442;0,969;0,586;0,856;0,801;0,970;0,130;0,922;0,141;0,006;0,052;0,442;0,234;0,045;0,880;0,508;0,009;0,113;0,435;0,825;0,842;0,327;0,655;0,948;0,365;0,889;0,486;0,097;0,040;0,896;0,231;0,119;0,004;0,830;0,251}
gen = 0023,avg = 403,747,best = 417,200,chrom = {0,826;0,442;0,859;0,586;0,856;0,792;0,970;0,130;0,922;0,019;0,041;0,052;0,442;0,234;0,625;0,484;0,767;0,009;0,113;0,435;0,358;0,842;0,834;0,653;0,948;0,365;0,889;0,486;0,052;0,040;0,896;0,532;0,453;0,865;0,830;0,251}
gen = 0024,avg = 409,373,best = 421,400,chrom = {0,826;0,442;0,543;0,586;0,856;0,792;0,970;0,130;0,922;0,019;0,041;0,052;0,442;0,234;0,045;0,484;0,767;0,009;0,113;0,435;0,358;0,842;0,834;0,653;0,948;0,365;0,889;0,486;0,232;0,040;0,896;0,231;0,119;0,004;0,830;0,251}
gen = 0025,avg = 412,960,best = 421,400,chrom = {0,826;0,442;0,543;0,586;0,856;0,792;0,970;0,130;0,922;0,019;0,041;0,052;0,442;0,234;0,045;0,484;0,767;0,009;0,113;0,435;0,358;0,842;0,834;0,653;0,948;0,365;0,889;0,486;0,232;0,040;0,896;0,231;0,119;0,004;0,830;0,251}
gen = 0026,avg = 415,333,best = 422,000,chrom = {0,826;0,442;0,859;0,586;0,856;0,792;0,970;0,130;0,922;0,019;0,041;0,052;0,442;0,234;0,625;0,484;0,767;0,009;0,113;0,435;0,358;0,842;0,834;0,653;0,948;0,365;0,889;0,486;0,052;0,040;0,896;0,231;0,119;0,004;0,830;0,251}
gen = 0027,avg = 420,280,best = 429,800,chrom = {0,826;0,442;0,859;0,586;0,856;0,792;0,970;0,130;0,922;0,019;0,041;0,052;0,442;0,234;0,625;0,484;0,767;0,009;0,113;0,435;0,358;0,842;0,834;0,653;0,948;0,365;0,889;0,486;0,052;0,040;0,896;0,231;0,119;0,004;0,830;0,251}
gen = 0028,avg = 422,147,best = 429,800,chrom = {0,826;0,442;0,859;0,586;0,856;0,792;0,970;0,130;0,922;0,019;0,041;0,052;0,442;0,234;0,625;0,484;0,767;0,009;0,113;0,435;0,358;0,842;0,834;0,653;0,948;0,365;0,889;0,486;0,052;0,040;0,896;0,231;0,119;0,004;0,830;0,251}
gen = 0029,avg = 426,813,best = 439,200,chrom = {0,826;0,720;0,859;0,586;0,902;0,792;0,970;0,130;0,922;0,019;0,041;0,052;0,013;0,234;0,625;0,484;0,767;0,009;0,113;0,435;0,358;0,842;0,834;0,653;0,948;0,365;0,889;0,486;0,052;0,040;0,896;0,231;0,119;0,004;0,009;0,251}
gen = 0030,avg = 428,267,best = 439,200,chrom = {0,826;0,720;0,859;0,586;0,902;0,792;0,970;0,130;0,922;0,019;0,041;0,052;0,013;0,234;0,625;0,484;0,767;0,009;0,113;0,435;0,358;0,842;0,834;0,653;0,948;0,365;0,889;0,486;0,052;0,040;0,896;0,231;0,119;0,004;0,009;0,251}
gen = 0031,avg = 429,453,best = 439,200,chrom = {0,826;0,720;0,859;0,586;0,902;0,792;0,970;0,130;0,922;0,019;0,041;0,052;0,013;0,234;0,625;0,484;0,767;0,009;0,113;0,435;0,358;0,842;0,834;0,653;0,948;0,365;0,889;0,486;0,052;0,040;0,896;0,231;0,119;0,004;0,009;0,251}
gen = 0032,avg = 431,387,best = 439,200,chrom = {0,826;0,720;0,859;0,586;0,902;0,792;0,970;0,130;0,922;0,019;0,041;0,052;0,013;0,234;0,625;0,484;0,767;0,009;0,113;0,435;0,358;0,842;0,834;0,653;0,948;0,365;0,889;0,486;0,052;0,040;0,896;0,231;0,119;0,004;0,009;0,251}
gen = 0033,avg = 434,627,best = 441,000,chrom = {0,826;0,442;0,859;0,586;0,856;0,792;0,970;0,130;0,922;0,019;0,041;0,052;0,442;0,234;0,625;0,484;0,767;0,009;0,113;0,435;0,358;0,842;0,834;0,653;0,948;0,365;0,889;0,486;0,052;0,040;0,896;0,231;0,119;0,004;0,009;0,251}
gen = 0034,avg = 435,773,best = 441,000,chrom = {0,826;0,442;0,859;0,586;0,856;0,792;0,970;0,130;0,922;0,019;0,041;0,052;0,442;0,234;0,625;0,484;0,767;0,009;0,113;0,435;0,358;0,842;0,834;0,653;0,948;0,365;0,889;0,486;0,052;0,040;0,896;0,231;0,119;0,004;0,009;0,251}
gen = 0035,avg = 436,520,best = 441,000,chrom = {0,826;0,442;0,859;0,586;0,856;0,792;0,970;0,130;0,922;0,019;0,041;0,052;0,442;0,234;0,625;0,484;0,767;0,009;0,113;0,435;0,358;0,842;0,834;0,653;0,948;0,365;0,889;0,486;0,052;0,040;0,896;0,231;0,119;0,004;0,009;0,251}
gen = 0036,avg = 437,267,best = 441,000,chrom = {0,826;0,442;0,859;0,586;0,856;0,792;0,970;0,130;0,922;0,019;0,041;0,052;0,442;0,234;0,625;0,484;0,767;0,009;0,113;0,435;0,358;0,842;0,834;0,653;0,948;0,365;0,889;0,486;0,052;0,040;0,896;0,231;0,119;0,004;0,009;0,251}
gen = 0037,avg = 438,027,best = 441,000,chrom = {0,826;0,442;0,859;0,586;0,856;0,792;0,970;0,130;0,922;0,019;0,041;0,052;0,442;0,234;0,625;0,484;0,767;0,009;0,113;0,435;0,358;0,842;0,834;0,653;0,948;0,365;0,889;0,486;0,052;0,040;0,896;0,231;0,119;0,004;0,009;0,251}
gen = 0038,avg = 438,747,best = 441,000,chrom = {0,826;0,442;0,859;0,586;0,856;0,792;0,970;0,130;0,922;0,019;0,041;0,052;0,442;0,234;0,625;0,484;0,767;0,009;0,113;0,435;0,358;0,842;0,834;0,653;0,948;0,365;0,889;0,486;0,052;0,040;0,896;0,231;0,119;0,004;0,009;0,251}
gen = 0039,avg = 439,800,best = 441,000,chrom = {0,826;0,442;0,859;0,586;0,856;0,792;0,970;0,130;0,922;0,019;0,041;0,052;0,442;0,234;0,625;0,484;0,767;0,009;0,113;0,435;0,358;0,842;0,834;0,653;0,948;0,365;0,889;0,486;0,052;0,040;0,896;0,231;0,119;0,004;0,009;0,251}
gen = 0040,avg = 440,360,best = 441,000,chrom = {0,826;0,442;0,859;0,586;0,856;0,792;0,970;0,130;0,922;0,019;0,041;0,052;0,442;0,234;0,625;0,484;0,767;0,009;0,113;0,435;0,358;0,842;0,834;0,653;0,948;0,365;0,889;0,486;0,052;0,040;0,896;0,231;0,119;0,004;0,009;0,251}
gen = 0041,avg = 440,507,best = 441,000,chrom = {0,826;0,442;0,859;0,586;0,856;0,792;0,970;0,130;0,922;0,019;0,041;0,052;0,442;0,234;0,625;0,484;0,767;0,009;0,113;0,435;0,358;0,842;0,834;0,653;0,948;0,365;0,889;0,486;0,052;0,040;0,896;0,231;0,119;0,004;0,009;0,251}
gen = 0042,avg = 440,627,best = 441,000,chrom = {0,826;0,442;0,859;0,586;0,856;0,792;0,970;0,130;0,922;0,019;0,041;0,052;0,442;0,234;0,625;0,484;0,767;0,009;0,113;0,435;0,358;0,842;0,834;0,653;0,948;0,365;0,889;0,486;0,052;0,040;0,896;0,231;0,119;0,004;0,009;0,251}
gen = 0043,avg = 440,747,best = 441,000,chrom = {0,826;0,442;0,859;0,586;0,856;0,792;0,970;0,130;0,922;0,019;0,041;0,052;0,442;0,234;0,625;0,484;0,767;0,009;0,113;0,435;0,358;0,842;0,834;0,653;0,948;0,365;0,889;0,486;0,052;0,040;0,896;0,231;0,119;0,004;0,009;0,251}
gen = 0044,avg = 440,867,best = 441,000,chrom = {0,826;0,442;0,859;0,586;0,856;0,792;0,970;0,130;0,922;0,019;0,041;0,052;0,442;0,234;0,625;0,484;0,767;0,009;0,113;0,435;0,358;0,842;0,834;0,653;0,948;0,365;0,889;0,486;0,052;0,040;0,896;0,231;0,119;0,004;0,009;0,251}
gen = 0045,avg = 440,960,best = 441,000,chrom = {0,826;0,442;0,859;0,586;0,856;0,792;0,970;0,130;0,922;0,019;0,041;0,052;0,442;0,234;0,625;0,484;0,767;0,009;0,113;0,435;0,358;0,842;0,834;0,653;0,948;0,365;0,889;0,486;0,052;0,040;0,896;0,231;0,119;0,004;0,009;0,251}
gen = 0046,avg = 441,000,best = 441,000,chrom = {0,826;0,442;0,859;0,586;0,856;0,792;0,970;0,130;0,922;0,019;0,041;0,052;0,442;0,234;0,625;0,484;0,767;0,009;0,113;0,435;0,358;0,842;0,834;0,653;0,948;0,365;0,889;0,486;0,052;0,040;0,896;0,231;0,119;0,004;0,009;0,251}
gen = 0047,avg = 441,000,best = 441,000,chrom = {0,826;0,442;0,859;0,586;0,856;0,792;0,970;0,130;0,922;0,019;0,041;0,052;0,442;0,234;0,625;0,484;0,767;0,009;0,113;0,435;0,358;0,842;0,834;0,653;0,948;0,365;0,889;0,486;0,052;0,040;0,896;0,231;0,119;0,004;0,009;0,251}
gen = 0048,avg = 441,000,best = 441,000,chrom = {0,826;0,442;0,859;0,586;0,856;0,792;0,970;0,130;0,922;0,019;0,041;0,052;0,442;0,234;0,625;0,484;0,767;0,009;0,113;0,435;0,358;0,842;0,834;0,653;0,948;0,365;0,889;0,486;0,052;0,040;0,896;0,231;0,119;0,004;0,009;0,251}
gen = 0049,avg = 441,000,best = 441,000,chrom = {0,826;0,442;0,859;0,586;0,856;0,792;0,970;0,130;0,922;0,019;0,041;0,052;0,442;0,234;0,625;0,484;0,767;0,009;0,113;0,435;0,358;0,842;0,834;0,653;0,948;0,365;0,889;0,486;0,052;0,040;0,896;0,231;0,119;0,004;0,009;0,251}
gen = 0050,avg = 441,000,best = 441,000,chrom = {0,826;0,442;0,859;0,586;0,856;0,792;0,970;0,130;0,922;0,019;0,041;0,052;0,442;0,234;0,625;0,484;0,767;0,009;0,113;0,435;0,358;0,842;0,834;0,653;0,948;0,365;0,889;0,486;0,052;0,040;0,896;0,231;0,119;0,004;0,009;0,251}
Execution Time = 2351,222ms;
