Current parameters
 - debug = true
 - runAutotest = false
 - runChromosome = false
 - runExperiment = true
 - chromosome = null
 - showSheets = false
 - saveRatMap = .
 - numberOfGenerations = 50
 - population = 15
 - numberOfProfiles = 4
 - numberOfInitialAgents = 15
 - numberOfCells = 10
 - numberOfFoodPieces = 10
 - numberOfDays = 1000
 - numberOfExecutions = 5
 - patterns = E:\2_trabajo\doctorado\made\2014\pattern_revenge.txt
 - baseDays = 500
 - baseEnergy = 5
 - baseSmell = 3
 - baseNutrition = 4
 - baseByte = 5
 - baseFur = 5
 - baseAgeToBeAdultFemale = 42
 - baseToBeAdultMale = 49
 - basePregnancyTime = 30
 - help = false
 - seed = 1384153434735

gen = -001,avg = 52,200,best = 52,200,chrom = {0,906;0,669;0,229;0,704;0,451;0,701;0,881;0,814;0,672;0,414;0,312;0,892;0,991;0,008;0,015;0,409;0,132;0,375;0,609;0,223;0,680;0,266;0,201;0,004;0,147;0,597;0,025;0,273;0,201;0,559;0,879;0,200;0,747;0,804;0,617;0,298;0,275;0,587;0,039;0,688;0,524;0,459;0,800;0,639;0,798;0,741;0,627;0,725}
gen = 0000,avg = 47,707,best = 212,000,chrom = {0,422;0,669;0,816;0,485;0,191;0,551;0,432;0,661;0,005;0,664;0,287;0,833;0,773;0,477;0,123;0,424;0,691;0,410;0,803;0,879;0,216;0,518;0,413;0,144;0,960;0,596;0,969;0,837;0,761;0,715;0,362;0,107;0,203;0,808;0,884;0,149;0,614;0,531;0,763;0,910;0,161;0,322;0,447;0,529;0,983;0,260;0,986;0,678}
gen = 0001,avg = 130,573,best = 263,400,chrom = {0,878;0,489;0,419;0,126;0,040;0,786;0,972;0,346;0,649;0,230;0,364;0,070;0,123;0,181;0,425;0,377;0,547;0,008;0,293;0,433;0,420;0,751;0,471;0,960;0,410;0,202;0,096;0,989;0,340;0,131;0,296;0,960;0,530;0,145;0,031;0,093;0,300;0,093;0,427;0,401;0,129;0,885;0,375;0,667;0,572;0,867;0,905;0,638}
gen = 0002,avg = 235,027,best = 263,400,chrom = {0,878;0,489;0,419;0,126;0,040;0,786;0,972;0,346;0,649;0,230;0,364;0,070;0,123;0,181;0,425;0,377;0,547;0,008;0,293;0,433;0,420;0,751;0,471;0,960;0,410;0,202;0,096;0,989;0,340;0,131;0,296;0,960;0,530;0,145;0,031;0,093;0,300;0,093;0,427;0,401;0,129;0,885;0,375;0,667;0,572;0,867;0,905;0,638}
gen = 0003,avg = 257,187,best = 278,400,chrom = {0,878;0,489;0,419;0,126;0,040;0,786;0,972;0,346;0,649;0,230;0,364;0,070;0,123;0,181;0,425;0,377;0,547;0,008;0,293;0,433;0,420;0,751;0,471;0,960;0,410;0,202;0,096;0,989;0,340;0,131;0,296;0,960;0,530;0,808;0,884;0,149;0,614;0,531;0,763;0,910;0,161;0,322;0,447;0,529;0,983;0,260;0,986;0,678}
gen = 0004,avg = 264,187,best = 278,400,chrom = {0,878;0,489;0,419;0,126;0,040;0,786;0,972;0,346;0,649;0,230;0,364;0,070;0,123;0,181;0,425;0,377;0,547;0,008;0,293;0,433;0,420;0,751;0,471;0,960;0,410;0,202;0,096;0,989;0,340;0,131;0,296;0,960;0,530;0,808;0,884;0,149;0,614;0,531;0,763;0,910;0,161;0,322;0,447;0,529;0,983;0,260;0,986;0,678}
gen = 0005,avg = 271,067,best = 278,400,chrom = {0,878;0,489;0,419;0,126;0,040;0,786;0,972;0,346;0,649;0,230;0,364;0,070;0,123;0,181;0,425;0,377;0,547;0,008;0,293;0,433;0,420;0,751;0,471;0,960;0,410;0,202;0,096;0,989;0,340;0,131;0,296;0,960;0,530;0,808;0,884;0,149;0,614;0,531;0,763;0,910;0,161;0,322;0,447;0,529;0,983;0,260;0,986;0,678}
gen = 0006,avg = 274,120,best = 278,400,chrom = {0,878;0,489;0,419;0,126;0,040;0,786;0,972;0,346;0,649;0,230;0,364;0,070;0,123;0,181;0,425;0,377;0,547;0,008;0,293;0,433;0,420;0,751;0,471;0,960;0,410;0,202;0,096;0,989;0,340;0,131;0,296;0,960;0,530;0,808;0,884;0,149;0,614;0,531;0,763;0,910;0,161;0,322;0,447;0,529;0,983;0,260;0,986;0,678}
gen = 0007,avg = 277,160,best = 286,000,chrom = {0,878;0,489;0,419;0,126;0,040;0,786;0,972;0,343;0,649;0,230;0,364;0,070;0,123;0,181;0,425;0,377;0,547;0,008;0,293;0,128;0,420;0,661;0,471;0,960;0,410;0,202;0,096;0,989;0,824;0,131;0,296;0,960;0,530;0,808;0,884;0,149;0,614;0,531;0,763;0,910;0,161;0,322;0,447;0,529;0,983;0,260;0,986;0,678}
gen = 0008,avg = 279,453,best = 286,000,chrom = {0,878;0,489;0,419;0,126;0,040;0,786;0,972;0,343;0,649;0,230;0,364;0,070;0,123;0,181;0,425;0,377;0,547;0,008;0,293;0,128;0,420;0,661;0,471;0,960;0,410;0,202;0,096;0,989;0,824;0,131;0,296;0,960;0,530;0,808;0,884;0,149;0,614;0,531;0,763;0,910;0,161;0,322;0,447;0,529;0,983;0,260;0,986;0,678}
gen = 0009,avg = 281,720,best = 289,200,chrom = {0,878;0,489;0,419;0,126;0,040;0,786;0,976;0,346;0,649;0,230;0,364;0,070;0,123;0,181;0,481;0,377;0,547;0,008;0,293;0,433;0,420;0,751;0,471;0,960;0,410;0,202;0,096;0,989;0,340;0,131;0,296;0,960;0,530;0,808;0,884;0,149;0,614;0,531;0,763;0,910;0,161;0,322;0,447;0,529;0,983;0,841;0,986;0,678}
gen = 0010,avg = 283,120,best = 289,200,chrom = {0,878;0,489;0,419;0,126;0,040;0,786;0,976;0,346;0,649;0,230;0,364;0,070;0,123;0,181;0,481;0,377;0,547;0,008;0,293;0,433;0,420;0,751;0,471;0,960;0,410;0,202;0,096;0,989;0,340;0,131;0,296;0,960;0,530;0,808;0,884;0,149;0,614;0,531;0,763;0,910;0,161;0,322;0,447;0,529;0,983;0,841;0,986;0,678}
gen = 0011,avg = 283,907,best = 289,200,chrom = {0,878;0,489;0,419;0,126;0,040;0,786;0,976;0,346;0,649;0,230;0,364;0,070;0,123;0,181;0,481;0,377;0,547;0,008;0,293;0,433;0,420;0,751;0,471;0,960;0,410;0,202;0,096;0,989;0,340;0,131;0,296;0,960;0,530;0,808;0,884;0,149;0,614;0,531;0,763;0,910;0,161;0,322;0,447;0,529;0,983;0,841;0,986;0,678}
gen = 0012,avg = 285,587,best = 289,200,chrom = {0,878;0,489;0,419;0,126;0,040;0,786;0,976;0,346;0,649;0,230;0,364;0,070;0,123;0,181;0,481;0,377;0,547;0,008;0,293;0,433;0,420;0,751;0,471;0,960;0,410;0,202;0,096;0,989;0,340;0,131;0,296;0,960;0,530;0,808;0,884;0,149;0,614;0,531;0,763;0,910;0,161;0,322;0,447;0,529;0,983;0,841;0,986;0,678}
gen = 0013,avg = 290,320,best = 315,600,chrom = {0,878;0,489;0,797;0,126;0,040;0,786;0,976;0,346;0,649;0,230;0,230;0,070;0,123;0,181;0,481;0,377;0,547;0,008;0,293;0,433;0,420;0,751;0,471;0,960;0,410;0,202;0,096;0,989;0,340;0,131;0,296;0,960;0,530;0,808;0,884;0,149;0,614;0,531;0,763;0,910;0,161;0,322;0,447;0,529;0,983;0,841;0,986;0,010}
gen = 0014,avg = 295,173,best = 315,600,chrom = {0,878;0,489;0,797;0,126;0,040;0,786;0,976;0,346;0,649;0,230;0,230;0,070;0,123;0,181;0,481;0,377;0,547;0,008;0,293;0,433;0,420;0,751;0,471;0,960;0,410;0,202;0,096;0,989;0,340;0,131;0,296;0,960;0,530;0,808;0,884;0,149;0,614;0,531;0,763;0,910;0,161;0,322;0,447;0,529;0,983;0,841;0,986;0,010}
gen = 0015,avg = 302,080,best = 326,000,chrom = {0,878;0,489;0,797;0,126;0,040;0,908;0,976;0,346;0,649;0,230;0,230;0,070;0,123;0,181;0,481;0,166;0,547;0,008;0,293;0,299;0,420;0,751;0,471;0,960;0,253;0,202;0,096;0,631;0,340;0,131;0,296;0,960;0,530;0,808;0,884;0,149;0,614;0,531;0,763;0,910;0,161;0,322;0,447;0,529;0,983;0,841;0,986;0,010}
gen = 0016,avg = 308,840,best = 326,000,chrom = {0,878;0,489;0,797;0,126;0,040;0,908;0,976;0,346;0,649;0,230;0,230;0,070;0,123;0,181;0,481;0,166;0,547;0,008;0,293;0,299;0,420;0,751;0,471;0,960;0,253;0,202;0,096;0,631;0,340;0,131;0,296;0,960;0,530;0,808;0,884;0,149;0,614;0,531;0,763;0,910;0,161;0,322;0,447;0,529;0,983;0,841;0,986;0,010}
gen = 0017,avg = 317,307,best = 326,000,chrom = {0,878;0,489;0,797;0,126;0,040;0,908;0,976;0,346;0,649;0,230;0,230;0,070;0,123;0,181;0,481;0,166;0,547;0,008;0,293;0,299;0,420;0,751;0,471;0,960;0,253;0,202;0,096;0,631;0,340;0,131;0,296;0,960;0,530;0,808;0,884;0,149;0,614;0,531;0,763;0,910;0,161;0,322;0,447;0,529;0,983;0,841;0,986;0,010}
gen = 0018,avg = 320,493,best = 326,000,chrom = {0,878;0,489;0,797;0,126;0,040;0,908;0,976;0,346;0,649;0,230;0,230;0,070;0,123;0,181;0,481;0,166;0,547;0,008;0,293;0,299;0,420;0,751;0,471;0,960;0,253;0,202;0,096;0,631;0,340;0,131;0,296;0,960;0,530;0,808;0,884;0,149;0,614;0,531;0,763;0,910;0,161;0,322;0,447;0,529;0,983;0,841;0,986;0,010}
gen = 0019,avg = 325,173,best = 343,800,chrom = {0,878;0,489;0,797;0,126;0,040;0,908;0,976;0,346;0,649;0,003;0,230;0,070;0,123;0,181;0,481;0,377;0,547;0,008;0,293;0,433;0,420;0,751;0,471;0,960;0,410;0,202;0,096;0,989;0,340;0,131;0,296;0,960;0,530;0,808;0,884;0,149;0,614;0,531;0,763;0,910;0,161;0,322;0,447;0,529;0,983;0,841;0,986;0,010}
gen = 0020,avg = 328,027,best = 343,800,chrom = {0,878;0,489;0,797;0,126;0,040;0,908;0,976;0,346;0,649;0,003;0,230;0,070;0,123;0,181;0,481;0,377;0,547;0,008;0,293;0,433;0,420;0,751;0,471;0,960;0,410;0,202;0,096;0,989;0,340;0,131;0,296;0,960;0,530;0,808;0,884;0,149;0,614;0,531;0,763;0,910;0,161;0,322;0,447;0,529;0,983;0,841;0,986;0,010}
gen = 0021,avg = 333,267,best = 343,800,chrom = {0,878;0,489;0,797;0,126;0,040;0,908;0,976;0,346;0,649;0,003;0,230;0,070;0,123;0,181;0,481;0,377;0,547;0,008;0,293;0,433;0,420;0,751;0,471;0,960;0,410;0,202;0,096;0,989;0,340;0,131;0,296;0,960;0,530;0,808;0,884;0,149;0,614;0,531;0,763;0,910;0,161;0,322;0,447;0,529;0,983;0,841;0,986;0,010}
gen = 0022,avg = 338,133,best = 350,600,chrom = {0,878;0,489;0,797;0,126;0,040;0,908;0,908;0,346;0,649;0,003;0,230;0,070;0,123;0,181;0,481;0,402;0,547;0,008;0,293;0,433;0,420;0,751;0,471;0,960;0,253;0,202;0,096;0,631;0,340;0,131;0,296;0,960;0,530;0,808;0,884;0,149;0,614;0,531;0,763;0,910;0,161;0,322;0,447;0,529;0,983;0,841;0,986;0,010}
gen = 0023,avg = 342,307,best = 350,600,chrom = {0,878;0,489;0,797;0,126;0,040;0,908;0,908;0,346;0,649;0,003;0,230;0,070;0,123;0,181;0,481;0,402;0,547;0,008;0,293;0,433;0,420;0,751;0,471;0,960;0,253;0,202;0,096;0,631;0,340;0,131;0,296;0,960;0,530;0,808;0,884;0,149;0,614;0,531;0,763;0,910;0,161;0,322;0,447;0,529;0,983;0,841;0,986;0,010}
gen = 0024,avg = 343,680,best = 350,600,chrom = {0,878;0,489;0,797;0,126;0,040;0,908;0,908;0,346;0,649;0,003;0,230;0,070;0,123;0,181;0,481;0,402;0,547;0,008;0,293;0,433;0,420;0,751;0,471;0,960;0,253;0,202;0,096;0,631;0,340;0,131;0,296;0,960;0,530;0,808;0,884;0,149;0,614;0,531;0,763;0,910;0,161;0,322;0,447;0,529;0,983;0,841;0,986;0,010}
gen = 0025,avg = 347,707,best = 365,800,chrom = {0,878;0,489;0,797;0,126;0,040;0,908;0,976;0,346;0,649;0,003;0,230;0,070;0,123;0,181;0,481;0,377;0,547;0,008;0,293;0,433;0,420;0,265;0,471;0,960;0,410;0,202;0,096;0,989;0,340;0,131;0,296;0,960;0,530;0,808;0,884;0,149;0,614;0,531;0,763;0,910;0,161;0,322;0,447;0,529;0,983;0,841;0,986;0,010}
gen = 0026,avg = 350,680,best = 365,800,chrom = {0,878;0,489;0,797;0,126;0,040;0,908;0,976;0,346;0,649;0,003;0,230;0,070;0,123;0,181;0,481;0,377;0,547;0,008;0,293;0,433;0,420;0,265;0,471;0,960;0,410;0,202;0,096;0,989;0,340;0,131;0,296;0,960;0,530;0,808;0,884;0,149;0,614;0,531;0,763;0,910;0,161;0,322;0,447;0,529;0,983;0,841;0,986;0,010}
gen = 0027,avg = 354,147,best = 365,800,chrom = {0,878;0,489;0,797;0,126;0,040;0,908;0,976;0,346;0,649;0,003;0,230;0,070;0,123;0,181;0,481;0,377;0,547;0,008;0,293;0,433;0,420;0,265;0,471;0,960;0,410;0,202;0,096;0,989;0,340;0,131;0,296;0,960;0,530;0,808;0,884;0,149;0,614;0,531;0,763;0,910;0,161;0,322;0,447;0,529;0,983;0,841;0,986;0,010}
gen = 0028,avg = 356,893,best = 365,800,chrom = {0,878;0,489;0,797;0,126;0,040;0,908;0,976;0,346;0,649;0,003;0,230;0,070;0,123;0,181;0,481;0,377;0,547;0,008;0,293;0,433;0,420;0,265;0,471;0,960;0,410;0,202;0,096;0,989;0,340;0,131;0,296;0,960;0,530;0,808;0,884;0,149;0,614;0,531;0,763;0,910;0,161;0,322;0,447;0,529;0,983;0,841;0,986;0,010}
gen = 0029,avg = 358,653,best = 365,800,chrom = {0,878;0,489;0,797;0,126;0,040;0,908;0,976;0,346;0,649;0,003;0,230;0,070;0,123;0,181;0,481;0,377;0,547;0,008;0,293;0,433;0,420;0,265;0,471;0,960;0,410;0,202;0,096;0,989;0,340;0,131;0,296;0,960;0,530;0,808;0,884;0,149;0,614;0,531;0,763;0,910;0,161;0,322;0,447;0,529;0,983;0,841;0,986;0,010}
gen = 0030,avg = 360,200,best = 365,800,chrom = {0,878;0,489;0,797;0,126;0,040;0,908;0,976;0,346;0,649;0,003;0,230;0,070;0,123;0,181;0,481;0,377;0,547;0,008;0,293;0,433;0,420;0,265;0,471;0,960;0,410;0,202;0,096;0,989;0,340;0,131;0,296;0,960;0,530;0,808;0,884;0,149;0,614;0,531;0,763;0,910;0,161;0,322;0,447;0,529;0,983;0,841;0,986;0,010}
gen = 0031,avg = 362,307,best = 365,800,chrom = {0,878;0,489;0,797;0,126;0,040;0,908;0,976;0,346;0,649;0,003;0,230;0,070;0,123;0,181;0,481;0,377;0,547;0,008;0,293;0,433;0,420;0,265;0,471;0,960;0,410;0,202;0,096;0,989;0,340;0,131;0,296;0,960;0,530;0,808;0,884;0,149;0,614;0,531;0,763;0,910;0,161;0,322;0,447;0,529;0,983;0,841;0,986;0,010}
gen = 0032,avg = 363,040,best = 365,800,chrom = {0,878;0,489;0,797;0,126;0,040;0,908;0,976;0,346;0,649;0,003;0,230;0,070;0,123;0,181;0,481;0,377;0,547;0,008;0,293;0,433;0,420;0,265;0,471;0,960;0,410;0,202;0,096;0,989;0,340;0,131;0,296;0,960;0,530;0,808;0,884;0,149;0,614;0,531;0,763;0,910;0,161;0,322;0,447;0,529;0,983;0,841;0,986;0,010}
gen = 0033,avg = 363,787,best = 365,800,chrom = {0,878;0,489;0,797;0,126;0,040;0,908;0,976;0,346;0,649;0,003;0,230;0,070;0,123;0,181;0,481;0,377;0,547;0,008;0,293;0,433;0,420;0,265;0,471;0,960;0,410;0,202;0,096;0,989;0,340;0,131;0,296;0,960;0,530;0,808;0,884;0,149;0,614;0,531;0,763;0,910;0,161;0,322;0,447;0,529;0,983;0,841;0,986;0,010}
gen = 0034,avg = 364,640,best = 365,800,chrom = {0,878;0,489;0,797;0,126;0,040;0,908;0,976;0,346;0,649;0,003;0,230;0,070;0,123;0,181;0,481;0,377;0,547;0,008;0,293;0,433;0,420;0,265;0,471;0,960;0,410;0,202;0,096;0,989;0,340;0,131;0,296;0,960;0,530;0,808;0,884;0,149;0,614;0,531;0,763;0,910;0,161;0,322;0,447;0,529;0,983;0,841;0,986;0,010}
gen = 0035,avg = 365,040,best = 365,800,chrom = {0,878;0,489;0,797;0,126;0,040;0,908;0,976;0,346;0,649;0,003;0,230;0,070;0,123;0,181;0,481;0,377;0,547;0,008;0,293;0,433;0,420;0,265;0,471;0,960;0,410;0,202;0,096;0,989;0,340;0,131;0,296;0,960;0,530;0,808;0,884;0,149;0,614;0,531;0,763;0,910;0,161;0,322;0,447;0,529;0,983;0,841;0,986;0,010}
gen = 0036,avg = 365,533,best = 365,800,chrom = {0,878;0,489;0,797;0,126;0,040;0,908;0,976;0,346;0,649;0,003;0,230;0,070;0,123;0,181;0,481;0,377;0,547;0,008;0,293;0,433;0,420;0,265;0,471;0,960;0,410;0,202;0,096;0,989;0,340;0,131;0,296;0,960;0,530;0,808;0,884;0,149;0,614;0,531;0,763;0,910;0,161;0,322;0,447;0,529;0,983;0,841;0,986;0,010}
gen = 0037,avg = 365,720,best = 365,800,chrom = {0,878;0,489;0,797;0,126;0,040;0,908;0,976;0,346;0,649;0,003;0,230;0,070;0,123;0,181;0,481;0,377;0,547;0,008;0,293;0,433;0,420;0,265;0,471;0,960;0,410;0,202;0,096;0,989;0,340;0,131;0,296;0,960;0,530;0,808;0,884;0,149;0,614;0,531;0,763;0,910;0,161;0,322;0,447;0,529;0,983;0,841;0,986;0,010}
gen = 0038,avg = 365,800,best = 365,800,chrom = {0,878;0,489;0,797;0,126;0,040;0,908;0,976;0,346;0,649;0,003;0,230;0,070;0,123;0,181;0,481;0,377;0,547;0,008;0,293;0,433;0,420;0,265;0,471;0,960;0,410;0,202;0,096;0,989;0,340;0,131;0,296;0,960;0,530;0,808;0,884;0,149;0,614;0,531;0,763;0,910;0,161;0,322;0,447;0,529;0,983;0,841;0,986;0,010}
gen = 0039,avg = 366,627,best = 372,000,chrom = {0,878;0,489;0,797;0,126;0,734;0,908;0,976;0,346;0,649;0,003;0,230;0,070;0,123;0,181;0,481;0,377;0,547;0,008;0,293;0,433;0,420;0,265;0,471;0,960;0,410;0,832;0,096;0,989;0,340;0,131;0,296;0,960;0,530;0,808;0,884;0,149;0,614;0,531;0,763;0,910;0,161;0,322;0,447;0,529;0,983;0,841;0,986;0,010}
gen = 0040,avg = 367,040,best = 372,000,chrom = {0,878;0,489;0,797;0,126;0,734;0,908;0,976;0,346;0,649;0,003;0,230;0,070;0,123;0,181;0,481;0,377;0,547;0,008;0,293;0,433;0,420;0,265;0,471;0,960;0,410;0,832;0,096;0,989;0,340;0,131;0,296;0,960;0,530;0,808;0,884;0,149;0,614;0,531;0,763;0,910;0,161;0,322;0,447;0,529;0,983;0,841;0,986;0,010}
gen = 0041,avg = 367,453,best = 372,000,chrom = {0,878;0,489;0,797;0,126;0,734;0,908;0,976;0,346;0,649;0,003;0,230;0,070;0,123;0,181;0,481;0,377;0,547;0,008;0,293;0,433;0,420;0,265;0,471;0,960;0,410;0,832;0,096;0,989;0,340;0,131;0,296;0,960;0,530;0,808;0,884;0,149;0,614;0,531;0,763;0,910;0,161;0,322;0,447;0,529;0,983;0,841;0,986;0,010}
gen = 0042,avg = 367,867,best = 372,000,chrom = {0,878;0,489;0,797;0,126;0,734;0,908;0,976;0,346;0,649;0,003;0,230;0,070;0,123;0,181;0,481;0,377;0,547;0,008;0,293;0,433;0,420;0,265;0,471;0,960;0,410;0,832;0,096;0,989;0,340;0,131;0,296;0,960;0,530;0,808;0,884;0,149;0,614;0,531;0,763;0,910;0,161;0,322;0,447;0,529;0,983;0,841;0,986;0,010}
gen = 0043,avg = 368,280,best = 372,000,chrom = {0,878;0,489;0,797;0,126;0,734;0,908;0,976;0,346;0,649;0,003;0,230;0,070;0,123;0,181;0,481;0,377;0,547;0,008;0,293;0,433;0,420;0,265;0,471;0,960;0,410;0,832;0,096;0,989;0,340;0,131;0,296;0,960;0,530;0,808;0,884;0,149;0,614;0,531;0,763;0,910;0,161;0,322;0,447;0,529;0,983;0,841;0,986;0,010}
gen = 0044,avg = 368,693,best = 372,000,chrom = {0,878;0,489;0,797;0,126;0,734;0,908;0,976;0,346;0,649;0,003;0,230;0,070;0,123;0,181;0,481;0,377;0,547;0,008;0,293;0,433;0,420;0,265;0,471;0,960;0,410;0,832;0,096;0,989;0,340;0,131;0,296;0,960;0,530;0,808;0,884;0,149;0,614;0,531;0,763;0,910;0,161;0,322;0,447;0,529;0,983;0,841;0,986;0,010}
gen = 0045,avg = 369,107,best = 372,000,chrom = {0,878;0,489;0,797;0,126;0,734;0,908;0,976;0,346;0,649;0,003;0,230;0,070;0,123;0,181;0,481;0,377;0,547;0,008;0,293;0,433;0,420;0,265;0,471;0,960;0,410;0,832;0,096;0,989;0,340;0,131;0,296;0,960;0,530;0,808;0,884;0,149;0,614;0,531;0,763;0,910;0,161;0,322;0,447;0,529;0,983;0,841;0,986;0,010}
gen = 0046,avg = 369,520,best = 372,000,chrom = {0,878;0,489;0,797;0,126;0,734;0,908;0,976;0,346;0,649;0,003;0,230;0,070;0,123;0,181;0,481;0,377;0,547;0,008;0,293;0,433;0,420;0,265;0,471;0,960;0,410;0,832;0,096;0,989;0,340;0,131;0,296;0,960;0,530;0,808;0,884;0,149;0,614;0,531;0,763;0,910;0,161;0,322;0,447;0,529;0,983;0,841;0,986;0,010}
gen = 0047,avg = 369,933,best = 372,000,chrom = {0,878;0,489;0,797;0,126;0,734;0,908;0,976;0,346;0,649;0,003;0,230;0,070;0,123;0,181;0,481;0,377;0,547;0,008;0,293;0,433;0,420;0,265;0,471;0,960;0,410;0,832;0,096;0,989;0,340;0,131;0,296;0,960;0,530;0,808;0,884;0,149;0,614;0,531;0,763;0,910;0,161;0,322;0,447;0,529;0,983;0,841;0,986;0,010}
gen = 0048,avg = 370,347,best = 372,000,chrom = {0,878;0,489;0,797;0,126;0,734;0,908;0,976;0,346;0,649;0,003;0,230;0,070;0,123;0,181;0,481;0,377;0,547;0,008;0,293;0,433;0,420;0,265;0,471;0,960;0,410;0,832;0,096;0,989;0,340;0,131;0,296;0,960;0,530;0,808;0,884;0,149;0,614;0,531;0,763;0,910;0,161;0,322;0,447;0,529;0,983;0,841;0,986;0,010}
gen = 0049,avg = 370,760,best = 372,000,chrom = {0,878;0,489;0,797;0,126;0,734;0,908;0,976;0,346;0,649;0,003;0,230;0,070;0,123;0,181;0,481;0,377;0,547;0,008;0,293;0,433;0,420;0,265;0,471;0,960;0,410;0,832;0,096;0,989;0,340;0,131;0,296;0,960;0,530;0,808;0,884;0,149;0,614;0,531;0,763;0,910;0,161;0,322;0,447;0,529;0,983;0,841;0,986;0,010}
gen = 0050,avg = 371,173,best = 372,000,chrom = {0,878;0,489;0,797;0,126;0,734;0,908;0,976;0,346;0,649;0,003;0,230;0,070;0,123;0,181;0,481;0,377;0,547;0,008;0,293;0,433;0,420;0,265;0,471;0,960;0,410;0,832;0,096;0,989;0,340;0,131;0,296;0,960;0,530;0,808;0,884;0,149;0,614;0,531;0,763;0,910;0,161;0,322;0,447;0,529;0,983;0,841;0,986;0,010}
Execution Time = 1850,111ms;
