Current parameters
 - debug = true
 - runAutotest = false
 - runChromosome = false
 - runExperiment = true
 - chromosome = null
 - showSheets = false
 - saveRatMap = .
 - numberOfGenerations = 50
 - population = 15
 - numberOfProfiles = 4
 - numberOfInitialAgents = 15
 - numberOfCells = 10
 - numberOfFoodPieces = 10
 - numberOfDays = 1000
 - numberOfExecutions = 5
 - patterns = E:\2_trabajo\doctorado\made\2014\pattern_revenge.txt
 - baseDays = 500
 - baseEnergy = 5
 - baseSmell = 3
 - baseNutrition = 4
 - baseByte = 5
 - baseFur = 5
 - baseAgeToBeAdultFemale = 42
 - baseToBeAdultMale = 49
 - basePregnancyTime = 30
 - help = false
 - seed = 1384170724128

gen = -001,avg = 39,400,best = 39,400,chrom = {0,984;0,181;0,864;0,451;0,129;0,179;0,686;0,912;0,673;0,027;0,847;0,776;0,814;0,381;0,314;0,450;0,089;0,896;0,861;0,349;0,116;0,730;0,673;0,880;0,852;0,982;0,809;0,323;0,517;0,896;0,892;0,573;0,639;0,286;0,032;0,657;0,858;0,273;0,974;0,620;0,223;0,324;0,934;0,698;0,727;0,575;0,374;0,604}
gen = 0000,avg = 72,813,best = 227,800,chrom = {0,411;0,205;0,467;0,168;0,072;0,079;0,677;0,418;0,667;0,229;0,316;0,034;0,967;0,603;0,349;0,401;0,767;0,148;0,459;0,937;0,645;0,486;0,460;0,478;0,973;0,405;0,929;0,767;0,512;0,782;0,975;0,528;0,894;0,708;0,261;0,252;0,086;0,939;0,065;0,072;0,633;0,239;0,231;0,059;0,164;0,855;0,278;0,844}
gen = 0001,avg = 174,093,best = 242,600,chrom = {0,575;0,330;0,819;0,007;0,295;0,830;0,663;0,068;0,342;0,671;0,900;0,127;0,725;0,002;0,694;0,673;0,940;0,705;0,460;0,380;0,862;0,177;0,251;0,516;0,739;0,006;0,032;0,606;0,397;0,700;0,293;0,662;0,298;0,373;0,309;0,561;0,542;0,270;0,640;0,026;0,227;0,926;0,727;0,485;0,776;0,782;0,568;0,704}
gen = 0002,avg = 233,987,best = 283,800,chrom = {0,575;0,330;0,819;0,007;0,295;0,830;0,663;0,068;0,342;0,671;0,900;0,127;0,725;0,002;0,694;0,673;0,940;0,705;0,460;0,380;0,862;0,177;0,251;0,516;0,739;0,006;0,140;0,004;0,934;0,767;0,231;0,898;0,678;0,875;0,816;0,003;0,622;0,075;0,925;0,720;0,204;0,259;0,850;0,196;0,828;0,668;0,981;0,100}
gen = 0003,avg = 266,733,best = 297,800,chrom = {0,575;0,330;0,819;0,007;0,295;0,830;0,663;0,068;0,342;0,671;0,900;0,127;0,725;0,002;0,694;0,673;0,940;0,705;0,460;0,380;0,862;0,410;0,169;0,261;0,123;0,926;0,140;0,004;0,934;0,333;0,231;0,898;0,678;0,875;0,816;0,003;0,622;0,075;0,925;0,720;0,204;0,832;0,850;0,196;0,828;0,209;0,981;0,100}
gen = 0004,avg = 292,173,best = 318,000,chrom = {0,575;0,330;0,819;0,007;0,295;0,830;0,663;0,068;0,929;0,671;0,900;0,127;0,725;0,002;0,694;0,673;0,940;0,705;0,460;0,380;0,862;0,410;0,169;0,261;0,123;0,926;0,281;0,004;0,934;0,834;0,231;0,898;0,678;0,875;0,816;0,003;0,622;0,075;0,925;0,720;0,204;0,832;0,850;0,196;0,828;0,209;0,981;0,100}
gen = 0005,avg = 310,893,best = 335,800,chrom = {0,575;0,330;0,819;0,007;0,295;0,019;0,663;0,068;0,342;0,671;0,900;0,190;0,725;0,002;0,694;0,673;0,940;0,705;0,460;0,376;0,450;0,410;0,169;0,261;0,446;0,926;0,140;0,004;0,934;0,333;0,231;0,898;0,678;0,875;0,816;0,109;0,622;0,075;0,925;0,720;0,204;0,832;0,850;0,196;0,828;0,209;0,884;0,100}
gen = 0006,avg = 326,467,best = 348,400,chrom = {0,575;0,330;0,778;0,007;0,295;0,830;0,921;0,068;0,328;0,671;0,900;0,127;0,725;0,002;0,694;0,673;0,940;0,705;0,460;0,380;0,862;0,116;0,169;0,261;0,123;0,926;0,140;0,004;0,013;0,333;0,556;0,898;0,678;0,875;0,816;0,003;0,622;0,075;0,925;0,720;0,204;0,832;0,850;0,196;0,828;0,209;0,981;0,100}
gen = 0007,avg = 336,733,best = 356,800,chrom = {0,575;0,330;0,819;0,007;0,295;0,830;0,663;0,068;0,342;0,671;0,275;0,127;0,725;0,002;0,490;0,673;0,940;0,705;0,558;0,380;0,862;0,177;0,251;0,516;0,739;0,006;0,945;0,606;0,397;0,700;0,968;0,662;0,298;0,143;0,201;0,003;0,622;0,075;0,925;0,720;0,204;0,832;0,850;0,196;0,828;0,209;0,981;0,100}
gen = 0008,avg = 354,120,best = 383,000,chrom = {0,575;0,330;0,819;0,007;0,295;0,019;0,663;0,300;0,342;0,671;0,275;0,127;0,725;0,002;0,490;0,673;0,940;0,705;0,558;0,380;0,862;0,177;0,251;0,516;0,739;0,006;0,945;0,606;0,397;0,700;0,968;0,662;0,298;0,143;0,201;0,003;0,622;0,075;0,925;0,720;0,204;0,832;0,850;0,196;0,828;0,209;0,981;0,100}
gen = 0009,avg = 361,027,best = 383,000,chrom = {0,575;0,330;0,819;0,007;0,295;0,019;0,663;0,300;0,342;0,671;0,275;0,127;0,725;0,002;0,490;0,673;0,940;0,705;0,558;0,380;0,862;0,177;0,251;0,516;0,739;0,006;0,945;0,606;0,397;0,700;0,968;0,662;0,298;0,143;0,201;0,003;0,622;0,075;0,925;0,720;0,204;0,832;0,850;0,196;0,828;0,209;0,981;0,100}
gen = 0010,avg = 370,387,best = 383,000,chrom = {0,575;0,330;0,819;0,007;0,295;0,019;0,663;0,300;0,342;0,671;0,275;0,127;0,725;0,002;0,490;0,673;0,940;0,705;0,558;0,380;0,862;0,177;0,251;0,516;0,739;0,006;0,945;0,606;0,397;0,700;0,968;0,662;0,298;0,143;0,201;0,003;0,622;0,075;0,925;0,720;0,204;0,832;0,850;0,196;0,828;0,209;0,981;0,100}
gen = 0011,avg = 373,907,best = 383,000,chrom = {0,575;0,330;0,819;0,007;0,295;0,019;0,663;0,300;0,342;0,671;0,275;0,127;0,725;0,002;0,490;0,673;0,940;0,705;0,558;0,380;0,862;0,177;0,251;0,516;0,739;0,006;0,945;0,606;0,397;0,700;0,968;0,662;0,298;0,143;0,201;0,003;0,622;0,075;0,925;0,720;0,204;0,832;0,850;0,196;0,828;0,209;0,981;0,100}
gen = 0012,avg = 379,173,best = 383,000,chrom = {0,575;0,330;0,819;0,007;0,295;0,019;0,663;0,300;0,342;0,671;0,275;0,127;0,725;0,002;0,490;0,673;0,940;0,705;0,558;0,380;0,862;0,177;0,251;0,516;0,739;0,006;0,945;0,606;0,397;0,700;0,968;0,662;0,298;0,143;0,201;0,003;0,622;0,075;0,925;0,720;0,204;0,832;0,850;0,196;0,828;0,209;0,981;0,100}
gen = 0013,avg = 384,133,best = 393,200,chrom = {0,575;0,330;0,819;0,007;0,295;0,019;0,663;0,300;0,342;0,671;0,275;0,127;0,878;0,002;0,490;0,673;0,940;0,705;0,558;0,380;0,862;0,177;0,251;0,164;0,739;0,006;0,945;0,606;0,397;0,700;0,968;0,662;0,298;0,143;0,135;0,003;0,622;0,075;0,925;0,720;0,204;0,832;0,850;0,196;0,828;0,209;0,981;0,100}
gen = 0014,avg = 386,013,best = 393,200,chrom = {0,575;0,330;0,819;0,007;0,295;0,019;0,663;0,300;0,342;0,671;0,275;0,127;0,878;0,002;0,490;0,673;0,940;0,705;0,558;0,380;0,862;0,177;0,251;0,164;0,739;0,006;0,945;0,606;0,397;0,700;0,968;0,662;0,298;0,143;0,135;0,003;0,622;0,075;0,925;0,720;0,204;0,832;0,850;0,196;0,828;0,209;0,981;0,100}
gen = 0015,avg = 392,280,best = 416,400,chrom = {0,575;0,330;0,819;0,007;0,295;0,019;0,663;0,300;0,342;0,671;0,275;0,127;0,878;0,002;0,490;0,673;0,940;0,705;0,558;0,380;0,862;0,201;0,251;0,164;0,739;0,006;0,945;0,555;0,397;0,700;0,968;0,662;0,441;0,143;0,135;0,003;0,622;0,075;0,925;0,720;0,702;0,832;0,850;0,196;0,828;0,209;0,981;0,100}
gen = 0016,avg = 406,400,best = 417,600,chrom = {0,575;0,330;0,819;0,007;0,295;0,019;0,663;0,300;0,342;0,671;0,275;0,127;0,725;0,002;0,490;0,673;0,940;0,705;0,558;0,380;0,862;0,177;0,251;0,164;0,739;0,006;0,945;0,606;0,397;0,700;0,968;0,662;0,298;0,143;0,135;0,003;0,622;0,075;0,925;0,720;0,456;0,832;0,850;0,196;0,828;0,209;0,981;0,100}
gen = 0017,avg = 413,880,best = 419,600,chrom = {0,575;0,330;0,819;0,007;0,295;0,019;0,663;0,300;0,342;0,671;0,275;0,127;0,878;0,002;0,490;0,673;0,940;0,705;0,558;0,380;0,862;0,201;0,251;0,164;0,739;0,006;0,945;0,555;0,397;0,700;0,968;0,662;0,441;0,143;0,135;0,003;0,622;0,075;0,925;0,720;0,702;0,832;0,850;0,196;0,828;0,209;0,981;0,100}
gen = 0018,avg = 416,107,best = 419,600,chrom = {0,575;0,330;0,819;0,007;0,295;0,019;0,663;0,300;0,342;0,671;0,275;0,127;0,878;0,002;0,490;0,673;0,940;0,705;0,558;0,380;0,862;0,201;0,251;0,164;0,739;0,006;0,945;0,555;0,397;0,700;0,968;0,662;0,441;0,143;0,135;0,003;0,622;0,075;0,925;0,720;0,702;0,832;0,850;0,196;0,828;0,209;0,981;0,100}
gen = 0019,avg = 417,653,best = 419,800,chrom = {0,575;0,330;0,819;0,007;0,295;0,019;0,663;0,300;0,342;0,671;0,275;0,127;0,725;0,002;0,490;0,673;0,940;0,705;0,558;0,380;0,862;0,177;0,251;0,164;0,739;0,006;0,945;0,606;0,397;0,700;0,968;0,662;0,298;0,143;0,135;0,003;0,622;0,075;0,925;0,720;0,456;0,832;0,850;0,196;0,828;0,209;0,981;0,100}
gen = 0020,avg = 420,027,best = 432,000,chrom = {0,503;0,330;0,819;0,007;0,295;0,019;0,663;0,300;0,342;0,671;0,275;0,127;0,725;0,002;0,462;0,673;0,940;0,705;0,558;0,164;0,862;0,177;0,251;0,164;0,739;0,006;0,945;0,606;0,397;0,700;0,968;0,662;0,113;0,143;0,135;0,003;0,622;0,075;0,494;0,720;0,456;0,832;0,850;0,196;0,828;0,209;0,981;0,100}
gen = 0021,avg = 421,693,best = 432,000,chrom = {0,503;0,330;0,819;0,007;0,295;0,019;0,663;0,300;0,342;0,671;0,275;0,127;0,725;0,002;0,462;0,673;0,940;0,705;0,558;0,164;0,862;0,177;0,251;0,164;0,739;0,006;0,945;0,606;0,397;0,700;0,968;0,662;0,113;0,143;0,135;0,003;0,622;0,075;0,494;0,720;0,456;0,832;0,850;0,196;0,828;0,209;0,981;0,100}
gen = 0022,avg = 423,240,best = 432,000,chrom = {0,503;0,330;0,819;0,007;0,295;0,019;0,663;0,300;0,342;0,671;0,275;0,127;0,725;0,002;0,462;0,673;0,940;0,705;0,558;0,164;0,862;0,177;0,251;0,164;0,739;0,006;0,945;0,606;0,397;0,700;0,968;0,662;0,113;0,143;0,135;0,003;0,622;0,075;0,494;0,720;0,456;0,832;0,850;0,196;0,828;0,209;0,981;0,100}
gen = 0023,avg = 425,680,best = 432,000,chrom = {0,575;0,330;0,819;0,007;0,295;0,019;0,663;0,300;0,342;0,671;0,275;0,127;0,878;0,002;0,490;0,673;0,940;0,705;0,558;0,380;0,862;0,201;0,251;0,164;0,660;0,006;0,945;0,555;0,397;0,883;0,968;0,662;0,441;0,143;0,135;0,003;0,622;0,075;0,925;0,720;0,702;0,832;0,850;0,196;0,828;0,010;0,981;0,126}
gen = 0024,avg = 428,880,best = 442,400,chrom = {0,575;0,330;0,819;0,007;0,295;0,019;0,663;0,300;0,342;0,671;0,275;0,127;0,878;0,002;0,490;0,673;0,940;0,705;0,558;0,380;0,862;0,201;0,251;0,164;0,660;0,006;0,945;0,555;0,397;0,883;0,968;0,662;0,441;0,143;0,135;0,003;0,622;0,075;0,925;0,720;0,702;0,832;0,850;0,196;0,828;0,010;0,981;0,126}
gen = 0025,avg = 431,373,best = 442,400,chrom = {0,575;0,330;0,819;0,007;0,295;0,019;0,663;0,300;0,342;0,671;0,275;0,127;0,878;0,002;0,490;0,673;0,940;0,705;0,558;0,380;0,862;0,201;0,251;0,164;0,660;0,006;0,945;0,555;0,397;0,883;0,968;0,662;0,441;0,143;0,135;0,003;0,622;0,075;0,925;0,720;0,702;0,832;0,850;0,196;0,828;0,010;0,981;0,126}
gen = 0026,avg = 433,507,best = 442,400,chrom = {0,575;0,330;0,819;0,007;0,295;0,019;0,663;0,300;0,342;0,671;0,275;0,127;0,878;0,002;0,490;0,673;0,940;0,705;0,558;0,380;0,862;0,201;0,251;0,164;0,660;0,006;0,945;0,555;0,397;0,883;0,968;0,662;0,441;0,143;0,135;0,003;0,622;0,075;0,925;0,720;0,702;0,832;0,850;0,196;0,828;0,010;0,981;0,126}
gen = 0027,avg = 436,587,best = 442,400,chrom = {0,575;0,330;0,819;0,007;0,295;0,019;0,663;0,300;0,342;0,671;0,275;0,127;0,878;0,002;0,490;0,673;0,940;0,705;0,558;0,380;0,862;0,201;0,251;0,164;0,660;0,006;0,945;0,555;0,397;0,883;0,968;0,662;0,441;0,143;0,135;0,003;0,622;0,075;0,925;0,720;0,702;0,832;0,850;0,196;0,828;0,010;0,981;0,126}
gen = 0028,avg = 437,960,best = 442,400,chrom = {0,575;0,330;0,819;0,007;0,295;0,019;0,663;0,300;0,342;0,671;0,275;0,127;0,878;0,002;0,490;0,673;0,940;0,705;0,558;0,380;0,862;0,201;0,251;0,164;0,660;0,006;0,945;0,555;0,397;0,883;0,968;0,662;0,441;0,143;0,135;0,003;0,622;0,075;0,925;0,720;0,702;0,832;0,850;0,196;0,828;0,010;0,981;0,126}
gen = 0029,avg = 442,787,best = 456,200,chrom = {0,575;0,330;0,819;0,007;0,295;0,019;0,663;0,300;0,342;0,671;0,275;0,127;0,878;0,002;0,490;0,673;0,940;0,705;0,558;0,380;0,862;0,201;0,251;0,164;0,660;0,006;0,945;0,555;0,397;0,883;0,968;0,662;0,441;0,143;0,135;0,003;0,622;0,075;0,925;0,775;0,702;0,832;0,850;0,196;0,828;0,010;0,981;0,126}
gen = 0030,avg = 444,907,best = 456,200,chrom = {0,575;0,330;0,819;0,007;0,295;0,019;0,663;0,300;0,342;0,671;0,275;0,127;0,878;0,002;0,490;0,673;0,940;0,705;0,558;0,380;0,862;0,201;0,251;0,164;0,660;0,006;0,945;0,555;0,397;0,883;0,968;0,662;0,441;0,143;0,135;0,003;0,622;0,075;0,925;0,775;0,702;0,832;0,850;0,196;0,828;0,010;0,981;0,126}
gen = 0031,avg = 446,360,best = 456,200,chrom = {0,575;0,330;0,819;0,007;0,295;0,019;0,663;0,300;0,342;0,671;0,275;0,127;0,878;0,002;0,490;0,673;0,940;0,705;0,558;0,380;0,862;0,201;0,251;0,164;0,660;0,006;0,945;0,555;0,397;0,883;0,968;0,662;0,441;0,143;0,135;0,003;0,622;0,075;0,925;0,775;0,702;0,832;0,850;0,196;0,828;0,010;0,981;0,126}
gen = 0032,avg = 447,600,best = 456,200,chrom = {0,575;0,330;0,819;0,007;0,295;0,019;0,663;0,300;0,342;0,671;0,275;0,127;0,878;0,002;0,490;0,673;0,940;0,705;0,558;0,380;0,862;0,201;0,251;0,164;0,660;0,006;0,945;0,555;0,397;0,883;0,968;0,662;0,441;0,143;0,135;0,003;0,622;0,075;0,925;0,775;0,702;0,832;0,850;0,196;0,828;0,010;0,981;0,126}
gen = 0033,avg = 449,587,best = 456,200,chrom = {0,575;0,330;0,819;0,007;0,295;0,019;0,663;0,300;0,342;0,671;0,275;0,127;0,878;0,002;0,490;0,673;0,940;0,705;0,558;0,380;0,862;0,201;0,251;0,164;0,660;0,006;0,945;0,555;0,397;0,883;0,968;0,662;0,441;0,143;0,135;0,003;0,622;0,075;0,925;0,775;0,702;0,832;0,850;0,196;0,828;0,010;0,981;0,126}
gen = 0034,avg = 450,507,best = 456,200,chrom = {0,575;0,330;0,819;0,007;0,295;0,019;0,663;0,300;0,342;0,671;0,275;0,127;0,878;0,002;0,490;0,673;0,940;0,705;0,558;0,380;0,862;0,201;0,251;0,164;0,660;0,006;0,945;0,555;0,397;0,883;0,968;0,662;0,441;0,143;0,135;0,003;0,622;0,075;0,925;0,775;0,702;0,832;0,850;0,196;0,828;0,010;0,981;0,126}
gen = 0035,avg = 451,427,best = 456,200,chrom = {0,575;0,330;0,819;0,007;0,295;0,019;0,663;0,300;0,342;0,671;0,275;0,127;0,878;0,002;0,490;0,673;0,940;0,705;0,558;0,380;0,862;0,201;0,251;0,164;0,660;0,006;0,945;0,555;0,397;0,883;0,968;0,662;0,441;0,143;0,135;0,003;0,622;0,075;0,925;0,775;0,702;0,832;0,850;0,196;0,828;0,010;0,981;0,126}
gen = 0036,avg = 452,773,best = 456,200,chrom = {0,575;0,330;0,819;0,007;0,295;0,019;0,663;0,300;0,342;0,671;0,275;0,127;0,878;0,002;0,490;0,673;0,940;0,705;0,558;0,380;0,862;0,201;0,251;0,164;0,660;0,006;0,945;0,555;0,397;0,883;0,968;0,662;0,441;0,143;0,135;0,003;0,622;0,075;0,925;0,775;0,702;0,832;0,850;0,196;0,828;0,010;0,981;0,126}
gen = 0037,avg = 453,627,best = 456,200,chrom = {0,575;0,330;0,819;0,007;0,295;0,019;0,663;0,300;0,342;0,671;0,275;0,127;0,878;0,002;0,490;0,673;0,940;0,705;0,558;0,380;0,862;0,201;0,251;0,164;0,660;0,006;0,945;0,555;0,397;0,883;0,968;0,662;0,441;0,143;0,135;0,003;0,622;0,075;0,925;0,775;0,702;0,832;0,850;0,196;0,828;0,010;0,981;0,126}
gen = 0038,avg = 455,173,best = 456,800,chrom = {0,575;0,330;0,819;0,990;0,295;0,019;0,663;0,300;0,342;0,671;0,275;0,127;0,479;0,002;0,490;0,673;0,940;0,705;0,483;0,443;0,862;0,201;0,819;0,164;0,660;0,006;0,945;0,196;0,397;0,883;0,968;0,179;0,441;0,211;0,135;0,003;0,622;0,182;0,925;0,738;0,411;0,832;0,850;0,174;0,828;0,010;0,092;0,126}
gen = 0039,avg = 456,827,best = 459,800,chrom = {0,575;0,330;0,819;0,990;0,295;0,019;0,663;0,300;0,342;0,671;0,275;0,127;0,479;0,002;0,490;0,673;0,940;0,705;0,483;0,443;0,862;0,201;0,819;0,164;0,660;0,006;0,945;0,196;0,397;0,883;0,968;0,179;0,441;0,211;0,135;0,003;0,622;0,182;0,925;0,738;0,411;0,832;0,850;0,174;0,828;0,010;0,092;0,126}
gen = 0040,avg = 457,067,best = 459,800,chrom = {0,575;0,330;0,819;0,990;0,295;0,019;0,663;0,300;0,342;0,671;0,275;0,127;0,479;0,002;0,490;0,673;0,940;0,705;0,483;0,443;0,862;0,201;0,819;0,164;0,660;0,006;0,945;0,196;0,397;0,883;0,968;0,179;0,441;0,211;0,135;0,003;0,622;0,182;0,925;0,738;0,411;0,832;0,850;0,174;0,828;0,010;0,092;0,126}
gen = 0041,avg = 457,307,best = 459,800,chrom = {0,575;0,330;0,819;0,990;0,295;0,019;0,663;0,300;0,342;0,671;0,275;0,127;0,479;0,002;0,490;0,673;0,940;0,705;0,483;0,443;0,862;0,201;0,819;0,164;0,660;0,006;0,945;0,196;0,397;0,883;0,968;0,179;0,441;0,211;0,135;0,003;0,622;0,182;0,925;0,738;0,411;0,832;0,850;0,174;0,828;0,010;0,092;0,126}
gen = 0042,avg = 457,680,best = 459,800,chrom = {0,575;0,330;0,819;0,990;0,295;0,019;0,663;0,300;0,342;0,671;0,275;0,127;0,479;0,002;0,490;0,673;0,940;0,705;0,483;0,443;0,862;0,201;0,819;0,164;0,660;0,006;0,945;0,196;0,397;0,883;0,968;0,179;0,441;0,211;0,135;0,003;0,622;0,182;0,925;0,738;0,411;0,832;0,850;0,174;0,828;0,010;0,092;0,126}
gen = 0043,avg = 457,920,best = 459,800,chrom = {0,575;0,330;0,819;0,990;0,295;0,019;0,663;0,300;0,342;0,671;0,275;0,127;0,479;0,002;0,490;0,673;0,940;0,705;0,483;0,443;0,862;0,201;0,819;0,164;0,660;0,006;0,945;0,196;0,397;0,883;0,968;0,179;0,441;0,211;0,135;0,003;0,622;0,182;0,925;0,738;0,411;0,832;0,850;0,174;0,828;0,010;0,092;0,126}
gen = 0044,avg = 458,693,best = 462,000,chrom = {0,575;0,330;0,819;0,990;0,295;0,019;0,663;0,300;0,342;0,327;0,275;0,127;0,479;0,002;0,871;0,673;0,940;0,705;0,483;0,443;0,862;0,201;0,819;0,164;0,660;0,006;0,945;0,805;0,481;0,969;0,968;0,179;0,441;0,211;0,135;0,003;0,622;0,182;0,925;0,738;0,411;0,832;0,850;0,174;0,828;0,010;0,092;0,126}
gen = 0045,avg = 459,080,best = 462,000,chrom = {0,575;0,330;0,819;0,990;0,295;0,019;0,663;0,300;0,342;0,327;0,275;0,127;0,479;0,002;0,871;0,673;0,940;0,705;0,483;0,443;0,862;0,201;0,819;0,164;0,660;0,006;0,945;0,805;0,481;0,969;0,968;0,179;0,441;0,211;0,135;0,003;0,622;0,182;0,925;0,738;0,411;0,832;0,850;0,174;0,828;0,010;0,092;0,126}
gen = 0046,avg = 461,413,best = 469,000,chrom = {0,575;0,330;0,819;0,990;0,295;0,019;0,663;0,300;0,342;0,671;0,275;0,127;0,479;0,002;0,490;0,673;0,940;0,705;0,483;0,443;0,862;0,201;0,819;0,164;0,660;0,006;0,945;0,196;0,397;0,883;0,968;0,179;0,441;0,211;0,135;0,003;0,622;0,182;0,925;0,738;0,411;0,832;0,850;0,174;0,828;0,010;0,092;0,126}
gen = 0047,avg = 462,947,best = 469,000,chrom = {0,575;0,330;0,819;0,990;0,295;0,019;0,663;0,300;0,342;0,671;0,275;0,127;0,479;0,002;0,490;0,673;0,940;0,705;0,483;0,443;0,862;0,201;0,819;0,164;0,660;0,006;0,945;0,196;0,397;0,883;0,968;0,179;0,441;0,211;0,135;0,003;0,622;0,182;0,925;0,738;0,411;0,832;0,850;0,174;0,828;0,010;0,092;0,126}
gen = 0048,avg = 464,693,best = 469,400,chrom = {0,575;0,330;0,819;0,990;0,188;0,019;0,663;0,300;0,342;0,327;0,270;0,127;0,275;0,002;0,871;0,673;0,940;0,705;0,483;0,443;0,862;0,201;0,204;0,164;0,660;0,006;0,945;0,805;0,481;0,969;0,968;0,907;0,441;0,211;0,135;0,003;0,622;0,182;0,925;0,738;0,411;0,832;0,850;0,870;0,828;0,010;0,092;0,126}
gen = 0049,avg = 466,000,best = 469,400,chrom = {0,575;0,330;0,819;0,990;0,188;0,019;0,663;0,300;0,342;0,327;0,270;0,127;0,275;0,002;0,871;0,673;0,940;0,705;0,483;0,443;0,862;0,201;0,204;0,164;0,660;0,006;0,945;0,805;0,481;0,969;0,968;0,907;0,441;0,211;0,135;0,003;0,622;0,182;0,925;0,738;0,411;0,832;0,850;0,870;0,828;0,010;0,092;0,126}
gen = 0050,avg = 468,187,best = 475,800,chrom = {0,575;0,330;0,819;0,990;0,188;0,019;0,663;0,300;0,342;0,327;0,270;0,127;0,275;0,002;0,871;0,673;0,940;0,705;0,483;0,443;0,862;0,201;0,204;0,164;0,660;0,006;0,945;0,805;0,386;0,969;0,968;0,907;0,441;0,211;0,135;0,003;0,622;0,182;0,925;0,024;0,517;0,832;0,850;0,870;0,828;0,010;0,092;0,126}
Execution Time = 2517,593ms;
