Current parameters
 - debug = true
 - runAutotest = false
 - runChromosome = false
 - runExperiment = true
 - chromosome = null
 - showSheets = false
 - saveRatMap = .
 - numberOfGenerations = 50
 - population = 15
 - numberOfProfiles = 4
 - numberOfInitialAgents = 15
 - numberOfCells = 10
 - numberOfFoodPieces = 10
 - numberOfDays = 1000
 - numberOfExecutions = 5
 - patterns = E:\2_trabajo\doctorado\made\2014\pattern_revenge.txt
 - baseDays = 500
 - baseEnergy = 5
 - baseSmell = 3
 - baseNutrition = 4
 - baseByte = 5
 - baseFur = 5
 - baseAgeToBeAdultFemale = 42
 - baseToBeAdultMale = 49
 - basePregnancyTime = 30
 - help = false
 - seed = 1384142535665

gen = -001,avg = 91,200,best = 91,200,chrom = {0,502;0,278;0,775;0,060;0,625;0,580;0,834;0,912;0,729;0,435;0,391;0,608;0,857;0,813;0,701;0,498;0,401;0,408;0,725;0,939;0,515;0,037;0,243;0,702;0,082;0,620;0,045;0,770;0,583;0,807;0,431;0,429;0,126;0,923;0,566;0,135;0,837;0,732;0,070;0,034;0,806;0,701;0,583;0,149;0,778;0,826;0,965;0,200}
gen = 0000,avg = 34,373,best = 158,200,chrom = {0,617;0,583;0,444;0,637;0,537;0,932;0,866;0,882;0,917;0,001;0,393;0,037;0,749;0,696;0,353;0,625;0,158;0,398;0,300;0,863;0,404;0,628;0,940;0,645;0,133;0,394;0,708;0,714;0,462;0,879;0,890;0,400;0,230;0,534;0,368;0,805;0,604;0,437;0,750;0,526;0,042;0,727;0,935;0,078;0,539;0,283;0,886;0,964}
gen = 0001,avg = 105,453,best = 159,200,chrom = {0,617;0,583;0,444;0,637;0,537;0,932;0,866;0,882;0,917;0,001;0,393;0,037;0,749;0,696;0,353;0,625;0,158;0,398;0,300;0,863;0,404;0,628;0,940;0,645;0,133;0,394;0,708;0,714;0,462;0,879;0,890;0,545;0,854;0,968;0,177;0,895;0,378;0,242;0,478;0,762;0,430;0,733;0,379;0,921;0,486;0,178;0,947;0,315}
gen = 0002,avg = 173,547,best = 230,400,chrom = {0,512;0,167;0,555;0,409;0,488;0,697;0,309;0,228;0,555;0,691;0,131;0,058;0,785;0,059;0,680;0,236;0,371;0,603;0,754;0,377;0,841;0,783;0,006;0,238;0,433;0,706;0,059;0,445;0,074;0,066;0,822;0,168;0,516;0,616;0,552;0,132;0,134;0,513;0,214;0,710;0,151;0,090;0,440;0,111;0,506;0,657;0,390;0,922}
gen = 0003,avg = 220,747,best = 254,200,chrom = {0,617;0,583;0,444;0,637;0,537;0,932;0,866;0,882;0,917;0,001;0,393;0,037;0,749;0,696;0,353;0,625;0,158;0,398;0,300;0,863;0,404;0,783;0,006;0,238;0,433;0,706;0,059;0,445;0,074;0,066;0,822;0,168;0,516;0,616;0,552;0,132;0,134;0,513;0,214;0,710;0,151;0,090;0,440;0,111;0,506;0,657;0,390;0,922}
gen = 0004,avg = 251,547,best = 285,800,chrom = {0,512;0,167;0,555;0,409;0,488;0,697;0,309;0,228;0,555;0,691;0,201;0,058;0,785;0,059;0,680;0,236;0,371;0,603;0,754;0,377;0,841;0,173;0,006;0,238;0,433;0,123;0,059;0,445;0,074;0,066;0,822;0,168;0,516;0,616;0,552;0,132;0,230;0,513;0,527;0,133;0,151;0,090;0,440;0,111;0,506;0,657;0,390;0,922}
gen = 0005,avg = 289,267,best = 321,000,chrom = {0,512;0,167;0,459;0,409;0,488;0,697;0,309;0,228;0,555;0,691;0,201;0,058;0,785;0,059;0,680;0,236;0,371;0,603;0,754;0,377;0,841;0,173;0,006;0,238;0,433;0,123;0,059;0,445;0,074;0,066;0,822;0,168;0,516;0,616;0,552;0,132;0,230;0,513;0,527;0,133;0,151;0,090;0,440;0,232;0,954;0,657;0,390;0,922}
gen = 0006,avg = 306,067,best = 321,000,chrom = {0,512;0,167;0,459;0,409;0,488;0,697;0,309;0,228;0,555;0,691;0,201;0,058;0,785;0,059;0,680;0,236;0,371;0,603;0,754;0,377;0,841;0,173;0,006;0,238;0,433;0,123;0,059;0,445;0,074;0,066;0,822;0,168;0,516;0,616;0,552;0,132;0,230;0,513;0,527;0,133;0,151;0,090;0,440;0,232;0,954;0,657;0,390;0,922}
gen = 0007,avg = 324,560,best = 336,800,chrom = {0,894;0,167;0,459;0,409;0,488;0,697;0,309;0,228;0,555;0,691;0,201;0,058;0,785;0,059;0,680;0,236;0,371;0,603;0,754;0,377;0,841;0,173;0,006;0,238;0,433;0,123;0,879;0,445;0,074;0,066;0,705;0,168;0,516;0,616;0,552;0,132;0,273;0,513;0,527;0,920;0,151;0,090;0,788;0,232;0,954;0,657;0,390;0,503}
gen = 0008,avg = 329,587,best = 337,800,chrom = {0,512;0,167;0,459;0,409;0,526;0,697;0,309;0,228;0,555;0,691;0,201;0,058;0,785;0,059;0,039;0,236;0,371;0,957;0,754;0,377;0,841;0,173;0,006;0,031;0,433;0,123;0,059;0,445;0,074;0,066;0,822;0,612;0,516;0,616;0,552;0,132;0,230;0,513;0,527;0,133;0,151;0,893;0,440;0,232;0,954;0,657;0,390;0,922}
gen = 0009,avg = 338,787,best = 371,600,chrom = {0,512;0,167;0,555;0,409;0,488;0,697;0,309;0,228;0,555;0,691;0,201;0,058;0,785;0,059;0,680;0,236;0,371;0,957;0,754;0,377;0,841;0,173;0,006;0,031;0,433;0,123;0,059;0,445;0,074;0,066;0,822;0,612;0,516;0,616;0,552;0,132;0,230;0,513;0,527;0,133;0,151;0,893;0,440;0,232;0,954;0,657;0,390;0,922}
gen = 0010,avg = 347,707,best = 371,600,chrom = {0,512;0,167;0,555;0,409;0,488;0,697;0,309;0,228;0,555;0,691;0,201;0,058;0,785;0,059;0,680;0,236;0,371;0,957;0,754;0,377;0,841;0,173;0,006;0,031;0,433;0,123;0,059;0,445;0,074;0,066;0,822;0,612;0,516;0,616;0,552;0,132;0,230;0,513;0,527;0,133;0,151;0,893;0,440;0,232;0,954;0,657;0,390;0,922}
gen = 0011,avg = 356,613,best = 371,600,chrom = {0,512;0,167;0,555;0,409;0,488;0,697;0,309;0,228;0,555;0,691;0,201;0,058;0,785;0,059;0,680;0,236;0,371;0,957;0,754;0,377;0,841;0,173;0,006;0,031;0,433;0,123;0,059;0,445;0,074;0,066;0,822;0,612;0,516;0,616;0,552;0,132;0,230;0,513;0,527;0,133;0,151;0,893;0,440;0,232;0,954;0,657;0,390;0,922}
gen = 0012,avg = 364,107,best = 383,400,chrom = {0,512;0,167;0,555;0,409;0,906;0,697;0,309;0,228;0,555;0,691;0,201;0,058;0,881;0,059;0,680;0,236;0,371;0,957;0,754;0,723;0,841;0,173;0,006;0,031;0,433;0,123;0,059;0,445;0,348;0,066;0,822;0,168;0,683;0,098;0,519;0,132;0,230;0,549;0,527;0,133;0,151;0,028;0,336;0,333;0,506;0,657;0,390;0,186}
gen = 0013,avg = 374,880,best = 383,400,chrom = {0,512;0,167;0,555;0,409;0,906;0,697;0,309;0,228;0,555;0,691;0,201;0,058;0,881;0,059;0,680;0,236;0,371;0,957;0,754;0,723;0,841;0,173;0,006;0,031;0,433;0,123;0,059;0,445;0,348;0,066;0,822;0,168;0,683;0,098;0,519;0,132;0,230;0,549;0,527;0,133;0,151;0,028;0,336;0,333;0,506;0,657;0,390;0,186}
gen = 0014,avg = 377,173,best = 383,400,chrom = {0,512;0,167;0,555;0,409;0,906;0,697;0,309;0,228;0,555;0,691;0,201;0,058;0,881;0,059;0,680;0,236;0,371;0,957;0,754;0,723;0,841;0,173;0,006;0,031;0,433;0,123;0,059;0,445;0,348;0,066;0,822;0,168;0,683;0,098;0,519;0,132;0,230;0,549;0,527;0,133;0,151;0,028;0,336;0,333;0,506;0,657;0,390;0,186}
gen = 0015,avg = 380,653,best = 387,800,chrom = {0,512;0,167;0,555;0,409;0,906;0,697;0,309;0,228;0,555;0,691;0,201;0,058;0,881;0,059;0,680;0,236;0,371;0,957;0,754;0,723;0,841;0,173;0,006;0,031;0,433;0,123;0,059;0,445;0,348;0,066;0,822;0,168;0,683;0,098;0,519;0,132;0,230;0,549;0,527;0,133;0,151;0,028;0,336;0,333;0,506;0,657;0,390;0,186}
gen = 0016,avg = 383,027,best = 389,400,chrom = {0,794;0,167;0,459;0,409;0,488;0,697;0,350;0,228;0,555;0,691;0,201;0,058;0,785;0,059;0,680;0,236;0,371;0,957;0,754;0,377;0,841;0,173;0,006;0,031;0,433;0,123;0,059;0,445;0,074;0,066;0,822;0,612;0,516;0,616;0,552;0,132;0,230;0,116;0,527;0,133;0,151;0,028;0,336;0,333;0,506;0,657;0,390;0,186}
gen = 0017,avg = 385,320,best = 390,200,chrom = {0,512;0,167;0,555;0,409;0,906;0,697;0,309;0,228;0,555;0,691;0,201;0,058;0,785;0,059;0,680;0,661;0,371;0,957;0,754;0,377;0,841;0,173;0,006;0,031;0,950;0,123;0,059;0,445;0,074;0,066;0,822;0,168;0,469;0,098;0,519;0,132;0,230;0,116;0,527;0,747;0,151;0,028;0,336;0,333;0,506;0,657;0,073;0,186}
gen = 0018,avg = 386,907,best = 390,600,chrom = {0,953;0,108;0,555;0,409;0,906;0,697;0,904;0,228;0,555;0,691;0,201;0,058;0,785;0,059;0,680;0,661;0,371;0,957;0,754;0,377;0,841;0,173;0,006;0,031;0,950;0,749;0,059;0,445;0,074;0,066;0,542;0,612;0,237;0,099;0,995;0,132;0,230;0,116;0,609;0,279;0,151;0,028;0,336;0,333;0,506;0,657;0,390;0,186}
gen = 0019,avg = 391,080,best = 411,200,chrom = {0,794;0,167;0,459;0,409;0,488;0,697;0,350;0,228;0,555;0,691;0,201;0,058;0,785;0,059;0,994;0,495;0,371;0,957;0,754;0,377;0,841;0,173;0,006;0,031;0,433;0,295;0,959;0,445;0,074;0,066;0,822;0,612;0,516;0,616;0,552;0,132;0,230;0,116;0,527;0,133;0,151;0,028;0,336;0,333;0,506;0,657;0,390;0,186}
gen = 0020,avg = 394,320,best = 411,200,chrom = {0,794;0,167;0,459;0,409;0,488;0,697;0,350;0,228;0,555;0,691;0,201;0,058;0,785;0,059;0,994;0,495;0,371;0,957;0,754;0,377;0,841;0,173;0,006;0,031;0,433;0,295;0,959;0,445;0,074;0,066;0,822;0,612;0,516;0,616;0,552;0,132;0,230;0,116;0,527;0,133;0,151;0,028;0,336;0,333;0,506;0,657;0,390;0,186}
gen = 0021,avg = 400,880,best = 420,400,chrom = {0,794;0,167;0,459;0,409;0,411;0,697;0,350;0,228;0,555;0,691;0,201;0,058;0,785;0,059;0,680;0,236;0,371;0,957;0,754;0,377;0,841;0,173;0,006;0,031;0,433;0,123;0,059;0,445;0,074;0,066;0,822;0,612;0,516;0,616;0,552;0,132;0,230;0,116;0,527;0,133;0,344;0,028;0,336;0,333;0,506;0,657;0,390;0,186}
gen = 0022,avg = 410,453,best = 423,400,chrom = {0,953;0,108;0,555;0,409;0,906;0,697;0,904;0,228;0,555;0,691;0,201;0,058;0,785;0,059;0,897;0,661;0,371;0,957;0,754;0,377;0,529;0,173;0,006;0,031;0,950;0,749;0,059;0,445;0,074;0,066;0,542;0,489;0,237;0,099;0,552;0,132;0,230;0,116;0,527;0,133;0,151;0,028;0,336;0,333;0,506;0,657;0,390;0,186}
gen = 0023,avg = 417,520,best = 426,800,chrom = {0,953;0,108;0,555;0,409;0,906;0,697;0,904;0,228;0,555;0,691;0,201;0,058;0,785;0,059;0,994;0,495;0,371;0,957;0,754;0,377;0,841;0,173;0,006;0,031;0,433;0,295;0,959;0,445;0,074;0,066;0,822;0,612;0,516;0,616;0,552;0,132;0,230;0,116;0,527;0,133;0,151;0,028;0,336;0,333;0,506;0,657;0,390;0,186}
gen = 0024,avg = 418,787,best = 426,800,chrom = {0,953;0,108;0,555;0,409;0,906;0,697;0,904;0,228;0,555;0,691;0,201;0,058;0,785;0,059;0,994;0,495;0,371;0,957;0,754;0,377;0,841;0,173;0,006;0,031;0,433;0,295;0,959;0,445;0,074;0,066;0,822;0,612;0,516;0,616;0,552;0,132;0,230;0,116;0,527;0,133;0,151;0,028;0,336;0,333;0,506;0,657;0,390;0,186}
gen = 0025,avg = 420,413,best = 426,800,chrom = {0,953;0,108;0,555;0,409;0,906;0,697;0,904;0,228;0,555;0,691;0,201;0,058;0,785;0,059;0,994;0,495;0,371;0,957;0,754;0,377;0,841;0,173;0,006;0,031;0,433;0,295;0,959;0,445;0,074;0,066;0,822;0,612;0,516;0,616;0,552;0,132;0,230;0,116;0,527;0,133;0,151;0,028;0,336;0,333;0,506;0,657;0,390;0,186}
gen = 0026,avg = 423,053,best = 432,200,chrom = {0,953;0,108;0,555;0,409;0,906;0,697;0,904;0,228;0,555;0,691;0,201;0,058;0,785;0,059;0,897;0,495;0,371;0,957;0,754;0,377;0,841;0,173;0,006;0,031;0,433;0,295;0,959;0,143;0,074;0,066;0,822;0,612;0,516;0,616;0,552;0,132;0,230;0,116;0,527;0,133;0,151;0,028;0,336;0,333;0,506;0,657;0,390;0,186}
gen = 0027,avg = 426,720,best = 434,000,chrom = {0,953;0,108;0,555;0,409;0,906;0,697;0,904;0,228;0,555;0,691;0,201;0,058;0,785;0,059;0,994;0,495;0,371;0,957;0,754;0,377;0,841;0,173;0,006;0,031;0,433;0,295;0,959;0,445;0,074;0,066;0,822;0,612;0,516;0,616;0,552;0,132;0,230;0,116;0,527;0,133;0,151;0,028;0,336;0,333;0,506;0,657;0,390;0,186}
gen = 0028,avg = 429,680,best = 434,000,chrom = {0,953;0,108;0,555;0,409;0,906;0,697;0,904;0,228;0,555;0,691;0,201;0,058;0,785;0,059;0,994;0,495;0,371;0,957;0,754;0,377;0,841;0,173;0,006;0,031;0,433;0,295;0,959;0,445;0,074;0,066;0,822;0,612;0,516;0,616;0,552;0,132;0,230;0,116;0,527;0,133;0,151;0,028;0,336;0,333;0,506;0,657;0,390;0,186}
gen = 0029,avg = 432,160,best = 443,400,chrom = {0,953;0,108;0,555;0,409;0,696;0,697;0,904;0,228;0,555;0,691;0,201;0,058;0,785;0,059;0,994;0,495;0,371;0,957;0,754;0,377;0,841;0,173;0,006;0,031;0,433;0,295;0,959;0,445;0,074;0,066;0,822;0,612;0,516;0,616;0,552;0,132;0,230;0,116;0,527;0,133;0,151;0,028;0,336;0,333;0,506;0,657;0,390;0,186}
gen = 0030,avg = 433,613,best = 443,400,chrom = {0,953;0,108;0,555;0,409;0,696;0,697;0,904;0,228;0,555;0,691;0,201;0,058;0,785;0,059;0,994;0,495;0,371;0,957;0,754;0,377;0,841;0,173;0,006;0,031;0,433;0,295;0,959;0,445;0,074;0,066;0,822;0,612;0,516;0,616;0,552;0,132;0,230;0,116;0,527;0,133;0,151;0,028;0,336;0,333;0,506;0,657;0,390;0,186}
gen = 0031,avg = 434,973,best = 443,400,chrom = {0,953;0,108;0,555;0,409;0,696;0,697;0,904;0,228;0,555;0,691;0,201;0,058;0,785;0,059;0,994;0,495;0,371;0,957;0,754;0,377;0,841;0,173;0,006;0,031;0,433;0,295;0,959;0,445;0,074;0,066;0,822;0,612;0,516;0,616;0,552;0,132;0,230;0,116;0,527;0,133;0,151;0,028;0,336;0,333;0,506;0,657;0,390;0,186}
gen = 0032,avg = 436,573,best = 443,400,chrom = {0,953;0,108;0,555;0,409;0,696;0,697;0,904;0,228;0,555;0,691;0,201;0,058;0,785;0,059;0,994;0,495;0,371;0,957;0,754;0,377;0,841;0,173;0,006;0,031;0,433;0,295;0,959;0,445;0,074;0,066;0,822;0,612;0,516;0,616;0,552;0,132;0,230;0,116;0,527;0,133;0,151;0,028;0,336;0,333;0,506;0,657;0,390;0,186}
gen = 0033,avg = 439,867,best = 454,400,chrom = {0,953;0,108;0,555;0,409;0,906;0,697;0,904;0,228;0,555;0,343;0,201;0,058;0,709;0,059;0,994;0,798;0,345;0,957;0,754;0,377;0,841;0,173;0,006;0,031;0,433;0,295;0,959;0,143;0,074;0,066;0,822;0,612;0,516;0,616;0,552;0,132;0,230;0,116;0,527;0,133;0,151;0,028;0,336;0,333;0,506;0,657;0,390;0,186}
gen = 0034,avg = 441,280,best = 454,400,chrom = {0,953;0,108;0,555;0,409;0,906;0,697;0,904;0,228;0,555;0,343;0,201;0,058;0,709;0,059;0,994;0,798;0,345;0,957;0,754;0,377;0,841;0,173;0,006;0,031;0,433;0,295;0,959;0,143;0,074;0,066;0,822;0,612;0,516;0,616;0,552;0,132;0,230;0,116;0,527;0,133;0,151;0,028;0,336;0,333;0,506;0,657;0,390;0,186}
gen = 0035,avg = 442,680,best = 454,400,chrom = {0,953;0,108;0,555;0,409;0,906;0,697;0,904;0,228;0,555;0,343;0,201;0,058;0,709;0,059;0,994;0,798;0,345;0,957;0,754;0,377;0,841;0,173;0,006;0,031;0,433;0,295;0,959;0,143;0,074;0,066;0,822;0,612;0,516;0,616;0,552;0,132;0,230;0,116;0,527;0,133;0,151;0,028;0,336;0,333;0,506;0,657;0,390;0,186}
gen = 0036,avg = 444,067,best = 454,400,chrom = {0,953;0,108;0,555;0,409;0,906;0,697;0,904;0,228;0,555;0,343;0,201;0,058;0,709;0,059;0,994;0,798;0,345;0,957;0,754;0,377;0,841;0,173;0,006;0,031;0,433;0,295;0,959;0,143;0,074;0,066;0,822;0,612;0,516;0,616;0,552;0,132;0,230;0,116;0,527;0,133;0,151;0,028;0,336;0,333;0,506;0,657;0,390;0,186}
gen = 0037,avg = 447,653,best = 456,800,chrom = {0,455;0,108;0,555;0,409;0,906;0,830;0,904;0,228;0,555;0,343;0,201;0,058;0,709;0,059;0,994;0,619;0,345;0,957;0,754;0,377;0,841;0,173;0,006;0,031;0,433;0,295;0,959;0,143;0,074;0,066;0,820;0,612;0,516;0,616;0,552;0,132;0,230;0,116;0,527;0,133;0,151;0,136;0,336;0,333;0,506;0,657;0,390;0,186}
gen = 0038,avg = 449,333,best = 456,800,chrom = {0,455;0,108;0,555;0,409;0,906;0,830;0,904;0,228;0,555;0,343;0,201;0,058;0,709;0,059;0,994;0,619;0,345;0,957;0,754;0,377;0,841;0,173;0,006;0,031;0,433;0,295;0,959;0,143;0,074;0,066;0,820;0,612;0,516;0,616;0,552;0,132;0,230;0,116;0,527;0,133;0,151;0,136;0,336;0,333;0,506;0,657;0,390;0,186}
gen = 0039,avg = 450,533,best = 456,800,chrom = {0,455;0,108;0,555;0,409;0,906;0,830;0,904;0,228;0,555;0,343;0,201;0,058;0,709;0,059;0,994;0,619;0,345;0,957;0,754;0,377;0,841;0,173;0,006;0,031;0,433;0,295;0,959;0,143;0,074;0,066;0,820;0,612;0,516;0,616;0,552;0,132;0,230;0,116;0,527;0,133;0,151;0,136;0,336;0,333;0,506;0,657;0,390;0,186}
gen = 0040,avg = 451,533,best = 456,800,chrom = {0,455;0,108;0,555;0,409;0,906;0,830;0,904;0,228;0,555;0,343;0,201;0,058;0,709;0,059;0,994;0,619;0,345;0,957;0,754;0,377;0,841;0,173;0,006;0,031;0,433;0,295;0,959;0,143;0,074;0,066;0,820;0,612;0,516;0,616;0,552;0,132;0,230;0,116;0,527;0,133;0,151;0,136;0,336;0,333;0,506;0,657;0,390;0,186}
gen = 0041,avg = 453,053,best = 456,800,chrom = {0,455;0,108;0,555;0,409;0,906;0,830;0,904;0,228;0,555;0,343;0,201;0,058;0,709;0,059;0,994;0,619;0,345;0,957;0,754;0,377;0,841;0,173;0,006;0,031;0,433;0,295;0,959;0,143;0,074;0,066;0,820;0,612;0,516;0,616;0,552;0,132;0,230;0,116;0,527;0,133;0,151;0,136;0,336;0,333;0,506;0,657;0,390;0,186}
gen = 0042,avg = 454,600,best = 456,800,chrom = {0,455;0,108;0,555;0,409;0,906;0,830;0,904;0,228;0,555;0,343;0,201;0,058;0,709;0,059;0,994;0,619;0,345;0,957;0,754;0,377;0,841;0,173;0,006;0,031;0,433;0,295;0,959;0,143;0,074;0,066;0,820;0,612;0,516;0,616;0,552;0,132;0,230;0,116;0,527;0,133;0,151;0,136;0,336;0,333;0,506;0,657;0,390;0,186}
gen = 0043,avg = 455,347,best = 456,800,chrom = {0,455;0,108;0,555;0,409;0,906;0,830;0,904;0,228;0,555;0,343;0,201;0,058;0,709;0,059;0,994;0,619;0,345;0,957;0,754;0,377;0,841;0,173;0,006;0,031;0,433;0,295;0,959;0,143;0,074;0,066;0,820;0,612;0,516;0,616;0,552;0,132;0,230;0,116;0,527;0,133;0,151;0,136;0,336;0,333;0,506;0,657;0,390;0,186}
gen = 0044,avg = 455,733,best = 456,800,chrom = {0,455;0,108;0,555;0,409;0,906;0,830;0,904;0,228;0,555;0,343;0,201;0,058;0,709;0,059;0,994;0,619;0,345;0,957;0,754;0,377;0,841;0,173;0,006;0,031;0,433;0,295;0,959;0,143;0,074;0,066;0,820;0,612;0,516;0,616;0,552;0,132;0,230;0,116;0,527;0,133;0,151;0,136;0,336;0,333;0,506;0,657;0,390;0,186}
gen = 0045,avg = 456,000,best = 456,800,chrom = {0,455;0,108;0,555;0,409;0,906;0,830;0,904;0,228;0,555;0,343;0,201;0,058;0,709;0,059;0,994;0,619;0,345;0,957;0,754;0,377;0,841;0,173;0,006;0,031;0,433;0,295;0,959;0,143;0,074;0,066;0,820;0,612;0,516;0,616;0,552;0,132;0,230;0,116;0,527;0,133;0,151;0,136;0,336;0,333;0,506;0,657;0,390;0,186}
gen = 0046,avg = 456,160,best = 456,800,chrom = {0,455;0,108;0,555;0,409;0,906;0,830;0,904;0,228;0,555;0,343;0,201;0,058;0,709;0,059;0,994;0,619;0,345;0,957;0,754;0,377;0,841;0,173;0,006;0,031;0,433;0,295;0,959;0,143;0,074;0,066;0,820;0,612;0,516;0,616;0,552;0,132;0,230;0,116;0,527;0,133;0,151;0,136;0,336;0,333;0,506;0,657;0,390;0,186}
gen = 0047,avg = 456,320,best = 456,800,chrom = {0,455;0,108;0,555;0,409;0,906;0,830;0,904;0,228;0,555;0,343;0,201;0,058;0,709;0,059;0,994;0,619;0,345;0,957;0,754;0,377;0,841;0,173;0,006;0,031;0,433;0,295;0,959;0,143;0,074;0,066;0,820;0,612;0,516;0,616;0,552;0,132;0,230;0,116;0,527;0,133;0,151;0,136;0,336;0,333;0,506;0,657;0,390;0,186}
gen = 0048,avg = 456,480,best = 456,800,chrom = {0,455;0,108;0,555;0,409;0,906;0,830;0,904;0,228;0,555;0,343;0,201;0,058;0,709;0,059;0,994;0,619;0,345;0,957;0,754;0,377;0,841;0,173;0,006;0,031;0,433;0,295;0,959;0,143;0,074;0,066;0,820;0,612;0,516;0,616;0,552;0,132;0,230;0,116;0,527;0,133;0,151;0,136;0,336;0,333;0,506;0,657;0,390;0,186}
gen = 0049,avg = 456,640,best = 456,800,chrom = {0,455;0,108;0,555;0,409;0,906;0,830;0,904;0,228;0,555;0,343;0,201;0,058;0,709;0,059;0,994;0,619;0,345;0,957;0,754;0,377;0,841;0,173;0,006;0,031;0,433;0,295;0,959;0,143;0,074;0,066;0,820;0,612;0,516;0,616;0,552;0,132;0,230;0,116;0,527;0,133;0,151;0,136;0,336;0,333;0,506;0,657;0,390;0,186}
gen = 0050,avg = 456,800,best = 456,800,chrom = {0,455;0,108;0,555;0,409;0,906;0,830;0,904;0,228;0,555;0,343;0,201;0,058;0,709;0,059;0,994;0,619;0,345;0,957;0,754;0,377;0,841;0,173;0,006;0,031;0,433;0,295;0,959;0,143;0,074;0,066;0,820;0,612;0,516;0,616;0,552;0,132;0,230;0,116;0,527;0,133;0,151;0,136;0,336;0,333;0,506;0,657;0,390;0,186}
Execution Time = 2145,219ms;
