0.2423403503
0.6303876833
0.3410711477
0.1871583283
0.3620618774
0.2699296335
0.6326101442
0.3381238971
0.2598392251
0.5722076079
0.1476110527
0.2367669209
0.1897016753
0.4710412705
0.2358525257
0.0591847855
0.2011900729
0.3983641623
0.3386141184
0.1981199845
0.2625001849
0.4226174209
0.2304410616
0.4837558502
0.3284737978
0.5758974548
0.4935636143
0.2917492723
0.2119497109
0.2614899265
0.3065868582
0.0937664027
0.2372114763
0.3987545414
0.3599026147
0.2848697365
0.2755734291
0.1330289658
0.2419013374
0.210716045
0.2606937925
0.5391815024
0.2460005611
0.355860947
0.2410339259
0.3902501938
0.3121754039
0.324239313
0.1724570932
0.374415284
0.3234933664
0.3992401466
0.4596286847
0.2938981003
0.2689583687
0.2817455123
0.5192833979
0.255907742
0.3793227461
0.5386296796
0.174348653
0.4144292498
0.2088721268
0.6172326697
0.500082755
0.3023597915
0.257302001
0.2271494622
0.2715991692
0.1581050205
0.5454538352
0.0688072377
0.1884441084
0.6017868846
0.6480958673
0.2129117619
0.209511566
0.3272223756
0.2681952277
0.3579661395
0.3854435277
0.2148005927
0.2881281021
0.2664993648
0.1888457566
0.1032727506
0.3242158772
0.2416210341
0.2351650389
0.2788391497
0.2533737838
0.5469152468
0.2920095449
0.4521921674
0.2125964709
0.161425918

