0.8235380171
1.2424608179
0.8397513012
0.852526038
1.3885657448
1.0132543797
0.8651409363
1.246310741
0.9012035168
0.8068899147
1.0216400355
0.9186740479
0.8143804829
0.8075410078
0.936988394
0.9448474596
0.8805118217
0.9366184902
1.3619071017
0.8190402263
0.8206833528
0.8709881641
0.8439981502
0.8790570384
1.1185543787
1.3867684052
0.8666525055
1.1079098251
1.5009588197
0.9042447672
0.7776598593
0.8763060962
0.8400428537
0.8442716909
0.9630238214
0.9258027443
0.8884827265
1.2907000836
0.9120779796
0.8305994567
0.8543954601
0.8220605887
0.966443552
1.1591949708
0.8596285151
1.5533314612
1.160650288
1.5423248592
0.8098698182
0.8891204885
1.1815275584
0.8462594523
0.9247808852
1.5042012763
0.9218476376
0.9638735308
0.9569762521
0.8007374883
0.9395256156
0.9538923337
1.2736081699
0.9976532524
1.1912671822
1.3192709346
1.1820506755
0.9281245218
0.7981398661
1.0540542663
1.0546443655
1.4763235881
0.7892902614
1.0694491869
1.467578354
1.362116212
0.7946595792
1.052240953
0.866976416
0.8511286052
0.9492087617
0.8703898623
0.8606057696
0.738138541
1.4591947358
0.6783787692
0.8637582241
1.5482692905
1.1366698967
1.3809137239
1.0298252875
1.5191847073
0.7778816946
0.9555601094
0.8797980918
0.95238805
0.9957497346
1.2932620266
1.0728741266
1.0404761902
0.9537391972
0.8350496562

