0.9287745504
0.8604524127
0.8480811
0.7791671277
0.8751196756
0.8100488023
0.9662706763
1.4326841998
0.9629789473
1.6226931703
0.8529005908
0.9087580918
0.5845979041
1.5937816516
0.9664561843
0.849604289
1.14654789
0.6562214494
0.9882478335
0.908355416
0.8804622856
0.8852908953
0.9519092156
0.9034018727
0.9213716017
1.5714180884
0.8763109633
0.7021393417
1.1065159626
1.2782313797
0.8065798277
1.0902735234
0.8843716091
0.8186301186
0.9188666085
0.8453197229
0.8982452061
0.8233576683
0.8087286308
0.9251802626
0.8123312808
0.8361042209
1.7370716397
1.6110237344
1.0327158029
1.3040064958
0.8597214392
0.6935544637
0.9383257639
0.9926811924
0.9507164882
0.6456896775
1.2784827085
1.4584347622
0.6816100747
1.1437803705
0.6655789092
1.1576814664
0.8959977162
1.5330082372
1.8742523671
0.8038620978
0.8971488708
0.906504484
1.8260739492
1.47156937
0.7921564783
0.9813099242
1.7561669174
0.9830172845
0.9659325588
1.9614826378
0.9145262565
0.9595497932
1.7749763081
1.5682344588
0.9626378323
1.0214963319
0.8379202879
0.8384030353
0.8569910099
0.9797006417
0.88342599
0.6299267104
1.1998870653
1.0003663778
0.5972091527
0.9885808533
1.0176788373
0.8330079788
1.0173775988
0.9025281368
0.5809835232
0.7242502634
0.8737089846
1.6012397785
1.0381116764
0.8100743216
0.8720775538
1.1295993757

