0,555882203
0,5752775129
0,5888978613
0,553929847
0,5540915232
0,563056337
0,5493202358
0,540794471
0,5339892599
0,5564079117
0,5745991264
0,5752010055
0,5633985836
0,558403406
0,5619095618
0,5506083235
0,5602184006
0,5408344941
0,5591489555
0,5522578821
0,5462656077
0,5573709978
0,5507964339
0,5642528944
0,5581028043
0,5638320728
0,5292124223
0,5633496481
0,565653443
0,5454964224
0,5573147686
0,5797320262
0,5793331861
0,5464747515
0,5660358544
0,5709336423
0,5868051292
0,5604767704
0,5458429923
0,56740367
0,5556203224
0,5832866156
0,5458622427
0,5908458042
0,5764000737
0,5751275187
0,5555031134
0,568457241
0,5885502224
0,5523414195
0,6176395677
0,5701622187
0,5411165861
0,5457222389
0,5749344436
0,5841484788
0,5574662759
0,5515572787
0,5783310411
0,5614010379
0,5507271553
0,5551227057
0,5420413111
0,5600817002
0,5641385088
0,568524758
0,5584467015
0,5528412216
0,5523795618
0,5814313613
0,5657662693
0,5598483242
0,5442108137
0,5674257503
0,5872589638
0,5666121458
0,3849856981
0,5392379547
0,561507059
0,5677668001
0,538461813
0,55553405
0,5604923804
0,5551609229
0,5679476469
0,5517762855
0,5606606629
0,5602350551
0,5641796008
0,5615713453
0,4927960103
0,5425937558
0,5766773299
0,5336122805
0,5644850542
0,5665910537
0,5363410637
0,5557211493
0,5578558104
0,5266188597

