1,5527070242
1,4919108873
0,8659108372
0,8317631993
0,77540182
0,9009249009
0,654509432
1,1457297736
0,8350076654
1,6060766573
1,488978906
0,8982182909
0,8978137389
0,9141028475
0,9898350087
0,8797249324
0,8202960689
0,8271845325
1,5334682729
0,8465851447
0,8734510998
1,8560075428
0,7823891039
1,5956539489
0,8497557936
0,7969713155
0,7681426492
1,5354633007
0,9957066388
1,5120648263
0,8659246559
1,0799039967
0,9344326638
0,9987655032
1,2897310469
1,1566680074
1,3326231171
0,8268102645
0,8016386316
0,9313340618
0,8113025032
0,7919888079
0,910791658
1,2219425731
0,9750043225
0,9124789186
0,8491169485
0,8951845496
0,8885218302
0,8896052774
0,8981657105
0,8162400753
0,8841184226
1,423279806
1,1296128107
0,9346290511
1,4062457745
0,869697894
1,5190826457
0,9098246163
0,866970964
1,0519666505
1,4559291197
0,8052113013
0,8451204358
1,1555366477
0,8752126608
0,670542446
0,9370251398
1,210775451
1,4292861544
0,8047471995
1,0611049727
0,886594128
0,8464568091
1,6155898346
1,2104553958
1,2414360875
1,2845731694
0,8859304508
0,8604268529
0,8733338844
0,9615645181
0,9111309829
0,853438717
0,8604818536
0,9520389857
0,8644959314
1,4093300563
1,2986560093
0,8155572331
1,2946737154
0,9266557651
0,9675908592
1,2056991968
0,9489014985
1,5041142107
1,3910741684
1,3724749243
0,7582846294

