1.0437915643
1.0390414991
1.093594541
1.0036718992
0.8932381537
1.0740340801
1.0595627023
1.4515865999
0.9587227582
1.0696016223
0.9676519187
1.0634737256
1.1487158309
1.0409605214
0.9600395125
1.0260508479
0.9711642424
1.0672316227
0.8724048409
1.0577665437
1.1667145821
0.8982290774
1.0821553236
1.0115002099
1.1631944181
1.0536314019
1.1508455203
1.1054824082
1.101014191
0.9659983351
1.02460811
0.9796905314
1.0311986827
1.1907916662
1.1223893819
1.1312377546
1.1529571959
1.0119357941
1.1453760482
1.3736597339
1.149088402
1.0959692776
1.0994343726
0.9024389656
0.8896652897
1.1029996441
1.4359459845
1.1389943986
1.073893899
1.0657368457
1.0568332417
1.0762847333
0.9409326025
1.0303329574
1.1327284149
1.0224105263
1.1061235402
1.0273783606
1.0667500617
0.9406099258
1.0301157737
1.0278267015
1.1087417527
1.0204303665
1.0766097068
1.0384005528
1.4635930017
1.0888239118
1.0719815777
1.0547002509
1.1398400467
1.1362801917
0.8376714465
1.0266954106
1.5129096622
1.0685824553
1.1341264833
1.1072493765
1.1744764153
1.1427728565
1.1798867372
0.988944356
1.0763343467
1.0513068207
1.0155390912
1.1040319579
1.0807778309
1.1482626471
1.0268919416
0.9778259748
1.163139606
1.1685129245
1.076167291
1.1185225534
1.4871444597
1.0289405357
0.9748704955
1.159264631
1.0660112992
1.0889638024

