0.4729631649
0.4379727741
0.641926571
0.5658067278
0.605202898
0.4203471679
0.1961561253
0.2166928001
0.5081492468
0.4279885245
0.7902602216
0.5774980817
0.3216822655
0.3884373198
0.3361904848
0.1707201646
0.5283498662
0.5460724027
0.5149479596
0.2632863754
0.4988054455
0.2575704658
0.4185117667
0.4257420528
0.5452038363
0.4785132253
1.013169905
0.4810301709
0.4740547327
0.576095853
0.7282659943
0.713364987
0.3883763846
0.7452137752
0.8675450679
0.7139355968
0.4903580835
0.4961273661
0.3930148367
0.476355703
0.2233943875
0.4988951684
0.3723838394
0.4047346401
0.6176748516
0.7767251685
0.7222041501
0.4981633209
0.1425855735
0.3462451346
0.5133861784
0.1469224518
0.4804232738
0.2882811016
0.2999100477
0.5352720071
0.7170979326
0.5235228651
0.6374249958
0.3385053206
0.5822623178
0.6525880695
0.7946324959
0.765638131
0.4248655034
0.4981855565
1.0484234473
0.847310451
0.2722695063
0.217227049
0.4774074669
0.3803300698
0.7987823274
0.4100794675
0.2618815921
0.8681211781
0.4602671569
0.6714430075
0.2337595766
0.5426988688
0.605520573
0.4200778064
0.2368399575
0.5591706366
0.1264502642
0.5637102493
0.4817511829
0.4940065494
0.776758964
0.5046163473
0.4783393355
0.4509692858
0.2322953346
0.5149121795
0.5226331674
0.6204064561
0.3661628954
0.4690070252
0.3782661617
0.3089490555