0.6142717766
0.8332212736
0.6728821236
0.6862440457
0.6235441148
0.6386423945
0.6756216814
0.55748386
0.77894415
0.6478355988
0.9159664005
1.0677298838
0.7757442772
0.8785041725
0.572078379
1.197108731
0.7472407318
0.8558662659
0.9883278022
0.5909299355
0.6164074219
0.6986440825
0.7462524574
0.5540521725
1.1125154296
1.0857313548
0.7458610131
0.6324748803
0.6021614289
0.8726079528
0.8455005488
0.7183204254
0.7568853957
0.6998972535
0.4407803172
0.5663755033
0.6868373734
0.5588308378
0.5920361616
0.6967245336
1.0084955401
0.690734316
0.5619691121
0.7273614316
0.6437091462
0.9696213557
0.5878927191
0.5777294094
0.6939898983
0.8370089457
0.9305995528
1.2216090047
0.5567153221
0.8332803893
0.504384627
0.7080851841
0.7503074307
0.9774821354
1.0838307543
0.8034175251
0.5830345575
0.8189591036
0.8447138155
0.6159508581
0.7647581487
0.6787960138
0.8496658042
0.7266533495
0.5496119851
0.6672087767
0.8871436928
0.6321065589
0.8101662999
0.9146991086
0.6191719882
1.0661826499
0.9024839669
1.0197722945
0.8853317957
1.0016074688
0.9239959322
0.7756887002
0.5239210994
1.0069149906
0.4614686129
0.7942363939
0.3790172766
0.443105195
1.0133323753
1.0054430143
0.8628358425
0.7055127282
0.738796486
0.7410369319
0.9540677643
0.4801312203
0.5979198962
0.7652196291
0.5688028965
0.7251907711