0.442659448
0.674490743
0.798487659
0.55036448
0.47050094
0.790207808
0.69906739
0.734034875
0.965451239
0.457855303
0.732089997
0.689071845
0.762708975
0.382196554
0.754679667
0.70829848
0.464144929
0.652046185
0.688790628
0.407544117
1.006800635
0.721354209
0.664036544
0.748194405
0.651626747
0.576915065
0.701010964
0.450424493
0.726506507
0.621858949
0.831639209
0.845977451
0.379771682
0.581680862
0.441109701
0.748803982
0.608288757
0.688954898
0.518703048
0.705033108
0.735305442
0.570276793
0.980075533
0.451576728
0.528268854
0.552475288
0.46731562
0.632187394
0.644163976
0.692155151
0.637815677
0.731934834
0.928238716
0.70940352
1.02817771
0.694432747
0.749533247
0.916645355
0.608380554
0.644430078
0.706519919
0.674836984
0.889423248
0.678507841
0.82785345
0.865317871
0.625817951
0.408804426
0.711264443
0.421922602
0.88616453
0.654608829
0.577124732
0.904969561
1.06027524
0.714919863
0.481722107
1.021519428
0.601699329
0.495067102
0.734338254
0.658417233
0.634020222
0.663515601
0.55618869
0.698493522
0.712047368
0.626962307
0.487501307
0.592593178
0.704830712
0.712483011
0.551337786
0.726095666
0.781792955
0.69944293
0.649593043
0.677500939
0.724949226
0.679942159
