0,6566133861
0,7213203343
0,9617612883
1,3420485979
0,8710035538
0,830984057
1,013366852
0,8917198244
0,9418695481
1,1928743346
0,6329966367
0,9393537283
0,8478476786
0,885458127
1,0605384712
0,8582551571
1,0818192714
0,5558863763
0,8790121432
1,1472093511
1,6188222338
0,942659804
0,6995993407
0,7462963792
0,9546346807
1,0334609375
1,2055378984
0,9511453599
0,9485793682
1,0812715007
0,6788813513
1,0668838526
0,9134905392
0,8581611658
1,4686802826
0,8780749695
0,8372403961
0,848495972
0,4753266005
0,9338236739
0,9604881004
1,0164866239
0,8659576698
0,9485436557
0,8445625895
0,7361778705
0,7189624656
0,8161945711
0,9943613535
1,6583065913
0,6840243129
1,585546931
1,8852609815
0,6617560623
0,9038219268
1,0825805938
0,8738749021
0,8790504481
0,8302958458
0,8625437447
0,9115002702
1,3395109801
0,7353254054
0,9483734943
0,9819878047
1,8772185294
0,8578782815
1,9018825524
0,9990315464
0,4487414622
0,7708020379
0,8689187091
0,9253421579
0,8552673257
1,3712670037
0,950495276
1,1674705404
1,4107475913
1,6564970582
0,9317838945
0,6598408664
0,7833946405
0,8509308571
0,9309833867
0,92095672
0,9512419642
1,2749988997
1,0923761251
1,2425765041
0,9307347067
0,6606268061
0,8791854206
1,0507675534
0,5849931842
0,9691000691
0,7065404801
0,8459671572
0,8796031069
0,8470709807
1,2278862755

