gen = -001,avg = 0,247,best = 0,247,chrom = {0,376;0,894;0,992;0,394;0,457;0,753;0,029;0,741;0,010;0,585;0,921;0,419;0,512;0,597;0,490;0,423;0,201;0,274;0,384;0,423;0,811;0,114;0,868;0,672;0,568;0,236;0,518;0,239;0,053;0,022;0,127;0,244;0,127;0,545;0,221;0,535;0,997;0,637;0,543;0,998;0,701;0,122;0,488;0,448;0,714;0,901;0,011;0,938;0,141;0,291;0,711;0,090;0,952;0,287;0,893;0,024;0,036;0,142;0,162;0,299}
gen = 0000,avg = 0,358,best = 0,618,chrom = {0,565;0,880;0,378;0,420;0,365;0,179;0,438;0,835;0,006;0,636;0,653;0,362;0,706;0,562;0,841;0,247;0,624;0,095;0,393;0,738;0,206;0,310;0,324;0,873;0,166;0,602;0,194;0,423;0,390;0,744;0,037;0,738;0,194;0,407;0,596;0,196;0,823;0,813;0,118;0,029;0,745;0,630;0,668;0,363;0,288;0,185;0,426;0,406;0,455;0,551;0,715;0,855;0,277;0,101;0,560;0,765;0,899;0,673;0,456;0,307}
gen = 0001,avg = 0,515,best = 0,642,chrom = {0,732;0,065;0,437;0,421;0,825;0,078;0,311;0,092;0,149;0,290;0,646;0,906;0,548;0,850;0,705;0,972;0,628;0,629;0,169;0,392;0,679;0,941;0,425;0,795;0,554;0,200;0,936;0,872;0,946;0,706;0,927;0,581;0,970;0,945;0,039;0,499;0,692;0,510;0,892;0,674;0,260;0,122;0,488;0,448;0,714;0,901;0,011;0,938;0,141;0,291;0,711;0,090;0,952;0,287;0,893;0,024;0,036;0,142;0,162;0,299}
gen = 0002,avg = 0,613,best = 0,735,chrom = {0,302;0,452;0,911;0,639;0,264;0,221;0,030;0,015;0,908;0,144;0,921;0,956;0,585;0,914;0,685;0,652;0,402;0,634;0,214;0,150;0,182;0,079;0,033;0,566;0,504;0,566;0,216;0,636;0,716;0,966;0,371;0,172;0,399;0,727;0,202;0,939;0,603;0,590;0,773;0,448;0,332;0,061;0,896;0,182;0,175;0,598;0,455;0,787;0,678;0,897;0,508;0,850;0,412;0,643;0,935;0,990;0,031;0,555;0,446;0,099}
gen = 0003,avg = 0,669,best = 0,735,chrom = {0,302;0,452;0,911;0,639;0,264;0,221;0,030;0,015;0,908;0,144;0,921;0,956;0,585;0,914;0,685;0,652;0,402;0,634;0,214;0,150;0,182;0,079;0,033;0,566;0,504;0,566;0,216;0,636;0,716;0,966;0,371;0,172;0,399;0,727;0,202;0,939;0,603;0,590;0,773;0,448;0,332;0,061;0,896;0,182;0,175;0,598;0,455;0,787;0,678;0,897;0,508;0,850;0,412;0,643;0,935;0,990;0,031;0,555;0,446;0,099}
gen = 0004,avg = 0,691,best = 0,735,chrom = {0,302;0,452;0,911;0,639;0,264;0,221;0,030;0,015;0,908;0,144;0,921;0,956;0,585;0,914;0,685;0,652;0,402;0,634;0,214;0,150;0,182;0,079;0,033;0,566;0,504;0,566;0,216;0,636;0,716;0,966;0,371;0,172;0,399;0,727;0,202;0,939;0,603;0,590;0,773;0,448;0,332;0,061;0,896;0,182;0,175;0,598;0,455;0,787;0,678;0,897;0,508;0,850;0,412;0,643;0,935;0,990;0,031;0,555;0,446;0,099}
gen = 0005,avg = 0,755,best = 0,957,chrom = {0,732;0,065;0,437;0,421;0,825;0,078;0,311;0,092;0,149;0,290;0,646;0,906;0,548;0,850;0,705;0,972;0,628;0,629;0,169;0,392;0,679;0,941;0,425;0,795;0,921;0,200;0,936;0,872;0,390;0,744;0,037;0,738;0,194;0,992;0,596;0,196;0,823;0,906;0,118;0,029;0,369;0,630;0,668;0,363;0,288;0,185;0,426;0,773;0,455;0,551;0,715;0,855;0,277;0,101;0,560;0,765;0,899;0,673;0,456;0,307}
gen = 0006,avg = 0,798,best = 0,957,chrom = {0,732;0,065;0,437;0,421;0,825;0,078;0,311;0,092;0,149;0,290;0,646;0,906;0,548;0,850;0,705;0,972;0,628;0,629;0,169;0,392;0,679;0,941;0,425;0,795;0,921;0,200;0,936;0,872;0,390;0,744;0,037;0,738;0,194;0,992;0,596;0,196;0,823;0,906;0,118;0,029;0,369;0,630;0,668;0,363;0,288;0,185;0,426;0,773;0,455;0,551;0,715;0,855;0,277;0,101;0,560;0,765;0,899;0,673;0,456;0,307}
gen = 0007,avg = 0,830,best = 0,957,chrom = {0,732;0,065;0,437;0,421;0,825;0,078;0,311;0,092;0,149;0,290;0,646;0,906;0,548;0,850;0,705;0,972;0,628;0,629;0,169;0,392;0,679;0,941;0,425;0,795;0,921;0,200;0,936;0,872;0,390;0,744;0,037;0,738;0,194;0,992;0,596;0,196;0,823;0,906;0,118;0,029;0,369;0,630;0,668;0,363;0,288;0,185;0,426;0,773;0,455;0,551;0,715;0,855;0,277;0,101;0,560;0,765;0,899;0,673;0,456;0,307}
gen = 0008,avg = 0,919,best = 1,020,chrom = {0,732;0,065;0,437;0,421;0,083;0,078;0,311;0,092;0,896;0,290;0,646;0,906;0,548;0,850;0,705;0,972;0,628;0,629;0,169;0,392;0,679;0,941;0,789;0,928;0,921;0,200;0,936;0,872;0,390;0,744;0,037;0,738;0,147;0,992;0,089;0,196;0,823;0,906;0,118;0,029;0,369;0,630;0,668;0,363;0,288;0,185;0,426;0,773;0,455;0,551;0,715;0,855;0,277;0,101;0,560;0,765;0,899;0,673;0,456;0,307}
gen = 0009,avg = 0,963,best = 1,020,chrom = {0,732;0,065;0,437;0,421;0,083;0,078;0,311;0,092;0,896;0,290;0,646;0,906;0,548;0,850;0,705;0,972;0,628;0,629;0,169;0,392;0,679;0,941;0,789;0,928;0,921;0,200;0,936;0,872;0,390;0,744;0,037;0,738;0,147;0,992;0,089;0,196;0,823;0,906;0,118;0,029;0,369;0,630;0,668;0,363;0,288;0,185;0,426;0,773;0,455;0,551;0,715;0,855;0,277;0,101;0,560;0,765;0,899;0,673;0,456;0,307}
gen = 0010,avg = 0,980,best = 1,020,chrom = {0,732;0,065;0,437;0,421;0,083;0,078;0,311;0,092;0,896;0,290;0,646;0,906;0,548;0,850;0,705;0,972;0,628;0,629;0,169;0,392;0,679;0,941;0,789;0,928;0,921;0,200;0,936;0,872;0,390;0,744;0,037;0,738;0,147;0,992;0,089;0,196;0,823;0,906;0,118;0,029;0,369;0,630;0,668;0,363;0,288;0,185;0,426;0,773;0,455;0,551;0,715;0,855;0,277;0,101;0,560;0,765;0,899;0,673;0,456;0,307}
gen = 0011,avg = 0,990,best = 1,022,chrom = {0,732;0,065;0,437;0,421;0,417;0,441;0,311;0,092;0,149;0,290;0,737;0,906;0,548;0,850;0,705;0,972;0,628;0,629;0,169;0,392;0,679;0,151;0,425;0,795;0,921;0,200;0,409;0,872;0,390;0,744;0,037;0,738;0,194;0,992;0,596;0,196;0,823;0,906;0,118;0,029;0,369;0,630;0,668;0,363;0,288;0,185;0,426;0,773;0,455;0,551;0,715;0,855;0,277;0,101;0,560;0,765;0,899;0,673;0,456;0,307}
gen = 0012,avg = 1,008,best = 1,060,chrom = {0,732;0,065;0,437;0,421;0,825;0,078;0,311;0,092;0,149;0,290;0,646;0,906;0,548;0,850;0,705;0,972;0,628;0,846;0,128;0,392;0,107;0,669;0,425;0,795;0,921;0,200;0,936;0,872;0,390;0,744;0,037;0,330;0,194;0,992;0,596;0,372;0,823;0,906;0,118;0,029;0,369;0,630;0,668;0,363;0,288;0,185;0,426;0,773;0,455;0,551;0,715;0,855;0,277;0,101;0,560;0,765;0,899;0,673;0,456;0,307}
gen = 0013,avg = 1,015,best = 1,060,chrom = {0,732;0,065;0,437;0,421;0,825;0,078;0,311;0,092;0,149;0,290;0,646;0,906;0,548;0,850;0,705;0,972;0,628;0,846;0,128;0,392;0,107;0,669;0,425;0,795;0,921;0,200;0,936;0,872;0,390;0,744;0,037;0,330;0,194;0,992;0,596;0,372;0,823;0,906;0,118;0,029;0,369;0,630;0,668;0,363;0,288;0,185;0,426;0,773;0,455;0,551;0,715;0,855;0,277;0,101;0,560;0,765;0,899;0,673;0,456;0,307}
gen = 0014,avg = 1,036,best = 1,105,chrom = {0,732;0,065;0,437;0,421;0,083;0,078;0,311;0,092;0,896;0,290;0,646;0,906;0,548;0,850;0,705;0,972;0,628;0,629;0,169;0,967;0,679;0,941;0,789;0,928;0,921;0,200;0,936;0,872;0,358;0,744;0,037;0,738;0,147;0,992;0,089;0,196;0,823;0,906;0,118;0,029;0,369;0,630;0,668;0,363;0,288;0,185;0,245;0,773;0,455;0,551;0,715;0,855;0,277;0,101;0,560;0,765;0,899;0,673;0,456;0,307}
gen = 0015,avg = 1,048,best = 1,105,chrom = {0,732;0,065;0,437;0,421;0,083;0,078;0,311;0,092;0,896;0,290;0,646;0,906;0,548;0,850;0,705;0,972;0,628;0,629;0,169;0,967;0,679;0,941;0,789;0,928;0,921;0,200;0,936;0,872;0,358;0,744;0,037;0,738;0,147;0,992;0,089;0,196;0,823;0,906;0,118;0,029;0,369;0,630;0,668;0,363;0,288;0,185;0,245;0,773;0,455;0,551;0,715;0,855;0,277;0,101;0,560;0,765;0,899;0,673;0,456;0,307}
gen = 0016,avg = 1,055,best = 1,105,chrom = {0,732;0,065;0,437;0,421;0,083;0,078;0,311;0,092;0,896;0,290;0,646;0,906;0,548;0,850;0,705;0,972;0,628;0,629;0,169;0,967;0,679;0,941;0,789;0,928;0,921;0,200;0,936;0,872;0,358;0,744;0,037;0,738;0,147;0,992;0,089;0,196;0,823;0,906;0,118;0,029;0,369;0,630;0,668;0,363;0,288;0,185;0,245;0,773;0,455;0,551;0,715;0,855;0,277;0,101;0,560;0,765;0,899;0,673;0,456;0,307}
gen = 0017,avg = 1,062,best = 1,105,chrom = {0,732;0,065;0,437;0,421;0,083;0,078;0,311;0,092;0,896;0,290;0,646;0,906;0,548;0,850;0,705;0,972;0,628;0,629;0,169;0,967;0,679;0,941;0,789;0,928;0,921;0,200;0,936;0,872;0,358;0,744;0,037;0,738;0,147;0,992;0,089;0,196;0,823;0,906;0,118;0,029;0,369;0,630;0,668;0,363;0,288;0,185;0,245;0,773;0,455;0,551;0,715;0,855;0,277;0,101;0,560;0,765;0,899;0,673;0,456;0,307}
gen = 0018,avg = 1,071,best = 1,105,chrom = {0,732;0,065;0,437;0,421;0,083;0,078;0,311;0,092;0,896;0,290;0,646;0,906;0,548;0,850;0,705;0,972;0,628;0,629;0,169;0,967;0,679;0,941;0,789;0,928;0,921;0,200;0,936;0,872;0,358;0,744;0,037;0,738;0,147;0,992;0,089;0,196;0,823;0,906;0,118;0,029;0,369;0,630;0,668;0,363;0,288;0,185;0,245;0,773;0,455;0,551;0,715;0,855;0,277;0,101;0,560;0,765;0,899;0,673;0,456;0,307}
gen = 0019,avg = 1,077,best = 1,105,chrom = {0,732;0,065;0,437;0,421;0,083;0,078;0,311;0,092;0,896;0,290;0,646;0,906;0,548;0,850;0,705;0,972;0,628;0,629;0,169;0,967;0,679;0,941;0,789;0,928;0,921;0,200;0,936;0,872;0,358;0,744;0,037;0,738;0,147;0,992;0,089;0,196;0,823;0,906;0,118;0,029;0,369;0,630;0,668;0,363;0,288;0,185;0,245;0,773;0,455;0,551;0,715;0,855;0,277;0,101;0,560;0,765;0,899;0,673;0,456;0,307}
gen = 0020,avg = 1,082,best = 1,105,chrom = {0,732;0,065;0,437;0,421;0,083;0,078;0,311;0,092;0,896;0,290;0,646;0,906;0,548;0,850;0,705;0,972;0,628;0,629;0,169;0,967;0,679;0,941;0,789;0,928;0,921;0,200;0,936;0,872;0,358;0,744;0,037;0,738;0,147;0,992;0,089;0,196;0,823;0,906;0,118;0,029;0,369;0,630;0,668;0,363;0,288;0,185;0,245;0,773;0,455;0,551;0,715;0,855;0,277;0,101;0,560;0,765;0,899;0,673;0,456;0,307}
gen = 0021,avg = 1,087,best = 1,105,chrom = {0,732;0,065;0,437;0,421;0,083;0,078;0,311;0,092;0,896;0,290;0,646;0,906;0,548;0,850;0,705;0,972;0,628;0,629;0,169;0,967;0,679;0,941;0,789;0,928;0,921;0,200;0,936;0,872;0,358;0,744;0,037;0,738;0,147;0,992;0,089;0,196;0,823;0,906;0,118;0,029;0,369;0,630;0,668;0,363;0,288;0,185;0,245;0,773;0,455;0,551;0,715;0,855;0,277;0,101;0,560;0,765;0,899;0,673;0,456;0,307}
gen = 0022,avg = 1,092,best = 1,105,chrom = {0,732;0,065;0,437;0,421;0,083;0,078;0,311;0,092;0,896;0,290;0,646;0,906;0,548;0,850;0,705;0,972;0,628;0,629;0,169;0,967;0,679;0,941;0,789;0,928;0,921;0,200;0,936;0,872;0,358;0,744;0,037;0,738;0,147;0,992;0,089;0,196;0,823;0,906;0,118;0,029;0,369;0,630;0,668;0,363;0,288;0,185;0,245;0,773;0,455;0,551;0,715;0,855;0,277;0,101;0,560;0,765;0,899;0,673;0,456;0,307}
gen = 0023,avg = 1,096,best = 1,105,chrom = {0,732;0,065;0,437;0,421;0,083;0,078;0,311;0,092;0,896;0,290;0,646;0,906;0,548;0,850;0,705;0,972;0,628;0,629;0,169;0,967;0,679;0,941;0,789;0,928;0,921;0,200;0,936;0,872;0,358;0,744;0,037;0,738;0,147;0,992;0,089;0,196;0,823;0,906;0,118;0,029;0,369;0,630;0,668;0,363;0,288;0,185;0,245;0,773;0,455;0,551;0,715;0,855;0,277;0,101;0,560;0,765;0,899;0,673;0,456;0,307}
gen = 0024,avg = 1,105,best = 1,128,chrom = {0,732;0,164;0,437;0,421;0,083;0,078;0,501;0,092;0,308;0,290;0,646;0,906;0,548;0,850;0,705;0,972;0,628;0,629;0,169;0,967;0,679;0,941;0,789;0,928;0,652;0,200;0,936;0,872;0,358;0,744;0,037;0,738;0,147;0,992;0,089;0,196;0,823;0,906;0,118;0,029;0,369;0,630;0,668;0,363;0,288;0,185;0,245;0,773;0,455;0,551;0,715;0,855;0,277;0,101;0,560;0,765;0,899;0,673;0,456;0,307}
gen = 0025,avg = 1,109,best = 1,128,chrom = {0,732;0,164;0,437;0,421;0,083;0,078;0,501;0,092;0,308;0,290;0,646;0,906;0,548;0,850;0,705;0,972;0,628;0,629;0,169;0,967;0,679;0,941;0,789;0,928;0,652;0,200;0,936;0,872;0,358;0,744;0,037;0,738;0,147;0,992;0,089;0,196;0,823;0,906;0,118;0,029;0,369;0,630;0,668;0,363;0,288;0,185;0,245;0,773;0,455;0,551;0,715;0,855;0,277;0,101;0,560;0,765;0,899;0,673;0,456;0,307}
gen = 0026,avg = 1,112,best = 1,128,chrom = {0,732;0,164;0,437;0,421;0,083;0,078;0,501;0,092;0,308;0,290;0,646;0,906;0,548;0,850;0,705;0,972;0,628;0,629;0,169;0,967;0,679;0,941;0,789;0,928;0,652;0,200;0,936;0,872;0,358;0,744;0,037;0,738;0,147;0,992;0,089;0,196;0,823;0,906;0,118;0,029;0,369;0,630;0,668;0,363;0,288;0,185;0,245;0,773;0,455;0,551;0,715;0,855;0,277;0,101;0,560;0,765;0,899;0,673;0,456;0,307}
gen = 0027,avg = 1,113,best = 1,128,chrom = {0,732;0,164;0,437;0,421;0,083;0,078;0,501;0,092;0,308;0,290;0,646;0,906;0,548;0,850;0,705;0,972;0,628;0,629;0,169;0,967;0,679;0,941;0,789;0,928;0,652;0,200;0,936;0,872;0,358;0,744;0,037;0,738;0,147;0,992;0,089;0,196;0,823;0,906;0,118;0,029;0,369;0,630;0,668;0,363;0,288;0,185;0,245;0,773;0,455;0,551;0,715;0,855;0,277;0,101;0,560;0,765;0,899;0,673;0,456;0,307}
gen = 0028,avg = 1,115,best = 1,128,chrom = {0,732;0,164;0,437;0,421;0,083;0,078;0,501;0,092;0,308;0,290;0,646;0,906;0,548;0,850;0,705;0,972;0,628;0,629;0,169;0,967;0,679;0,941;0,789;0,928;0,652;0,200;0,936;0,872;0,358;0,744;0,037;0,738;0,147;0,992;0,089;0,196;0,823;0,906;0,118;0,029;0,369;0,630;0,668;0,363;0,288;0,185;0,245;0,773;0,455;0,551;0,715;0,855;0,277;0,101;0,560;0,765;0,899;0,673;0,456;0,307}
gen = 0029,avg = 1,116,best = 1,128,chrom = {0,732;0,164;0,437;0,421;0,083;0,078;0,501;0,092;0,308;0,290;0,646;0,906;0,548;0,850;0,705;0,972;0,628;0,629;0,169;0,967;0,679;0,941;0,789;0,928;0,652;0,200;0,936;0,872;0,358;0,744;0,037;0,738;0,147;0,992;0,089;0,196;0,823;0,906;0,118;0,029;0,369;0,630;0,668;0,363;0,288;0,185;0,245;0,773;0,455;0,551;0,715;0,855;0,277;0,101;0,560;0,765;0,899;0,673;0,456;0,307}
gen = 0030,avg = 1,118,best = 1,128,chrom = {0,732;0,164;0,437;0,421;0,083;0,078;0,501;0,092;0,308;0,290;0,646;0,906;0,548;0,850;0,705;0,972;0,628;0,629;0,169;0,967;0,679;0,941;0,789;0,928;0,652;0,200;0,936;0,872;0,358;0,744;0,037;0,738;0,147;0,992;0,089;0,196;0,823;0,906;0,118;0,029;0,369;0,630;0,668;0,363;0,288;0,185;0,245;0,773;0,455;0,551;0,715;0,855;0,277;0,101;0,560;0,765;0,899;0,673;0,456;0,307}
gen = 0031,avg = 1,119,best = 1,128,chrom = {0,732;0,164;0,437;0,421;0,083;0,078;0,501;0,092;0,308;0,290;0,646;0,906;0,548;0,850;0,705;0,972;0,628;0,629;0,169;0,967;0,679;0,941;0,789;0,928;0,652;0,200;0,936;0,872;0,358;0,744;0,037;0,738;0,147;0,992;0,089;0,196;0,823;0,906;0,118;0,029;0,369;0,630;0,668;0,363;0,288;0,185;0,245;0,773;0,455;0,551;0,715;0,855;0,277;0,101;0,560;0,765;0,899;0,673;0,456;0,307}
gen = 0032,avg = 1,121,best = 1,128,chrom = {0,732;0,164;0,437;0,421;0,083;0,078;0,501;0,092;0,308;0,290;0,646;0,906;0,548;0,850;0,705;0,972;0,628;0,629;0,169;0,967;0,679;0,941;0,789;0,928;0,652;0,200;0,936;0,872;0,358;0,744;0,037;0,738;0,147;0,992;0,089;0,196;0,823;0,906;0,118;0,029;0,369;0,630;0,668;0,363;0,288;0,185;0,245;0,773;0,455;0,551;0,715;0,855;0,277;0,101;0,560;0,765;0,899;0,673;0,456;0,307}
gen = 0033,avg = 1,122,best = 1,128,chrom = {0,732;0,164;0,437;0,421;0,083;0,078;0,501;0,092;0,308;0,290;0,646;0,906;0,548;0,850;0,705;0,972;0,628;0,629;0,169;0,967;0,679;0,941;0,789;0,928;0,652;0,200;0,936;0,872;0,358;0,744;0,037;0,738;0,147;0,992;0,089;0,196;0,823;0,906;0,118;0,029;0,369;0,630;0,668;0,363;0,288;0,185;0,245;0,773;0,455;0,551;0,715;0,855;0,277;0,101;0,560;0,765;0,899;0,673;0,456;0,307}
gen = 0034,avg = 1,124,best = 1,128,chrom = {0,732;0,164;0,437;0,421;0,083;0,078;0,501;0,092;0,308;0,290;0,646;0,906;0,548;0,850;0,705;0,972;0,628;0,629;0,169;0,967;0,679;0,941;0,789;0,928;0,652;0,200;0,936;0,872;0,358;0,744;0,037;0,738;0,147;0,992;0,089;0,196;0,823;0,906;0,118;0,029;0,369;0,630;0,668;0,363;0,288;0,185;0,245;0,773;0,455;0,551;0,715;0,855;0,277;0,101;0,560;0,765;0,899;0,673;0,456;0,307}
gen = 0035,avg = 1,125,best = 1,128,chrom = {0,732;0,164;0,437;0,421;0,083;0,078;0,501;0,092;0,308;0,290;0,646;0,906;0,548;0,850;0,705;0,972;0,628;0,629;0,169;0,967;0,679;0,941;0,789;0,928;0,652;0,200;0,936;0,872;0,358;0,744;0,037;0,738;0,147;0,992;0,089;0,196;0,823;0,906;0,118;0,029;0,369;0,630;0,668;0,363;0,288;0,185;0,245;0,773;0,455;0,551;0,715;0,855;0,277;0,101;0,560;0,765;0,899;0,673;0,456;0,307}
gen = 0036,avg = 1,127,best = 1,128,chrom = {0,732;0,164;0,437;0,421;0,083;0,078;0,501;0,092;0,308;0,290;0,646;0,906;0,548;0,850;0,705;0,972;0,628;0,629;0,169;0,967;0,679;0,941;0,789;0,928;0,652;0,200;0,936;0,872;0,358;0,744;0,037;0,738;0,147;0,992;0,089;0,196;0,823;0,906;0,118;0,029;0,369;0,630;0,668;0,363;0,288;0,185;0,245;0,773;0,455;0,551;0,715;0,855;0,277;0,101;0,560;0,765;0,899;0,673;0,456;0,307}
gen = 0037,avg = 1,128,best = 1,128,chrom = {0,732;0,164;0,437;0,421;0,083;0,078;0,501;0,092;0,308;0,290;0,646;0,906;0,548;0,850;0,705;0,972;0,628;0,629;0,169;0,967;0,679;0,941;0,789;0,928;0,652;0,200;0,936;0,872;0,358;0,744;0,037;0,738;0,147;0,992;0,089;0,196;0,823;0,906;0,118;0,029;0,369;0,630;0,668;0,363;0,288;0,185;0,245;0,773;0,455;0,551;0,715;0,855;0,277;0,101;0,560;0,765;0,899;0,673;0,456;0,307}
gen = 0038,avg = 1,128,best = 1,128,chrom = {0,732;0,164;0,437;0,421;0,083;0,078;0,501;0,092;0,308;0,290;0,646;0,906;0,548;0,850;0,705;0,972;0,628;0,629;0,169;0,967;0,679;0,941;0,789;0,928;0,652;0,200;0,936;0,872;0,358;0,744;0,037;0,738;0,147;0,992;0,089;0,196;0,823;0,906;0,118;0,029;0,369;0,630;0,668;0,363;0,288;0,185;0,245;0,773;0,455;0,551;0,715;0,855;0,277;0,101;0,560;0,765;0,899;0,673;0,456;0,307}
gen = 0039,avg = 1,128,best = 1,128,chrom = {0,732;0,164;0,437;0,421;0,083;0,078;0,501;0,092;0,308;0,290;0,646;0,906;0,548;0,850;0,705;0,972;0,628;0,629;0,169;0,967;0,679;0,941;0,789;0,928;0,652;0,200;0,936;0,872;0,358;0,744;0,037;0,738;0,147;0,992;0,089;0,196;0,823;0,906;0,118;0,029;0,369;0,630;0,668;0,363;0,288;0,185;0,245;0,773;0,455;0,551;0,715;0,855;0,277;0,101;0,560;0,765;0,899;0,673;0,456;0,307}
gen = 0040,avg = 1,128,best = 1,128,chrom = {0,732;0,164;0,437;0,421;0,083;0,078;0,501;0,092;0,308;0,290;0,646;0,906;0,548;0,850;0,705;0,972;0,628;0,629;0,169;0,967;0,679;0,941;0,789;0,928;0,652;0,200;0,936;0,872;0,358;0,744;0,037;0,738;0,147;0,992;0,089;0,196;0,823;0,906;0,118;0,029;0,369;0,630;0,668;0,363;0,288;0,185;0,245;0,773;0,455;0,551;0,715;0,855;0,277;0,101;0,560;0,765;0,899;0,673;0,456;0,307}
gen = 0041,avg = 1,128,best = 1,128,chrom = {0,732;0,164;0,437;0,421;0,083;0,078;0,501;0,092;0,308;0,290;0,646;0,906;0,548;0,850;0,705;0,972;0,628;0,629;0,169;0,967;0,679;0,941;0,789;0,928;0,652;0,200;0,936;0,872;0,358;0,744;0,037;0,738;0,147;0,992;0,089;0,196;0,823;0,906;0,118;0,029;0,369;0,630;0,668;0,363;0,288;0,185;0,245;0,773;0,455;0,551;0,715;0,855;0,277;0,101;0,560;0,765;0,899;0,673;0,456;0,307}
gen = 0042,avg = 1,128,best = 1,128,chrom = {0,732;0,164;0,437;0,421;0,083;0,078;0,501;0,092;0,308;0,290;0,646;0,906;0,548;0,850;0,705;0,972;0,628;0,629;0,169;0,967;0,679;0,941;0,789;0,928;0,652;0,200;0,936;0,872;0,358;0,744;0,037;0,738;0,147;0,992;0,089;0,196;0,823;0,906;0,118;0,029;0,369;0,630;0,668;0,363;0,288;0,185;0,245;0,773;0,455;0,551;0,715;0,855;0,277;0,101;0,560;0,765;0,899;0,673;0,456;0,307}
gen = 0043,avg = 1,128,best = 1,128,chrom = {0,732;0,164;0,437;0,421;0,083;0,078;0,501;0,092;0,308;0,290;0,646;0,906;0,548;0,850;0,705;0,972;0,628;0,629;0,169;0,967;0,679;0,941;0,789;0,928;0,652;0,200;0,936;0,872;0,358;0,744;0,037;0,738;0,147;0,992;0,089;0,196;0,823;0,906;0,118;0,029;0,369;0,630;0,668;0,363;0,288;0,185;0,245;0,773;0,455;0,551;0,715;0,855;0,277;0,101;0,560;0,765;0,899;0,673;0,456;0,307}
gen = 0044,avg = 1,128,best = 1,128,chrom = {0,732;0,164;0,437;0,421;0,083;0,078;0,501;0,092;0,308;0,290;0,646;0,906;0,548;0,850;0,705;0,972;0,628;0,629;0,169;0,967;0,679;0,941;0,789;0,928;0,652;0,200;0,936;0,872;0,358;0,744;0,037;0,738;0,147;0,992;0,089;0,196;0,823;0,906;0,118;0,029;0,369;0,630;0,668;0,363;0,288;0,185;0,245;0,773;0,455;0,551;0,715;0,855;0,277;0,101;0,560;0,765;0,899;0,673;0,456;0,307}
gen = 0045,avg = 1,128,best = 1,128,chrom = {0,732;0,164;0,437;0,421;0,083;0,078;0,501;0,092;0,308;0,290;0,646;0,906;0,548;0,850;0,705;0,972;0,628;0,629;0,169;0,967;0,679;0,941;0,789;0,928;0,652;0,200;0,936;0,872;0,358;0,744;0,037;0,738;0,147;0,992;0,089;0,196;0,823;0,906;0,118;0,029;0,369;0,630;0,668;0,363;0,288;0,185;0,245;0,773;0,455;0,551;0,715;0,855;0,277;0,101;0,560;0,765;0,899;0,673;0,456;0,307}
gen = 0046,avg = 1,128,best = 1,128,chrom = {0,732;0,164;0,437;0,421;0,083;0,078;0,501;0,092;0,308;0,290;0,646;0,906;0,548;0,850;0,705;0,972;0,628;0,629;0,169;0,967;0,679;0,941;0,789;0,928;0,652;0,200;0,936;0,872;0,358;0,744;0,037;0,738;0,147;0,992;0,089;0,196;0,823;0,906;0,118;0,029;0,369;0,630;0,668;0,363;0,288;0,185;0,245;0,773;0,455;0,551;0,715;0,855;0,277;0,101;0,560;0,765;0,899;0,673;0,456;0,307}
gen = 0047,avg = 1,128,best = 1,128,chrom = {0,732;0,164;0,437;0,421;0,083;0,078;0,501;0,092;0,308;0,290;0,646;0,906;0,548;0,850;0,705;0,972;0,628;0,629;0,169;0,967;0,679;0,941;0,789;0,928;0,652;0,200;0,936;0,872;0,358;0,744;0,037;0,738;0,147;0,992;0,089;0,196;0,823;0,906;0,118;0,029;0,369;0,630;0,668;0,363;0,288;0,185;0,245;0,773;0,455;0,551;0,715;0,855;0,277;0,101;0,560;0,765;0,899;0,673;0,456;0,307}
gen = 0048,avg = 1,128,best = 1,128,chrom = {0,732;0,164;0,437;0,421;0,083;0,078;0,501;0,092;0,308;0,290;0,646;0,906;0,548;0,850;0,705;0,972;0,628;0,629;0,169;0,967;0,679;0,941;0,789;0,928;0,652;0,200;0,936;0,872;0,358;0,744;0,037;0,738;0,147;0,992;0,089;0,196;0,823;0,906;0,118;0,029;0,369;0,630;0,668;0,363;0,288;0,185;0,245;0,773;0,455;0,551;0,715;0,855;0,277;0,101;0,560;0,765;0,899;0,673;0,456;0,307}
gen = 0049,avg = 1,128,best = 1,128,chrom = {0,732;0,164;0,437;0,421;0,083;0,078;0,501;0,092;0,308;0,290;0,646;0,906;0,548;0,850;0,705;0,972;0,628;0,629;0,169;0,967;0,679;0,941;0,789;0,928;0,652;0,200;0,936;0,872;0,358;0,744;0,037;0,738;0,147;0,992;0,089;0,196;0,823;0,906;0,118;0,029;0,369;0,630;0,668;0,363;0,288;0,185;0,245;0,773;0,455;0,551;0,715;0,855;0,277;0,101;0,560;0,765;0,899;0,673;0,456;0,307}
gen = 0050,avg = 1,128,best = 1,128,chrom = {0,732;0,164;0,437;0,421;0,083;0,078;0,501;0,092;0,308;0,290;0,646;0,906;0,548;0,850;0,705;0,972;0,628;0,629;0,169;0,967;0,679;0,941;0,789;0,928;0,652;0,200;0,936;0,872;0,358;0,744;0,037;0,738;0,147;0,992;0,089;0,196;0,823;0,906;0,118;0,029;0,369;0,630;0,668;0,363;0,288;0,185;0,245;0,773;0,455;0,551;0,715;0,855;0,277;0,101;0,560;0,765;0,899;0,673;0,456;0,307}
Execution Time = 1644,133ms;
