mmdp.128 <- c(1819.017471, 5380.129626, 2551.345657, 2634.137179, 2870.373786, 1714.032123, 2818.044367, 2009.994504, 2752.488912, 1983.017597, 2661.884174, 2176.32266, 1381.600029, 1621.233216, 2408.055111, 2117.364548, 2554.327411, 1450.008002, 1592.880599, 1795.593397, 1879.346211, 1815.242293, 2522.615502, 1710.167021, 2483.80755, 3341.401182, 2122.437869, 1781.142842, 1173.572292, 1228.774754, 1819.017471, 6035.390905, 4619.072967, 12074.577447, 5839.550532, 2426.576562, 3794.510948, 2009.994504, 4122.666308, 6096.866724, 6396.554519, 12285.636923, 1901.05692, 3828.294099, 6210.527671, 3672.348407, 4658.380276, 4299.750924, 4226.641174, 3615.183775, 2628.394745, 10811.681755, 3462.924758, 2757.455718, 11369.222742, 7247.015591, 2122.437869, 12321.689109, 1173.572292, 3493.775435, 5380.129626, 4468.818206, 6829.998444, 3543.798039, 3393.383959, 11805.85563, 7233.11089, 7295.472554, 4105.703063, 3479.948688, 2979.783458, 4594.670494, 3197.968926, 2554.327411, 3495.063726, 4067.630548, 6098.503262, 2826.92562, 4419.319958, 2846.07001, 4036.327924, 5837.642751, 4557.581719, 3005.699593, 2257.176514, 7149.475576, 3284.505141, 6284.859704, 5764.834585, 3662.119782, 4618.466338, 8098.640164, 6849.327328, 3427.683473, 3149.047757, 4483.158015, 5835.98622, 6667.691128, 3490.123047, 2823.906987, 2408.055111, 11941.657343, 2926.34356, 9206.780631, 2652.245559, 5007.463482, 1879.346211, 3627.345557, 3730.457314, 7059.441125, 2483.80755, 4136.930452, 3975.76594, 1823.570124, 2070.848731, 2080.620794, 10035.785762, 3623.727101, 7640.57513, 5249.122217, 3427.334152, 3635.565714, 4334.145612, 1983.017597, 6489.048727, 2176.32266, 1381.600029, 5954.240572, 2117.364548, 7667.777449, 3442.494186, 1592.880599, 4076.284867, 2394.245611, 4632.979437, 2522.615502, 1710.167021, 3685.782591, 3727.730997, 2603.369156, 8049.222528, 2891.986734, 7275.121815, 3903.036405, 13090.016732, 5768.898159, 2634.137179, 3357.995197, 2381.941829, 3816.132796, 4004.01789, 3930.946447, 3693.561355, 6811.987122, 5410.463141, 2328.333096, 3265.116243, 8108.503399, 4841.112287, 2577.294835, 2506.745905, 1795.593397, 3343.4923, 3024.867306, 7046.437454, 4720.847689, 2579.619437, 7047.53791, 6547.703775, 5682.174393, 6765.6741, 1527.555266, 6612.553733, 6068.654788, 12141.277789, 6142.129843, 2870.373786, 1714.032123, 9251.695575, 4095.007774, 2752.488912, 4968.751624, 6536.338411, 2933.187401, 9466.117737, 5461.145148, 3245.987801, 2950.017643, 3222.38867, 2064.909398, 2129.846174, 4435.962891, 3488.499223, 6060.852194, 11501.845778, 5817.281613, 4193.032357, 3176.612743, 1781.142842, 4940.618982, 1228.774754, 6974.786743, 12236.281967, 10285.64733, 5375.969005, 7608.675119, 3672.734416, 2818.044367, 4875.708322, 4275.778521, 4117.531141, 2661.884174, 4801.124548, 1721.298867, 9002.100635, 5551.679766, 2489.163354, 4293.754673, 3269.148548, 2903.459258, 1889.865727, 1815.242293, 3295.46743, 2300.534815, 5243.834398, 3341.401182, 3566.218839, 4287.330403, 3555.922772, 5078.280593)
mmdp.256 <- c(4274.056188, 2729.627797, 6316.724338, 2922.481922, 6418.594971, 2632.110946, 2122.949457, 1955.37399, 3924.163551, 1688.09112, 3431.430394, 2546.546775, 2671.083057, 2390.95872, 3292.641285, 1960.311968, 4581.953918, 7664.497105, 2734.22924, 4084.355883, 1774.378835, 7616.197211, 5515.048389, 3164.037587, 1635.428293, 1715.42775, 5951.330092, 4777.478031, 2406.159794, 2758.303985, 4274.056188, 11151.508939, 6316.724338, 2922.481922, 6418.594971, 3367.12043, 2122.949457, 5945.499914, 6047.326208, 5473.076054, 3431.430394, 2546.546775, 4968.466502, 2784.680056, 3566.655248, 4634.152004, 11505.203101, 7664.497105, 7224.588853, 4084.355883, 1774.378835, 7616.197211, 8076.131893, 1635.428293, 1715.42775, 5951.330092, 2406.159794, 9734.939413, 3835.049001, 6108.71772, 2377.619345, 4473.841551, 4226.368591, 4755.832617, 5062.250959, 8104.453604, 2704.472937, 7749.121325, 1179.884728, 9076.870175, 3007.455844, 10672.610575, 5116.22484, 9344.638093, 6695.432118, 1787.773449, 3851.401027, 5084.347867, 7020.989087, 2061.283987, 7335.294492, 5164.314675, 2026.529542, 2575.96839, 3725.902834, 818.699401, 6137.808346, 1542.350804, 3286.192002, 9584.246931, 6521.573505, 3657.921779, 3378.920751, 9064.325862, 3399.382587, 3734.036934, 5033.899723, 4614.897601, 3185.793823, 6277.89508, 10316.121486, 4161.938622, 2870.184643, 5438.007704, 2293.373569, 9232.512606, 10150.426256, 6162.584451, 7144.912355, 2304.740005, 8637.628878, 6937.632994, 11393.398113)
mmdp.512 <- c(4413.924705, 2818.194227, 1613.630703, 5799.896184, 3664.783518, 4542.563216, 2732.591634, 3347.051424, 7270.587867, 3099.518012, 3381.983586, 3022.221313, 1604.383093, 2823.619575, 11791.223842, 5320.772328, 3172.686173, 2859.540107, 3361.151631, 3343.996079, 5391.910596, 1755.382162, 5725.016759, 2547.150528, 8268.781566, 5009.010587, 2823.846743, 3785.46554, 3997.707045, 4615.708443, 4413.924705, 2818.194227, 3772.294259, 5799.896184, 3664.783518, 4542.563216, 2732.591634, 3347.051424, 7270.587867, 3099.518012, 3381.983586, 7155.151034, 3146.142183, 11827.56547, 5320.772328, 3172.686173, 7956.918559, 9980.887387, 4060.672729, 5391.910596, 5725.016759, 4155.094091, 8819.547208, 5009.010587, 2823.846743, 3785.46554, 3997.707045, 4615.708443)
mmdp.1024 <- c(4503.132656, 9295.738622, 7887.309424, 3144.27971, 4041.434685, 3205.113674, 11120.141193, 2871.275471, 6322.768915, 3284.311226, 3703.019699, 5907.462419, 9923.898954, 5709.477321, 4978.39866, 4341.712121, 2895.617274, 4798.414973, 3608.841204, 4300.513265, 3336.844899, 7012.384888, 5964.387009, 8785.825026, 6668.036275, 3373.580401, 4155.267703, 6936.994993, 7885.496302)
summary(mmdp.1024)
summary(mmdp.512)
summary(mmdp.256)
summary(mmdp.128)
wilcox.test(mmdp.1024, mmdp.512)
wilcox.test(mmdp.256, mmdp.512)
wilcox.test(mmdp.256, mmdp.128)
wilcox.test(mmdp.512, mmdp.128)
quit
quit()
mmdp.df <- data.frame( pop=c(128,256,512,1024),time=c(average(mmdp.128),average(mmdp.256),average(mmdp.512), average(mmdp.1024)))
mmdp.df <- data.frame( pop=c(128,256,512,1024),time=c(mean(mmdp.128),mean(mmdp.256),mean(mmdp.512), mean(mmdp.1024)))
mmdp.df
plot(mmdp.df, type='b')
quit()
