0.305915252688963;0.231984588766577;0.125796012957918;0.230371361545397;0.614933668462944;\n
0.311343636227741;0.248619606844084;0.128539507200271;0.213583776729817;0.268991109432982;\n
0.328647689890264;0.266466805814271;0.125716675249247;0.224359949767396;0.00527914924752082;\n
0.311272450896964;0.314533940205147;0.125426041614001;0.241180116838671;-0.108532350164729;\n
0.254300171621033;0.24621366426232;0.136625603541953;0.224786866494582;-0.0841792440582949;\n
0.322380979473578;0.311002485796892;0.124348983926886;0.295234239368268;-0.0700203607231212;\n
0.339951323182079;0.228675632481764;0.13015567977308;0.238157158111591;-0.0743570629867104;\n
0.329577458619207;0.225365512879521;0.137923276960385;0.238616786432461;-0.00303584920791328;\n
0.315835814562711;0.278020110809088;0.119603371264661;0.258618845220238;0.039446295614146;\n
0.316563139900607;0.304684248630981;0.120178403868357;0.228016776282071;-0.0914606753996338;\n
0.307677039189761;0.241541742023161;0.125642154491133;0.251452237919055;-0.0653747701389993;\n
0.296391634956911;0.243938845893361;0.128439152952374;0.236351404609322;0.57317385388559;\n
0.278642173181065;0.273100405371908;0.125525761610614;0.216234929598607;0.552485379683929;\n
0.318180788704681;0.237486351159589;0.129597979399575;0.21623609442618;-0.0926489378769745;\n
0.30571892727416;0.262644752401263;0.129316966148303;0.229568822903591;-0.0827851805912295;\n
0.285543417853994;0.259170199992481;0.130158334930379;0.260524685117782;-0.0454009620197415;\n
0.315840023258411;0.260747288235789;0.138146293245766;0.223492197611917;0.177677843963464;\n
0.330169030951701;0.221404160929059;0.129367180531017;0.235486883918884;0.602872857373164;\n
0.277050515290736;0.248902723144002;0.127406310741915;0.212844331919505;0.651227070977526;\n
0.282693310135488;0.260013970205595;0.127911165274591;0.226755886390406;0.342268474290718;\n
0.306729355236367;0.278812081202513;0.141600589346993;0.244202106286527;-0.0426912369258527;\n
0.288547803869939;0.287021655366996;0.134430309020584;0.24634585707991;-0.0465554719623726;\n
0.342469640941994;0.204133795077068;0.140002108845533;0.272202795738563;0.167980910317094;\n
0.286919891382514;0.22852948701405;0.14075107349978;0.261514361155075;0.197623693352921;\n
0.303150194803817;0.576021136865681;0.127142990027262;0.233643362174814;-0.035650726715416;\n
0.318437469278104;0.275886733099616;0.127972116268205;0.22461157867564;0.45313414093066;\n
0.288492659993355;0.249125559280953;0.13210961076963;0.225979352820418;-0.00267710819830674;\n
0.310864435475264;0.244768924819909;0.13053435109319;0.237370239010334;-0.00833874572616267;\n
0.324305447713858;0.246498460398285;0.13525261756141;0.222614089455737;-0.0652477553902824;\n
0.32976817229725;0.252166164440903;0.120318865947731;0.230721017754649;0.645407114399091;\n
0.316357637101695;0.24386187920903;0.133848838252861;0.270274191325934;0.0341681733122723;\n
0.310314219154344;0.259089025376869;0.119627196552046;0.213059919365248;0.242608871073412;\n
0.31496259505411;0.229823407278894;0.128051504051435;0.24982462855309;0.0417376682815273;\n
0.308116754538068;0.242966935282652;0.135782338455176;0.302635642599649;0.255124704226194;\n
0.301140540059968;0.19204355887676;0.13284066842796;0.265097129173072;-0.105791286283306;\n
0.309960523859898;0.302036328840662;0.123205552439352;0.232415889267289;-0.0774941083172974;\n
0.297530990609568;0.234474277054865;0.16813891675316;0.226270338992942;0.628932214887372;\n
0.340838351881037;0.229829575473973;0.111188285967493;0.24103212865301;0.157652067013359;\n
0.322628495037115;0.245374544928839;0.142906650771233;0.210528235554448;0.615093276896854;\n
0.319983610582299;0.242389755590609;0.130433694124213;0.237393975099343;0.0251344883032605;\n
0.318072418270684;0.21443356323732;0.136323429079251;0.245569900309946;-0.101817602823177;\n
0.2981778763565;0.248287717757006;0.123528315613003;0.265497857518289;-0.0557776392280629;\n
0.32125497844439;0.270829708686626;0.13543039133372;0.254028473211265;0.467793036368066;\n
0.315124785795725;0.256888782422705;0.124760294470147;0.257874107976069;0.507980888172071;\n
0.302839305892087;0.234851668150561;0.153950966508661;0.248547401922836;-0.0624403517518533;\n
0.266713702878702;0.220184940656428;0.120171078219852;0.217073719803922;0.627036014357934;\n
0.317935030749389;0.023165740742187;0.143196895025376;0.232734931189098;-0.0442957747873325;\n
0.329818232167284;0.241730789456903;0.135653265893305;0.242956035115989;-0.075385782002754;\n
0.30418691052571;0.255377220904233;0.129089976411845;0.227067662072566;-0.0417933083892484;\n
0.325282043020465;0.211125413596786;0.137620980652989;0.249673021472513;-0.0890877258842095;\n
0.327201451635136;0.271079401682514;0.120994735116472;0.238615096595971;-0.0827700071883066;\n
0.323552800067891;0.232961480788281;0.11581925572864;0.213293947748681;0.680247417920424;\n
0.297998588713979;0.182167227272009;0.143721749383978;0.273222161437133;-0.0871160391372217;\n
0.285729783879797;0.223078482797262;0.119947505465327;0.233266024888987;0.616580603721993;\n
0.305941472113249;0.245354710446988;0.117249042418143;0.260437038944579;-0.0887126895103877;\n
0.309764461664199;0.268757393105544;0.12906105442933;0.238689665084984;0.645836281275476;\n
0.329655059543485;0.199330121736788;0.141561457513252;0.246417257449117;-0.0797129991223606;\n
0.294032882218635;0.281343889775761;0.128241032709911;0.226497408653686;0.456330624380567;\n
0.301487555370103;0.244241044652436;0.11235781289818;0.249131070686921;0.397363424972729;\n
0.323688990708128;0.214994426807686;0.124900067865462;0.256863213242698;-0.0101841337657489;\n
0.335171336053316;0.199762443182768;0.121355474576336;0.239732105513434;-0.054726207673686;\n
0.342082051309799;0.161783372212699;0.121468930220198;0.238402483000939;-0.0851795630842592;\n
0.312081165526352;0.248405105087324;0.120885265737282;0.255120768890112;0.233448399218689;\n
0.27593240085576;0.252754005448912;0.128633261689183;0.292342060920507;-0.0837985128752597;\n
0.284877190808902;0.242425460110951;0.126279815673036;0.250823582992413;0.0654759907586135;\n
0.272489217808185;0.261875417859538;0.138265363748719;0.227059972904479;0.65246672886173;\n
0.320791423227213;0.194115802417125;0.131329068102523;0.235243411410846;0.349853497111539;\n
0.300398841017033;0.31607003860899;0.140173360114523;0.224174946877318;-0.0960450065682576;\n
0.28144160076783;0.259820099353669;0.129585460406018;0.242464438414695;0.212815376113833;\n
0.314164886408667;0.238294748983734;0.126089130462546;0.189015844438581;-0.0571908486290662;\n
0.30187890243286;0.189979027142634;0.128967609006674;0.206079384126634;-0.0872173174578877;\n
0.339070848637303;0.228215056754355;0.132425002334137;0.222732647307349;-0.0514421627756315;\n
0.280652054569993;0.212942453634384;0.137883392318207;0.249611821526163;-0.0925726103173735;\n
0.342843419875394;0.176205475782656;0.125083777473523;0.248358054059638;-0.0915229210290672;\n
0.315059420144654;0.280792564824837;0.127130584080349;0.235289842895104;-0.0875004176603732;\n
0.322908585826939;0.255449169058461;0.123305663533953;0.227697424701717;0.623913350467069;\n
0.272889657114121;0.215608287589669;0.137884587060339;0.229841071484372;0.0100150557689165;\n
0.348021758123202;0.238971241529154;0.124973821922798;0.250605549384155;0.0177154206817544;\n
0.323914976342197;0.264724660888899;0.124871231862128;0.267394390592717;-0.0982868226611791;\n
0.308020461471729;0.197497173464621;0.129061760905414;0.228531059172682;-0.0748740582418905;\n
0.32816497487606;0.270384849443736;0.129915673160409;0.22821109694608;0.614070139221944;\n
0.327249336921732;0.267337573873462;0.12544373346627;0.289192605836776;0.0361343126837891;\n
0.316752811290562;0.181031914366782;0.129300230719285;0.235957816201848;0.231154445787154;\n
0.333229500918899;0.225400907760395;0.127249938831759;0.25007156888305;-0.0925758142441206;\n
0.297208611857767;0.241580077368404;0.123804059903958;0.250687003648897;0.581365061038152;\n
0.320502949606311;0.207762789862595;0.140785446087387;0.230256249526311;-0.0715056400839773;\n
0.28299098197316;0.213174795094839;0.133881226285177;0.273314932113649;-0.0257564512671055;\n
0.331298589055588;0.211400367251618;0.128491440751821;0.229869310198076;0.017292601286505;\n
0.288186043287799;0.21735878661728;0.130272226266412;0.216526820459037;-0.0153217606016054;\n
0.292893816302183;0.247914540717856;0.139409159134773;0.23958696156372;0.418144198658056;\n
0.326808296245771;0.250402695837916;0.131150577474455;0.229460568187003;-0.0728089020210302;\n
0.332327585915355;0.294911977971584;0.13589071940657;0.238978930352498;-0.0671301872693794;\n
0.358002715685566;0.634097923397702;0.124820679399355;0.237097815196812;0.480157020830339;\n
0.327873963065104;0.232478100884724;0.131420463975533;0.222959255206167;-0.103398454978887;\n
0.311807398429716;0.227331095247146;0.125625409650735;0.243156031002408;-0.0237812123808788;\n
0.313034437673093;0.221142898348367;0.124031007567618;0.240947591843343;-0.103827311660286;\n
0.274788692753655;0.174588503707158;0.135769173146006;0.253897372685599;-0.0875464047575119;\n
0.346317458350998;0.198614677911119;0.12571363853269;0.231122286400182;-0.0824961578651824;\n
0.376500987137162;0.278489313427166;0.133075521980774;0.215165219113275;0.605199966432232;\n
0.309328002316131;0.279957586431405;0.135563865756428;0.244382778810813;-0.0539441811386192;\n
