0.375368996982347;0.28540811667009;0.118556650675126;0.226548023284529;0.0240627876444142;\n
0.364065990465998;0.244886140063702;0.124130523024838;0.0405116328206888;0.0124084067273924;\n
0.386222059246456;0.0761951963550648;0.109072302575002;0.237719162009145;-0.0376206367348451;\n
0.374952115232021;0.223554322590723;0.117551067339687;0.280490716434543;0.0251733897268326;\n
0.378187242957855;0.25969863551098;0.12080564204014;0.25679342885615;-0.032538555375789;\n
0.383193462322707;0.231166444247876;0.117720172152186;0.225219321206249;-0.00310719750780697;\n
0.362220641276972;0.331161745442275;0.120044273983347;0.294602605166569;0.00811848517480454;\n
0.360539068272457;0.261225999455263;0.131399743823926;0.178609825214765;0.00540048757269873;\n
0.35882815169874;0.192383351475428;0.119167989896491;0.230757363753691;-0.00542232154279981;\n
0.362992177459913;0.249858431593854;0.124570017148053;0.0351306707068072;0.000741776109409092;\n
0.418185672505609;0.206258418252273;0.121018749959558;0.222672850994745;-0.00598935393507954;\n
0.369149109293889;0.236933940601941;0.120705845625356;0.314161076378286;-0.0149387575913689;\n
0.33482955279588;0.257579409381201;0.123161040965463;0.246455220930185;0.0104457644800548;\n
0.338679614006853;0.184594893525706;0.113581888803777;0.295205629635177;0.0146164338084654;\n
0.381701141865509;0.210706021068047;0.117042851112546;0.22817544456434;-0.000334101750805227;\n
0.353635072110497;0.200943440817506;0.122862136248697;0.0594052031356451;-0.00659661388136162;\n
0.361961528240588;0.241699185423309;0.123272221272375;0.22918172123748;-0.00339116633885833;\n
0.362589385040217;0.25611172430794;0.123775682848667;0.298913964021934;-0.0162410948929952;\n
0.372656412320193;0.232024910418268;0.119757568131735;0.232375107502011;-0.0140440138778202;\n
0.364573854832079;0.208962161214478;0.117017406993065;0.236806172971812;-0.0405004741814999;\n
0.34293692968686;0.233291410787634;0.117689685355468;0.239703515898632;-0.0232497530061689;\n
0.35908619457742;0.328431206900073;0.121056031299921;0.265927165795159;0.00827439171273389;\n
0.375762881499087;0.313145768251519;0.122213715425815;0.246252749415526;0.0144034334245379;\n
0.384373808725445;0.23248730819779;0.116965244419565;0.227043922329247;0.00397869440268106;\n
0.367756685886791;0.291785571762558;0.124099200459344;0.0155093281584255;0.00632373161276614;\n
0.36159529168607;0.021186569309744;0.123628582694805;0.256817078333436;-0.0309231577565868;\n
0.346987447955371;0.240940550325183;0.115464704046485;0.0293508309603859;0.0112731123133243;\n
0.347320999167511;0.41533944680701;0.117387086094862;0.239008707134586;0.0154708817332957;\n
0.368459562131859;0.20275871424317;0.118667297708948;0.25360263310856;-0.0268100318337059;\n
0.421888629276209;0.261153321152634;0.122359524661533;0.224662187668657;0.025418274245347;\n
0.342013771871612;0.277141360074061;0.123900031247991;0.0632177015270226;-0.00167575729049624;\n
0.314433004569909;0.250422358767833;0.117081723062658;0.225527153677462;-0.0252662021578622;\n
0.355481258240666;0.236757603101254;0.120242591158667;0.28091788922155;0.534676442023259;\n
0.350632054955126;0.280117053277351;0.123101697564881;0.237656300758166;-0.00801375083226397;\n
0.375499260848353;0.253931003872427;0.122607407416546;0.292964181151362;0.00680825698451257;\n
0.408197545421605;0.226286845715869;0.117262684917395;0.255281244122117;-0.00430309091236991;\n
0.37092152822065;0.290873831215235;0.116653604214082;0.259812528709097;-0.017882006951582;\n
0.374878026009983;0.26712028739705;0.121751016150559;0.22929345953958;-0.0275143007133156;\n
0.360834600988295;0.276270640728642;0.118321312089614;0.231161862839216;0.0299905659389015;\n
0.350767551819893;0.202857845963037;0.115355930694098;0.302934118507713;-0.0216164546551211;\n
0.54472370535093;0.2303880100246;0.123564927096366;0.22405697127616;-0.00098928941094556;\n
0.449233461418044;0.226899197463047;0.124189323289797;0.247408498562233;-0.0330046645939077;\n
0.332090198958936;0.254665586619945;0.124321496681906;0.255178649566647;0.0136821108611335;\n
0.344396787438915;0.203901154078028;0.120853829054015;0.220398556399986;0.00373170042904822;\n
0.347095099687896;0.302351461002966;0.121465072934544;0.213210150602145;-0.0149579368067583;\n
0.34368209369013;0.196781688830269;0.118031021554248;0.0419075317180277;-0.0116931335402824;\n
0.344761907852499;0.270813637866844;0.117002164748909;0.220079716016743;0.0065401831367507;\n
0.370033581898698;0.232463967531753;0.124006078387605;0.260970617722322;-0.0169554272511715;\n
0.376999227505989;0.244709817628146;0.124231740324479;0.253896813825847;0.00290211448085387;\n
0.329102652547928;0.226161546911427;0.123651983824102;0.0132121053585581;-0.00152027763030271;\n
0.616793430581563;0.300446446904911;0.122975647666087;0.0336095036296667;-0.0356677214139065;\n
0.340842550207914;0.204839015955378;0.124333582671949;0.237526196974894;-0.0917777730414396;\n
0.393795570360932;0.225502114875815;0.123028348052294;0.228702693560649;0.0153326831381513;\n
0.361833967497993;0.257164680478881;0.118944813476728;0.104492710088006;-0.00501818839551571;\n
0.380599150183969;0.260147398366422;0.119860420202369;0.0843966131615981;-0.0246660248329693;\n
0.360883941595523;0.213029487587314;0.124011084435017;0.0592903087543187;-0.0268410308250343;\n
0.344493292636635;0.243355082531631;0.124759070707987;0.238709332717641;-0.0595965234294745;\n
0.371934174106195;0.227270828662753;0.12310808504291;0.212079243388672;-0.0855288720753946;\n
0.354389549412894;0.0259458085950831;0.121187002292159;0.237835787676867;0.0147040164834661;\n
0.359324887558005;0.238867230223695;0.122964126748658;0.261419476833178;-0.0234001890269777;\n
0.362049130920952;0.2352550343428;0.121135186705162;0.0635063115195315;-0.0109288780003323;\n
0.359169015917757;0.248486592884288;0.123047229396275;0.239452237268125;0.00652594705803061;\n
0.360272235851789;0.255367181670967;0.113635521936849;-0.00279335570094347;-0.0170012232953781;\n
0.387435425478515;0.121558832665088;0.128480558468463;0.239333336213334;0.0192862823111276;\n
0.396478150212906;0.308083179690853;0.132359425682142;0.228290167549225;-0.0234454377953295;\n
0.381132865744886;0.213847933631033;0.124654952609229;0.249261733009067;0.0175116669832112;\n
0.365055024817171;0.346886746472564;0.119669868351897;0.247115082827574;-0.0324799836608198;\n
0.36505800067677;0.283043956449258;0.122663146556387;0.00621699874088721;-0.0603119581651692;\n
0.333101487623225;0.225914205389564;0.12394448045456;0.023598747916766;0.00463248541232303;\n
0.346747103818985;0.205085767650684;0.127947072114596;0.0538798620649699;-0.0597815502714525;\n
0.424089222799124;0.0384475245062814;0.119954910331355;0.279870825900877;-0.00384076038534997;\n
0.348453273385652;0.217598281475669;0.11761105434986;0.250799876218473;0.00760746704523521;\n
0.362888105244049;0.268718616486596;0.122107200198452;0.262749246949333;0.0172109513354175;\n
0.369309602105382;0.239608919120324;0.11900731631231;0.225329939521968;-0.00649790137789052;\n
0.346295358664366;0.27626676079842;0.119060201948956;0.148387055630064;-0.0057266548707629;\n
0.358956113208457;0.268105476522695;0.123050924363099;0.229967731347534;-0.0163477740675086;\n
0.356298389925314;0.222700088878173;0.119959248936962;0.248617773213021;-0.0131793758491624;\n
0.37114539796694;0.245520581938898;0.118657647534408;0.231103925300112;-0.00111229092472925;\n
0.335816241502817;0.225745686749581;0.121740747898823;0.24656419535086;0.00475135167595234;\n
0.33221593419836;0.261205954905137;0.123930489715444;0.250916137690053;0.0295271846329499;\n
0.378156142361276;0.248826442051814;0.134202268124817;0.220495188763458;0.0164716872078385;\n
0.354707254310768;0.255472494882959;0.108010031490083;0.201605526913247;-0.0107317013729588;\n
0.365225188472004;0.253334951437593;0.114337450795186;0.255258195240103;0.0268367365391887;\n
0.363143277260151;0.0722195770455164;0.118728966185151;0.24264773759289;-0.0182096734707979;\n
0.357364089426228;0.233072591713929;0.116273773926806;0.229341671986192;0.0181480084141978;\n
0.358375601693653;0.214562869870696;0.118776691626673;0.113126284001981;-0.00567346834960453;\n
0.362040901820786;0.275079821822457;0.114318949289905;0.241261795389945;-0.0426717345105225;\n
0.344117995803979;0.0228312537800444;0.122956350686109;0.083020648695617;-0.00607725536068882;\n
0.390538545939628;0.223873837013682;0.117405240997632;0.15204894960091;-0.00893930712858432;\n
0.388003571040821;0.181998536491781;0.12072250873098;0.24118992969266;-0.0228695176261347;\n
0.353424805514209;0.260468242806965;0.119292356760899;0.230983627394362;0.014419158752672;\n
0.345022789769815;0.21767053410155;0.119641324896866;0.224791469106138;-0.0847172889984492;\n
0.378833596327438;0.232631862565293;0.120518521003157;0.24688024045595;0.0321877209640421;\n
0.35353545064577;-0.0334612822287054;0.11807324045443;0.267034889713448;-0.0122213838662737;\n
0.351183294904946;0.286365288292772;0.119747973124503;0.237751897517582;-0.0169225157072129;\n
0.393683517058839;0.277622157200067;0.126470674538718;0.256946009533441;-0.00863011207986242;\n
0.393171428505156;0.258443823020061;0.115098560214557;0.217091273324519;-0.0507618656410445;\n
0.419196378104431;0.0341284873116334;0.121375209401621;0.0475136683728771;-0.0354382912672538;\n
0.323476685981434;-0.0074713759297515;0.123927413650966;0.0768215251204738;0.00512816377273984;\n
0.35022421404806;0.0237007855082471;0.119482739466932;0.235547054574586;-0.0111665812124316;\n
