0.34959420618693;0.227532683766688;0.131168121180834;0.228148806723284;0.534781244053129;\n
0.307225997840281;0.24104383752996;0.123056570323094;0.236402155355376;0.489721345777949;\n
0.306881721037357;0.2126682717575;0.133882073795295;0.262004518025684;0.589156699695101;\n
0.283698839048549;0.256683486696924;0.139144192560306;0.2133054553549;-0.0939066947795969;\n
0.33597040863563;0.196505740346726;0.126791697044882;0.213514596478899;-0.101716399802812;\n
0.34963991577923;0.251675541412257;0.129803547059749;0.225640530155988;-0.0864796881065517;\n
0.294409342570568;0.261484627189718;0.138017618516863;0.228002354436787;0.272103579694441;\n
0.320774772037467;0.261262310801213;0.129396014503014;0.20588724184775;-0.115166816373651;\n
0.335690896491588;0.191682160949498;0.120844113387388;0.255282270740549;0.0231404570193127;\n
0.276510246777648;0.207135278177504;0.130333282975333;0.261169425606203;0.464270488162701;\n
0.307071095733976;0.200927640637348;0.129149196930699;0.23885637838922;-0.0886120417909919;\n
0.364822427630336;0.295167951409786;0.12211657466219;0.252750039052734;-0.0923656668425824;\n
0.33845447270534;0.224379384144824;0.139537325460539;0.23847244213565;-0.00276390049176323;\n
0.288042326295705;0.250451271975577;0.139168451526854;0.252735513464548;0.55604602310976;\n
0.319388599395186;0.236964875789757;0.131601021768637;0.257061481826662;-0.0467224883386024;\n
0.304572816537413;0.19864678785786;0.133898991863099;0.282307580097533;-0.0101597036998256;\n
0.341046743761214;0.184874282553987;0.147381083142124;0.262276648616386;0.527337427840358;\n
0.31381762769833;0.248863670497526;0.132600924053972;0.2152781898598;-0.0805119901039973;\n
0.302246976368939;0.216114291448918;0.144948393333195;0.226499580133762;0.607893913596767;\n
0.311257881849542;0.234486255410317;0.133364857555836;0.213964296252243;0.26491438631141;\n
0.279073365471326;0.241145177516481;0.124940246333248;0.239463691371175;0.543724189462677;\n
0.297489571669729;0.171734406666623;0.125529382634696;0.292482196752852;-0.0999677832252271;\n
0.340311737823299;0.21426741054191;0.122036537599004;0.350301403506743;-0.0783903602559857;\n
0.301532177242268;0.218350116644448;0.145384449933902;0.245028601782564;0.586931302586528;\n
0.29201217847344;0.181927891367411;0.138198231110634;0.223641349784557;-0.0900089121052488;\n
0.330718464385389;0.202418698086102;0.121250861259662;0.221160842987543;-0.0565934219753614;\n
0.301665782461501;0.2298581994911;0.13268301349953;0.28113000825211;0.0792259383325219;\n
0.315901046511066;0.185307960439359;0.126073754361224;0.249717766670426;0.579291913478591;\n
0.318930804363439;0.23778391759666;0.122198144320281;0.268281045632318;0.151650223612613;\n
0.318041323512823;0.20365123774358;0.138764741198518;0.244049948172637;-0.00711787768809391;\n
0.316793002783545;0.218776572640096;0.15433679609724;0.205733748605633;0.387102829446453;\n
0.311444979658143;0.211497070960708;0.13810836432904;0.253524036857389;0.539584123600404;\n
0.334380584167859;0.25369239809801;0.133051413991586;0.234268050536859;0.306503639417379;\n
0.280388358529528;0.259068905075014;0.134618620278406;0.248992328680966;-0.0214586119179838;\n
0.363619327388332;0.200918243259771;0.146658828227783;0.232484965200875;0.178127151669937;\n
0.324244630577646;0.199901341240771;0.112139411216269;0.26957159527516;0.214851223300643;\n
0.348511181672864;0.20332967626318;0.130694052874047;0.258588589891518;-0.0854064233392936;\n
0.342113485907485;0.224719226916974;0.137601684838134;0.248402665396814;-0.0904752424122356;\n
0.327723197105185;0.28360345434944;0.130991989307504;0.236064497306014;-0.0836944184301829;\n
0.316016543292681;0.217185398806472;0.134643461348167;0.249293998973395;0.523477210745127;\n
0.326677464166141;0.221414965134421;0.133544019949655;0.249005559137807;-0.0835392680864378;\n
0.327443793748076;0.214545505577907;0.130319792111283;0.229023090139044;-0.0824903110755214;\n
0.311299371264765;0.0477048068248405;0.135703400969823;0.224375828116028;-0.104332077686779;\n
0.297320893849446;0.24664826909232;0.119165338305618;0.267570260221223;0.012285616457306;\n
0.297459361210468;0.172033708939937;0.134574237444051;0.237962153164585;-0.0803583266914192;\n
0.354811151776317;0.29071523870825;0.134934931282789;0.242928896932674;-0.0315262061677744;\n
0.315310321448224;0.232151820993483;0.123248673845272;0.277511656232881;-0.0995678079625115;\n
0.267542884222579;0.190763732102569;0.141963559113155;0.219571774522102;-0.0586807036030668;\n
0.338957272034514;0.216646081560037;0.142484910775465;0.255846975331176;0.0469867871603856;\n
0.297384398742729;0.192993729164588;0.123011338378267;0.250487164230077;0.631908826777592;\n
0.292915872252661;0.0761599325362309;0.140759983834939;0.295243217364111;-0.0815459507938081;\n
0.298758932230038;0.182929633433409;0.129936458483692;0.347684021151843;-0.0587937302569627;\n
0.284485282698404;0.236438816177014;0.145775077743588;0.228052229642383;0.00826696619796541;\n
0.314297563436367;0.214763580216494;0.131875579655999;0.289222257604046;0.241722477022319;\n
0.306787966024137;0.21517114621207;0.129353625811044;0.282666517706491;-0.095386234003379;\n
0.280488098449791;0.24651467516072;0.140081468781217;0.288115237333709;-0.0688594782358;\n
0.350367036933366;0.262358741458385;0.129662716263028;0.250006150473076;-0.0833814995887035;\n
0.310108677215405;0.222523863255656;0.120765983415666;0.221513018549322;-0.0917962939714487;\n
0.270357208321912;0.185678141310529;0.138788560654033;0.259947436801211;0.183860866107997;\n
0.288455752597175;0.220435251437873;0.140581616855218;0.245793705821665;0.0120155141123958;\n
0.285026458022304;0.249082303033376;0.127479485408167;0.303906286005714;-0.0984508275286702;\n
0.33760537732357;0.214957608836137;0.133183817649395;0.237040298062728;-0.0417722893970462;\n
0.298881564869239;0.0810929109027179;0.137396044574393;0.262595533345558;0.0884116666742963;\n
0.281504063558642;0.303688697209813;0.136396928941452;0.250962964996561;-0.0632620843245362;\n
0.303612622487024;0.224211668013141;0.134141994429419;0.253051550474973;0.540024910489705;\n
0.283289623821934;0.271886390686658;0.143539933187144;0.242620242050591;0.153390714441851;\n
0.303472796531291;0.214725094932205;0.129707564673629;0.226111561307355;0.0020319430817563;\n
0.294727631790937;0.226439200967739;0.142445900679662;0.235735444879755;-0.062528727433404;\n
0.289178458556769;0.209800981328585;0.13209398407546;0.256036439870388;-0.0821993214521873;\n
0.3125894491412;0.224846594194747;0.13138866594662;0.257591496737709;-0.0915014889955029;\n
0.288153138067376;0.211423276644632;0.122859680272602;0.255622634114653;0.0860330142531316;\n
0.345781796592436;0.337923944132935;0.121888333412162;0.247989576733364;0.572921301182514;\n
0.323946225847376;0.207341253099313;0.140770694522816;0.212685110250112;-0.0780993377706334;\n
0.289258160920511;0.181063529507306;0.126325873239126;0.306686336631406;-0.0372714618933466;\n
0.307117517762011;0.222156788294112;0.127348242261384;0.219760117542135;-0.0605437976998068;\n
0.328692776253328;0.242986964818258;0.121470264914036;0.257540516163299;0.020434355325915;\n
0.350308843878533;0.224851556367056;0.137001654926321;0.255987549109459;-0.10975564094767;\n
0.264956270347699;0.185398428962101;0.14006373862859;0.235374852629587;0.557155488819723;\n
0.316412924805577;0.203932699604107;0.134827053523962;0.235037679424977;0.05911996960238;\n
0.279848995411351;0.184936126860621;0.117962754336172;0.234278453902809;0.0155566177807385;\n
0.319079840499231;0.206017970154719;0.128417405787218;0.250721728650181;0.00144519881420324;\n
0.329761863509003;0.214486858152607;0.131214521806634;0.224299199694178;-0.0835626739389386;\n
0.310882594192287;0.215516382064852;0.134251292783807;0.212182752075104;-0.0650297274571772;\n
0.298020342486756;0.260000758752833;0.138205482070431;0.24761433717778;0.0617402309406133;\n
0.309187403712021;0.246067561948725;0.1361099249217;0.232914262456899;-0.0338782132954241;\n
0.31134308305118;0.234625323167166;0.154790962187333;0.227967944653113;0.648425501960046;\n
0.283719016932622;0.233192265630355;0.130409603698605;0.22651944386801;0.681814792615501;\n
0.295270768236296;0.253045238468389;0.125609674792916;0.298213034813765;0.30770983480299;\n
0.345177553834875;0.195464184901775;0.12034937899738;0.271107766186056;0.515505170396511;\n
0.327763520375532;0.192303045270067;0.143163295204324;0.212678114716004;-0.0572999099737421;\n
0.297066686626558;0.24365814578653;0.147611210650921;0.24394117048993;0.659213360959835;\n
0.337448888573131;0.199051443789265;0.132896659916672;0.2376479320472;-0.101710175155644;\n
0.304770957120466;0.211278521583994;0.161906064622171;0.261624435181387;0.0581103642417178;\n
0.360379684366512;0.206414158677919;0.137337434896376;0.205462088465474;-0.0338013818447992;\n
0.334426551868275;0.251344721534062;0.130698760882906;0.247938128539517;0.611417158285613;\n
0.292822424573779;0.209825049381148;0.135260651522284;0.276254876000902;-0.0226016497993875;\n
0.277058692319786;0.2075502695188;0.133819121515291;0.214168143424106;0.251385503391591;\n
0.306804090935042;0.316998538408257;0.134684248949115;0.213725749614129;-0.0932591639703887;\n
0.304069455253985;0.209364851782561;0.127645462776291;0.316635009447994;-0.0401012917939639;\n
0.320868358295582;0.231185974233767;0.11706067300823;0.276302413986377;0.611259950736089;\n
