0.162103242112265;0.129172700712285;0.110109548973459;0.097060045034503;\n
0.160960353444549;0.0966451790626628;0.13178955087532;0.107675193365718;0.080516183908106;\n
0.162083090007961;0.0894301466831134;0.107504371950441;0.113331580655883;0.0794302853627537;\n
0.163826337435894;0.0985191298622648;0.107504371950441;0.10566728593934;0.0796605759461912;\n
0.163773643403883;0.102560695632241;0.107504371950441;0.11134012927825;0.0810389926464013;\n
0.161675612970602;0.0804462119310513;0.105767024605485;0.105492435703407;0.0944765919312299;\n
0.161792301565722;0.0894301466831134;0.107504371950441;0.112671128309422;0.0966117119900742;\n
0.161675612970602;0.095441245767663;0.13180837818292;0.109816886797618;0.0940398494404279;\n
0.162055521313793;0.0852361005969061;0.127141630514348;0.112426590499874;0.0815969860272598;\n
0.161675612970602;0.0974523709111851;0.107504371950441;0.112426590499874;0.084713084353692;\n
0.144570194550004;0.0884203721698616;0.107504371950441;0.114104549211396;0.0723425635990663;\n
0.155517520461991;0.0890660868322946;0.131813979696126;0.112426590499874;0.0832770174433013;\n
0.161675612970602;0.0898402179287704;0.107504371950441;0.112426590499874;0.0810728088677801;\n
0.167490990305128;0.098409348196705;0.107504371950441;0.112426590499874;0.0950353507932082;\n
0.16207703971245;0.0852969251565109;0.107504371950441;0.112426590499874;0.076547217057697;\n
0.161675612970602;0.0977346858618503;0.107504371950441;0.096240171241933;0.0768022424229007;\n
0.164017623525258;0.0897443841132812;0.107504371950441;0.112281496638642;0.0825470943564577;\n
0.162326653873062;0.0894301466831134;0.107504371950441;0.115028636677927;0.0803720353190909;\n
0.166835733712318;0.0896328780133617;0.107504371950441;0.112426590499874;0.0833015607848274;\n
0.160863667413962;0.0883395035313855;0.107504371950441;0.112853733365026;0.091555513186511;\n
0.162791182326364;0.0938128183343451;0.107504371950441;0.112426590499874;0.082713093015049;\n
0.163137617531896;0.08936056781023;0.107504371950441;0.10251154976003;0.0821181461237466;\n
0.162469633095128;0.0803026668326844;0.107504371950441;0.112426590499874;0.0908815543484672;\n
0.162521554296076;0.0894301466831134;0.120390993395149;0.112722475184969;0.0947252951024046;\n
0.162103242112265;0.0894301466831134;0.107504371950441;0.112426590499874;0.0822886857585031;\n
0.165092418240217;0.0894301466831134;0.107504371950441;0.112426590499874;0.0785483260545713;\n
0.163943065171593;0.0971907419807108;0.110862361029558;0.105520491274957;0.0922915204117338;\n
0.161675612970602;0.101086667486891;0.131035974395797;0.112063695635877;0.081464422709456;\n
0.161675612970602;0.0788102357387818;0.107504371950441;0.109057620215207;0.0940398494404279;\n
0.161181580189518;0.0949582118228932;0.116952710802536;0.112350216677293;0.0992188109450241;\n
0.161675612970602;0.079358829597853;0.108748578826619;0.112426590499874;0.0905622691065291;\n
0.165139093467235;0.0905927597390807;0.107504371950441;0.112426590499874;0.0839267191606593;\n
0.161675612970602;0.097151664424446;0.107504371950441;0.113215254781294;0.097733436121531;\n
0.161675612970602;0.0913211660065709;0.107504371950441;0.112945944126417;0.0824926309276385;\n
0.161675612970602;0.0884294084224244;0.121230477234147;0.0910430548688046;0.0836619836633139;\n
0.161675612970602;0.0933873708895151;0.117818554386126;0.113572827551142;0.0891505241853727;\n
0.161675612970602;0.0894301466831134;0.131793413885442;0.113572827551142;0.0997581791741545;\n
0.162711059535128;0.0894301466831134;0.121195453757675;0.111140486201729;0.0880721699489038;\n
0.17381357230118;0.0894301466831134;0.107504371950441;0.11250477119223;0.0907737617126103;\n
0.161675612970602;0.0976549280011331;0.107504371950441;0.113572827551142;0.0802766702842943;\n
0.170203288754907;0.0806041490310864;0.115072630286669;0.109931200989984;0.083303368371117;\n
0.162536114796551;0.0885873946591908;0.107504371950441;0.111329490071032;0.09102880395707;\n
0.167077719727794;0.0894301466831134;0.107504371950441;0.113352541397873;0.0851954854051962;\n
0.166756889269812;0.0980507415601434;0.110610196299777;0.113572827551142;0.0855816662669524;\n
0.161188825771544;0.0903042962269387;0.107504371950441;0.112426590499874;0.0851190355145946;\n
0.162293483066774;0.0924370161269046;0.107504371950441;0.112426590499874;0.078649486060924;\n
0.16014834713959;0.0894301466831134;0.108748578826619;0.109486732230761;0.076160546888026;\n
0.161394315389224;0.0976480093111479;0.119729484588751;0.111945607049991;0.0792596164810351;\n
0.144026873760188;0.0971814981323128;0.107504371950441;0.112426590499874;0.100875920062895;\n
0.156623553088869;0.0851818314394049;0.131865106342624;0.112426590499874;0.0829085821160646;\n
0.161675612970602;0.0889989824674487;0.107504371950441;0.112426590499874;0.0910804090369016;\n
0.161675612970602;0.0894301466831134;0.107504371950441;0.108155103907617;0.0839157887195585;\n
0.155410852828585;0.0894301466831134;0.107504371950441;0.112426590499874;0.102843270759388;\n
0.162226285019346;0.107504371950441;0.112426590499874;0.0871433059985099;\n
0.161675612970602;0.0939181891932921;0.115791015396344;0.113572827551142;0.0793968723867673;\n
0.164066271968267;0.0795291793258226;0.107504371950441;0.112426590499874;0.0906649504413149;\n
0.160076443407541;0.0884203721698616;0.123288636347283;0.107902950365825;0.134843175110629;\n
0.160480567812802;0.101072430905958;0.11823661510627;0.112426590499874;0.0922994135846744;\n
0.166850829980804;0.0894301466831134;0.107504371950441;0.112350216677293;0.081611350081222;\n
0.171411371027143;0.0886260175386713;0.107504371950441;0.112426590499874;0.081856016064105;\n
0.162093746097277;0.0894301466831134;0.114489173091569;0.102337682930155;0.0847706484289181;\n
0.164570269855494;0.0895730762871048;0.116150518213625;0.113592630062102;0.0833688962886252;\n
0.174513629242533;0.0894413199613923;0.107504371950441;0.112426590499874;0.0747999682155275;\n
0.162508851528919;0.0886838709087221;0.107504371950441;0.112426590499874;0.080516183908106;\n
0.161675612970602;0.107504371950441;0.113572827551142;0.0903524101103413;\n
0.162103242112265;0.0787737651509107;0.11317673264641;0.112426590499874;0.0821510965814154;\n
0.161675612970602;0.0894301466831134;0.107504371950441;0.113572827551142;0.0922675838548772;\n
0.163773643403883;0.0803026668326844;0.107504371950441;0.11401744786491;0.0771646401983688;\n
0.0983609740901395;0.107504371950441;0.112426590499874;0.0777156790060358;\n
0.163318364381471;0.0884203721698616;0.114948217670752;0.112597513698163;0.0809733121423689;\n
0.161675612970602;0.089538346157621;0.107504371950441;0.112426590499874;0.0831374363261978;\n
0.162093746097277;0.093387362165902;0.107504371950441;0.093144162569043;0.075871482372176;\n
0.163197362374992;0.0894301466831134;0.108748578826619;0.0965128199985708;0.0739409446757696;\n
0.156818480487462;0.0804462119310513;0.110957401779907;0.112350216677293;0.0822194761741138;\n
0.163943065171593;0.0953926047304507;0.122067840470732;0.110746208496651;0.0819963737251879;\n
0.162850974427773;0.0969895049434769;0.131733364523874;0.106348099626836;0.0801213169022231;\n
0.161675612970602;0.0892726297993572;0.107504371950441;0.114011299835566;0.0773032881400137;\n
0.161675612970602;0.0852780957797457;0.107504371950441;0.112426590499874;0.0789663319596814;\n
0.164701974577811;0.0804462119310513;0.107504371950441;0.109254487717229;0.0897192377803466;\n
0.161675612970602;0.094758219269969;0.107504371950441;0.112426590499874;0.0886416739992803;\n
0.161675612970602;0.104962468374628;0.107504371950441;0.112426590499874;0.080516183908106;\n
0.161675612970602;0.0894301466831134;0.120813701394414;0.114612536511019;0.0819541393327772;\n
0.153350596755626;0.0788102357387818;0.115941903800168;0.112426590499874;0.0795908923799092;\n
0.161675612970602;0.0803026668326844;0.111175201270366;0.112426590499874;0.0787438972090424;\n
0.161305670443973;0.092685133711579;0.107504371950441;0.112388713726689;0.106441562803027;\n
0.161961077211297;0.0895116006867455;0.107504371950441;0.112426590499874;0.0799596423144474;\n
0.143189651668949;0.0894301466831134;0.105754553501616;0.105159633438809;0.0906823160614642;\n
0.160794364070768;0.0894301466831134;0.107504371950441;0.109476501706244;0.0865108617098853;\n
0.161675612970602;0.0931664611206472;0.110114569038825;0.11434167093833;0.0722094731349979;\n
0.167099996259554;0.079358829597853;0.105767024605485;0.110109548973459;0.0786703351258024;\n
0.172013848089754;0.089341500571631;0.107504371950441;0.112426590499874;\n
0.169495117814298;0.0788102357387818;0.110162282243401;0.110621676129563;0.0849163578254607;\n
0.161675612970602;0.0898402179287704;0.110162282243401;0.113084278467434;0.0777233884962604;\n
0.161675612970602;0.101788977125996;0.0992727980685433;0.108155214684731;0.083947912736663;\n
0.161675612970602;0.0894599457155925;0.107504371950441;0.112426590499874;0.0720720028031192;\n
0.16094609628193;0.0898257965481746;0.107504371950441;0.114612536511019;0.0909225353336099;\n
0.157847846823771;0.0894301466831134;0.107504371950441;0.112295210804131;0.0777840655813281;\n
0.163299767063166;0.0979084140998893;0.13319335357844;0.110621676129563;0.0908903154567387;\n
0.164516959886775;0.0957001152351998;0.107504371950441;0.113580885264747;0.0806629308151443;\n
0.164674430894311;0.102144790143069;0.131714733623046;0.112426590499874;0.0787230077872831;\n
