0.345388016010561;0.210908771704945;0.145531620902443;0.235967983043772;0.0797367466698079;\n
0.35638613017359;0.241519709682443;0.136704954228474;0.259075534357002;0.0864791937334672;\n
0.310328927099574;0.233825515345005;0.162247939466287;0.259536720257217;0.0749409202005325;\n
0.368271696866258;0.222196381032916;0.148815791399985;0.327836752858117;0.0733698667624524;\n
0.326774584665006;0.20412540846993;0.146650995608345;0.261099672745767;0.0828595517796953;\n
0.350053126986724;0.229384040105709;0.132905998971185;0.260655677075461;0.0848196395302267;\n
0.335332451178989;0.232580731021671;0.138466874536695;0.254384826588103;0.0635676683234138;\n
0.309222262624688;0.222677584569087;0.153388915725383;0.233418269835865;0.0982283303661387;\n
0.391203359199576;0.294580605694581;0.151553896458583;0.28735718451718;-0.0441205868441469;\n
0.33557976036422;0.265760367477429;0.545605500071554;0.254188075065425;0.0838585110968592;\n
0.295424935203527;0.272107768479867;0.135904463210331;0.247301324609425;0.0795874012419148;\n
0.368275735007309;0.161953254869843;-0.0464155557129076;0.22388711979559;0.0930787881663651;\n
0.336770738766512;0.247758411446878;0.643713813532477;0.258208933557753;0.0713418279875795;\n
0.322051862810925;0.189534263914202;0.202429241612665;0.212130743881521;0.0794386946152698;\n
0.362878300106264;0.214034060309098;0.155982062301517;0.232066365593123;0.100721780557169;\n
0.333593830934979;0.224005281993393;0.131490948306931;0.31136692031761;0.0746102797396388;\n
0.319401389285678;0.199711951829819;0.166807659592648;0.193920113497965;0.0791802631039776;\n
0.341490405570401;0.273969452439227;0.449030341079716;0.243945376531983;0.0982629846808037;\n
0.323961092694418;0.192952609482483;0.151337024739673;0.210672378797054;0.0712306138125742;\n
0.338236921405752;0.199765404389745;0.134994582496301;0.260868153054003;0.0736259933492222;\n
0.329962584902078;0.232111368795165;0.155647474727891;0.255213105651042;0.0756005652345582;\n
0.356333815422782;0.179245268438721;0.565178875864059;0.307862104046648;0.0869524459957835;\n
0.347634612495474;0.27578438811401;0.139462282622264;0.344276663273898;0.0919731148208566;\n
0.387471980584488;0.263443286654542;0.14921379038027;0.276442699510866;0.0867014703892589;\n
0.323064268670088;0.208922431663565;0.141670599164501;0.27700663046897;0.0793988362728942;\n
0.357338211184895;0.230002708617331;0.150169524883474;0.282472931058102;0.079209007420279;\n
0.329045554718974;0.233471277609762;0.128068475926051;0.260296702050345;0.0823119917379913;\n
0.313264405995222;0.221162262795216;0.126484151699654;0.254560322564572;0.0883001668736612;\n
0.318065443525808;0.220695671743218;0.142980138301449;0.226506199147521;0.0763372011565895;\n
0.385099287942734;0.235289694557773;0.115187401131232;0.220297255997329;0.171831747228977;\n
0.340675833831599;0.213228844353422;0.154414971452302;0.263610086743091;0.0754353300774985;\n
0.333720076394622;0.235081199468377;0.13826858591771;0.242040335304807;0.0779510059097355;\n
0.315623197850362;0.208315709775672;0.299292026020584;0.330079976606068;0.070787030462531;\n
0.359007340655768;0.213185863092809;0.139059970945963;0.288713396509948;0.0760568049006652;\n
0.368981810546058;0.235595143959898;0.122585721574906;0.242602466851459;0.589013215753333;\n
0.373749819890407;0.220033479843157;0.138558123076903;0.265772099696903;0.0787523330755776;\n
0.358274692117266;0.204923440092037;0.0620964295930134;0.236767918546872;\n
0.347089713609115;0.209092910344426;0.0522396529197905;0.258123805202111;0.0760036328912924;\n
0.348454349951802;0.212313192471392;0.229164028579855;0.246143099850662;0.0735732359655557;\n
0.376891126633892;0.265065394044014;0.124923228342781;0.321578909272006;0.0715397800672451;\n
0.355377848837919;0.255305462327201;-0.016478109726464;0.31119363408601;0.0877867937172798;\n
0.343814835962447;0.217867627015533;-0.0547953228198086;0.2580463662921;0.101188202839066;\n
0.346154624044806;0.197204389609076;0.165896197002597;0.270357605159682;0.081979947159625;\n
0.357852672899624;0.218918522460649;0.14959191751892;0.270988180830945;0.090670511398756;\n
0.310647389497148;0.22863260179169;0.137722626373964;0.272311318014922;0.077927436708851;\n
0.326559479539805;0.247908393913699;-0.059858637284269;0.218898633563166;0.0889558017557422;\n
0.354819007025001;0.269808892424933;0.545428528195689;0.227026523877057;0.0768103384181511;\n
0.311279058681612;0.25939153025572;0.153114519397099;0.2587339426341;0.10037892406845;\n
0.32715865699653;0.208213116689256;0.152508265570941;0.264251324681808;0.0967131444937969;\n
0.33087924723729;0.209760607538618;0.152914122127686;0.238375142824109;0.142601837862596;\n
0.330431756277741;0.271233934588252;0.163260970330257;0.515368059696129;0.0792307012144529;\n
0.364056395766067;0.196726504652154;0.13681655254802;0.609587191018652;0.0833473943510092;\n
0.306625277064817;0.227702978078793;0.160187649092888;0.231306581341789;0.0821462961292874;\n
0.335329053939055;0.197853348795744;0.218390643156389;0.253289645153547;0.0750457932816055;\n
0.340158294959134;0.195044872019389;0.136638884881897;0.261436369236253;0.0763064293974889;\n
0.346054656870001;0.202842692884383;0.173268582936152;0.239152292509064;0.0964577283543829;\n
0.339653317890193;0.232747564453147;0.133945442716693;0.265284671713208;0.0783288792968096;\n
0.314417018930421;0.27596405734022;0.143146731348226;0.419228533079878;0.221985212484923;\n
0.365642943388908;0.213928036471309;0.19056497508273;0.314281861754411;0.103343509650184;\n
0.367659225296861;0.19042958571939;0.12831127184606;0.256388857575034;0.0793167026287328;\n
0.324491005610855;0.201120007645851;0.203543773158224;0.256673902895051;0.0847588243348493;\n
0.314478576102756;0.0472594882382334;0.183538251192007;0.228422670516515;0.0751066575342497;\n
0.289917567675646;0.214467259030375;0.12912605196403;0.238893043772084;0.0790486855660719;\n
0.33267506909215;0.218626432977065;0.585459113628117;0.249345892662883;0.085559858876648;\n
0.336069142978905;0.26189935075762;0.136725653587432;0.318112864233072;0.0726361199916524;\n
0.333218212206797;0.159864913815946;0.158274013785285;0.241288017152905;0.0809719891124075;\n
0.348824843781489;0.224671944032668;0.124109301630124;0.220333955065869;0.0815131179356791;\n
0.316967632261718;0.213306792135721;0.118288643625901;0.283457142860693;0.0684628801792307;\n
0.359041752263271;0.171481416023689;0.136728105510988;0.305339361116456;0.0647467397820729;\n
0.319931487196951;0.220786349889629;0.144561024118353;0.235938839377043;0.0756681109262136;\n
0.388295690973187;0.198636048762287;0.164147067580493;0.24814209974876;0.0744272348408499;\n
0.349779164757247;0.207788366436487;0.133580255952718;0.235002285620648;0.0851712813144813;\n
0.359396801622033;0.205280811999461;0.14055330376016;0.293389282667128;0.0827442745743584;\n
0.312538189770976;0.211778632371015;0.190733082112245;0.294999661936606;0.0727659038013287;\n
0.34672952083013;0.196538631238438;0.123057860348043;0.28793317711428;0.0890816957744851;\n
0.353328482790111;0.23139845422321;0.140321493553778;0.229434936073623;0.0736888555605012;\n
0.358317315609517;0.228922144896826;0.155234570731707;0.315242140948895;0.0759285806090201;\n
0.389527264993859;0.215633492233578;0.168622192422173;0.258638701361555;0.07184549448486;\n
0.343976265458161;0.194413760860683;0.140211068234872;0.253642709406486;0.0895290941637438;\n
0.360206029290951;0.301056473906105;0.146547163312826;0.25869801350745;0.0836553429407489;\n
0.308477842891449;0.206180149707463;0.143917481377672;0.247001895831391;0.0737217337947098;\n
0.348040990782337;0.230854091824069;0.208003342448589;0.248353358128777;0.0756893877787896;\n
0.343984630964822;0.287706939082092;0.142739086382653;0.247477860782553;0.0761730398263452;\n
0.3430585162262;0.18184035664251;0.0380002083003032;0.204618250598698;0.100178459273343;\n
0.321399062372097;0.252710812359978;0.12983404498671;0.276811595320344;0.0775605129621414;\n
0.376934138531303;0.252256567149737;0.24935925414825;0.247824992944345;0.0726009837678188;\n
0.375608686489213;0.213726080358746;0.140341682253046;0.243962921137797;0.0778713569810516;\n
0.368906617292973;0.04931918275387;0.221600946392176;0.262197174831343;0.0914070416788358;\n
0.382124308483819;0.206459563099294;0.129930561679066;0.245364482220825;0.0719080480336213;\n
0.369088133941495;0.191924301611796;0.131384730726274;0.25958950729894;0.0797500470007852;\n
0.337980557193891;0.253588296300955;0.138330411474173;0.295277735180941;0.0778725780824897;\n
0.314719871188065;0.204487221880071;0.114894073170218;0.235263038508102;0.0855712558287762;\n
0.388664273657924;0.210224888137328;0.126299719548826;0.253588543203711;0.086629303135516;\n
0.292600527896156;0.0224599042534379;0.551236143024116;0.250654825653078;0.0781360912126024;\n
0.380541929809142;0.255375431784975;0.128804038514801;0.499848691914696;0.0735596489944949;\n
0.337893806279376;0.224680568372213;0.144980683650271;0.241440608729978;0.0825016283591077;\n
0.382464573132978;0.192474675499536;0.150798615883784;0.327656627643464;0.0698768062970925;\n
0.372924343308552;0.192550052030189;0.14893834553905;0.2785290786261;0.0816670030598078;\n
0.301150483505324;0.2141496174692;0.173538173007302;0.245954389494135;0.0997591972783071;\n
0.38547827918279;0.210504510547116;0.130170118146205;0.241491261563619;0.0838861723759721;\n
