0.426308832323173;-0.0357183784626549;0.128931996993914;0.00399851865724571;0.0203385791763226;\n
0.346064528287534;-0.0487216071445001;0.121013235615585;0.00360631854667176;0.000689978514449047;\n
0.392850884153426;0.171647902925976;0.115446463618499;0.0886177591084003;-0.00718055116387176;\n
0.3741421057688;-0.0283081196708524;0.120687956378857;0.0400554532118919;-0.10694833850732;\n
0.116494726855607;-0.0173908193293401;0.117659154933366;0.0221041606524716;-0.111126819211119;\n
0.175432319302477;-0.0565271089519468;0.122970690367788;0.0952044078256387;-0.0882537793214516;\n
0.391006369832101;-0.0497703149961869;0.119242860218815;0.0584359544862845;-0.106163230622694;\n
0.142208625581107;0.216888784384735;0.124910285675982;0.26644199296218;0.00451007169509279;\n
0.15501467417056;-0.0558208068881939;0.126345526024616;0.0295893473479601;-0.130387658453182;\n
0.146474279543009;-0.0293857548647669;0.124263456620846;0.104064862268409;0.0188210006262817;\n
0.0778901010910071;0.197222658219545;0.118245695823601;0.00298736184756165;-0.0140608888480808;\n
0.178209039297551;0.193628523700444;0.121676152349617;0.284900420104975;-0.123419594881581;\n
0.125805896008396;0.314511499389489;0.123516174630533;0.0802478618671286;0.0281538402543229;\n
0.423906639773263;0.204790395398062;0.125998781890611;0.0299504549194582;0.0278618414766741;\n
0.428853530743052;0.244539198862274;0.120433937362156;0.370337398965439;-0.0580444076360712;\n
0.151653616130094;0.0200258706655001;0.120656967953751;0.0917876836266304;-0.0457083707663214;\n
0.0708257406004529;-0.0789052657688926;0.12147222358357;0.00910843301430253;-0.108896724517254;\n
0.129867841038804;-0.0329355900600319;0.121774624078441;0.261776213202821;-0.00813064553669243;\n
0.373210425688726;-0.0200468179643195;0.121087025008678;0.0791092592292677;-0.123193160291262;\n
0.117809089232005;-0.00640564201986449;0.125564652114058;0.0438837269291779;-0.116719968916665;\n
0.398961968249709;-0.0706663461054422;0.117837457452672;0.0228064201045323;-0.00275399887040331;\n
0.371899782003559;0.0910966845219853;0.113020705677778;-0.00202816826760721;0.0210265794839177;\n
0.357979139267361;-0.0212152622717003;0.119303239358124;0.0162053860284876;-0.108225361681779;\n
0.397310868855828;0.288143493479478;0.112392685804476;0.0390378199269295;-0.0333551786621683;\n
0.155835783027575;0.0206228291380917;0.119755186009774;-0.0145873535701672;-0.0653087124706522;\n
0.406110286773635;-0.0382541391267499;0.126291806668321;0.0119779164260881;0.0185044578432829;\n
0.350099445272468;0.261485951240769;0.118270241885726;0.0264823251743856;0.0302829856179053;\n
0.379097369404252;0.289860131698763;0.121217811232628;-0.00568791054133044;-0.0183916140822309;\n
0.377797232185824;-0.0386538545308758;0.12005866248248;0.0545370357096436;0.00387023263134825;\n
0.184128033939396;-0.0619307552407691;0.120009208156486;0.057416880424055;0.0521326974161659;\n
0.389157585367692;0.00791598100896407;0.127250542068135;0.0397093583196383;-0.0236358048078421;\n
0.380337208005085;-0.0712695352334755;0.115079182892074;0.0872003426173693;-0.098636404919275;\n
0.364680691916156;-0.0337651559165724;0.121814692511967;0.271581122231784;0.0187010519769905;\n
0.0778997939826068;0.243789898187461;0.122867720138306;0.0391928761381217;-0.122877914330851;\n
0.163604132084113;-0.0136235390915753;0.124305603144447;0.0503702699835877;-0.0197765267670176;\n
0.365620338468226;-0.0234582170683932;0.121530540308305;0.0376194453178935;-0.0564870564251184;\n
0.0867593735233587;-0.0236705113241202;0.118093124376113;0.00551773824516932;0.056653839058764;\n
0.373493736194687;0.209182472989134;0.113663082684614;0.0154253053373126;-0.10327485936162;\n
0.372692776391651;0.0461097984034641;0.111362160745964;0.111983465758907;0.0471224941384689;\n
0.387838643036094;-0.00568809992737307;0.119167276917506;0.0673741037380473;-0.0902244088032337;\n
0.452612976620061;-0.00623568431904675;0.110269280848117;0.0719841795782302;-0.0968023641908932;\n
0.359449584601034;-0.0531905348916017;0.121973114300076;0.0504728116292381;0.0261462095075542;\n
0.131312505586121;-0.0137935285757483;0.120611588523434;0.0601842361061434;-0.0414976665541533;\n
0.392716536495307;-0.00251872525811836;0.111919693977603;-0.00433448606673192;-0.0198750313606424;\n
0.146094367706438;-0.0404343083901535;0.122453349349242;0.0106464187809163;-0.029263973936159;\n
0.141718112376463;-0.0277983285053109;0.121796328934249;0.302503714559646;0.00161426427596523;\n
0.174081540436781;0.259252977131211;0.116103233830249;-0.00853874504202579;0.0220812867894275;\n
0.129095858364566;0.237559296013605;0.11708423572657;0.0344637515986398;0.058665592976082;\n
0.0730897103084989;-0.0435201617293168;0.126617410931661;0.0401738671233879;-0.0243849526482638;\n
0.374284263669483;-0.0172818470313961;0.12484211569963;-0.0205068434733882;-0.0364165862118342;\n
0.0971071849032507;0.0113635314000409;0.125811584414704;0.0849778069055845;-0.0154929811594972;\n
0.112132372458877;0.00252685645038037;0.113740686036193;0.0667601866353671;-0.0223080189584926;\n
0.419288639594428;0.00334735572700118;0.123493879924598;0.0981514469632012;-0.0746590729415768;\n
0.375601713682843;0.00700142024248956;0.128729104063291;0.0278630037831164;0.0328018315865157;\n
0.161374794787233;0.00810986797589969;0.112123291820043;0.0149480797528;-0.0253341109079514;\n
0.396880370150622;0.200527596605978;0.119509367379339;0.098940725909633;-0.00153688707631613;\n
0.148764883842714;0.0108567304393188;0.128570311492896;0.0710455813934192;-0.0622654638787241;\n
0.142462423764978;0.00029334498141681;0.119641446437572;0.00701368937072872;-0.0888786582086966;\n
0.398111192583395;0.0184633539441137;0.124829403301471;-0.00169085093637666;-0.0513590544431776;\n
0.412659116292461;-0.027788688401879;0.127634394542242;0.00316160101711649;0.00338084013828652;\n
0.350520182173333;0.202437584325659;0.12368417831092;0.0116536243116045;0.00923032605320193;\n
0.400323408133701;-0.011201691055485;0.11567319293;0.0741124185308885;-0.05739224817636;\n
0.138012609267963;0.212905005992977;0.118707289790724;-0.0151811225438642;0.012631855682908;\n
0.371719616623644;0.0344658309241793;0.124140713151597;0.0527452713742891;-0.0939321885519999;\n
0.127717273228624;-0.05789022959906;0.116126430818762;0.0145150165801863;0.0127950246048493;\n
0.418845952307485;0.00215564117448275;0.115081550402093;0.0363800838185506;-0.019898850713945;\n
0.139089064170077;-0.0332117195321201;0.119667283643646;0.250867530752553;-0.125135120092955;\n
0.180631615257015;-0.0492367921364175;0.115784899066974;-0.00465416934824719;-0.059052433351803;\n
0.394793900864012;0.189776072470099;0.119311950822802;-0.0166016817877017;0.0163559577178727;\n
0.386986785522051;-0.0178145642878966;0.112186399766514;0.259307767004003;0.0457882398270295;\n
0.100291943170946;0.0135688073633621;0.119640773182105;0.0235592623390109;-0.0191055019481318;\n
0.135266407311001;0.183177795490672;0.11583263064315;0.0189236821154312;-0.0819962536488251;\n
0.103835675479504;0.0602804030843946;0.112603570099674;0.0327881701040265;-0.0613031737850195;\n
0.121267622348796;-0.0519339622045039;0.115453440048088;0.00442050288490803;0.0201122994592245;\n
0.418402439216798;0.0113265820623872;0.118935236839446;0.0500582205270437;-0.00597732356993835;\n
0.181722676573046;-0.0470400421005518;0.121885822620981;0.0592086928977076;-0.092236078903383;\n
0.423185447601224;0.252486205145358;0.119734089627983;0.00328850176262835;-0.112244922577511;\n
0.432745299710006;-0.0144365137205144;0.119953155047715;0.0790751985378849;0.00394064578932224;\n
0.391208937813556;-0.0458062345615962;0.116339047950995;0.0570843272703498;-0.021388332677123;\n
0.152957736749891;-0.0748971795316321;0.119348236177993;0.00390260298891576;-0.0892257069898824;\n
0.380441276921682;-0.051041017670815;0.115779675696646;0.00728479982762759;-0.0790053053531186;\n
0.369396707647794;-0.0415674332720261;0.131990841454674;0.0388028445048527;0.00694835668467383;\n
0.102822117069115;-0.0285452072503966;0.121521848567906;0.0686112879006318;-0.0340076294333714;\n
0.095136217967992;-0.0278016812811597;0.130410570484824;0.0175876029292771;0.00852634678704295;\n
0.125781574994174;-0.0406916042335433;0.119484595893076;-0.0098485976719041;-0.00187085659211694;\n
0.167920223746659;0.221116775888323;0.117538181169987;0.0505903420647441;-0.0192965817421004;\n
0.427420209929212;0.226836647361514;0.117591638060464;0.00113532069020245;-0.0417809227512955;\n
0.398391315159697;0.179603696956504;0.125646893530895;0.0237229845615027;-0.0327020326315867;\n
0.141259803904731;-0.0473163470813225;0.114199028691433;0.00838153971573241;0.0222047350252746;\n
0.0722221336137313;-0.0258840977814788;0.117741938144642;0.0565415552851403;-0.0313306036680935;\n
0.400842940221611;0.00482445651412933;0.121537703789863;-0.0118780393890505;-0.0880072181405884;\n
0.150438196439039;-0.0344175882633031;0.113412695206067;0.266488137888019;-0.04858028992827;\n
0.370712008146364;-0.0193025609546496;0.0420781059843327;-0.103596052675714;\n
0.376527572150012;-0.0298899223048968;0.122881925566271;0.099387632473232;-0.112845758342901;\n
0.360537182368868;-0.0345192318742248;0.117937270326446;0.0650191679593633;0.0020853522630091;\n
0.397546441399728;-0.0248233926195616;0.124490460738081;0.00785412120159734;0.0314307819597096;\n
0.411506752767472;-0.0571334324131483;0.114407427651324;0.00557944176533043;-0.0890073370845225;\n
0.380123627967622;-0.00235821750645226;0.120774321399024;0.00619661409148398;-0.0178368803075203;\n
0.352096660290434;0.0463488383894166;0.120143729566947;0.00605445834798862;-0.105778795692834;\n
0.373893083752868;-0.0265894261953022;0.117936706641065;0.0213174045720751;-0.00960343880493966;\n
