0.380907885032317;0.210713602492144;0.134912056083485;0.283052681253344;-0.0672403806934228;\n
0.336294782437064;0.197392727213226;0.122928050791323;0.268213951077578;-0.00720316297865597;\n
0.325519154393962;0.181854981256527;0.124164021458505;0.25199135035347;-0.0522886298440617;\n
0.32347775491748;0.208809251710656;0.151191688291693;0.251627087427896;0.0764771830655575;\n
0.3360694425594;0.250353097835775;0.138754161041422;0.555531112474976;0.141597509726647;\n
0.325925316489225;0.197849350017563;0.132205209310912;0.310685768644625;-0.0848282921023986;\n
0.315818588793255;0.21952694883845;0.135095969523144;0.282080063883064;-0.0505331024368045;\n
0.33736551043287;0.20177344371975;0.126944232712244;0.310318911701319;0.0821312274408594;\n
0.329122020150647;0.234947760858622;0.127253043615352;0.26840501346566;-0.0506197026618682;\n
0.318998109260275;0.202162833246845;0.133272208825484;0.0766486213108919;0.00345279700518664;\n
0.330901153080177;0.215177743007037;0.136348092896322;0.295096555856333;0.563863519694412;\n
0.32878863142572;0.240081238246844;0.132936169252318;0.234296199100473;-0.117036122358111;\n
0.346307749449722;0.247001822492816;0.126499481861442;0.267727191715194;-0.0983726436436908;\n
0.311616808081375;0.186358523154943;0.136111344471829;0.344503208616879;0.0472961070129432;\n
0.332122824428928;0.198999882060096;0.139043142160004;0.427539316020703;-0.0614685015647742;\n
0.310258643749265;0.220645696977752;0.136979208595708;0.235140616676506;0.0426433445273654;\n
0.321536603940075;0.206491925128812;0.133208968637895;0.627811700582089;-0.0101579193652673;\n
0.338322441797772;0.210128951780365;0.141330420362088;0.279673852670777;0.0735466524976786;\n
0.326514716602941;0.215292081511829;0.153278105008099;0.444277651168052;-0.0717993050415959;\n
0.35288561124543;0.203768733689963;0.13196157166654;0.255133866162317;-0.110172505963503;\n
0.342318837967235;0.230251816626818;0.13792730695508;0.286897049564382;0.06651790732975;\n
0.325678608097723;0.257274428236858;0.135897346932904;0.22342945598128;0.690774110943108;\n
0.32314508666598;0.210628337125709;0.135461578299117;0.244242306935626;-0.0490464901104342;\n
0.30794297349668;0.201480214251128;0.127877331165611;0.0387260549631495;-0.070553377918169;\n
0.314060848284106;0.187517528844647;0.138833425790873;0.227048058487363;0.118221633023041;\n
0.318873374661789;0.211062761906352;0.13663256246053;0.235292561830279;-0.102283401683423;\n
0.336806472082095;0.228075343617211;0.138954490432445;0.254788641952673;-0.0373416030115977;\n
0.298028496065919;0.218199127978158;0.13378682957476;0.247975610259599;-0.0610046783289686;\n
0.347615846965242;0.233954734243019;0.130581080984317;0.248162512896901;-0.099309745510239;\n
0.349807631405967;0.161952481816556;0.154396195793996;0.664004650386603;-0.0342635387036686;\n
0.319200409267588;0.220606120685693;0.132054004568489;0.268203820392978;-0.0305300571815459;\n
0.315800228787956;0.232437610244704;0.129438965208937;0.241283892672507;0.450110683663968;\n
0.319306419906702;0.24173858484754;0.130944773802917;0.255462207458717;0.149226078138531;\n
0.340157353694009;0.243410356508237;0.135343760901024;-0.0303567232692408;-0.0749499508195162;\n
0.324695251322818;0.186577705039151;0.133292301122066;0.276090950281458;0.631438238261693;\n
0.347896470701103;0.226706784584164;0.138280091835837;0.2896585660894;-0.0463802171557337;\n
0.340687745603113;0.274795122109002;0.131482524211316;0.294265758979868;0.0638767844016974;\n
0.300872762838261;0.198962938312944;0.125584191791729;0.259189393615045;0.0908638872667025;\n
0.322759521404771;0.217079010303567;0.132579779864039;0.215637967044673;-0.0394984918668414;\n
0.348201533685361;0.228862341154598;0.130280185714154;0.241322772209909;0.00147865858494056;\n
0.334263646081782;0.218301920262037;0.133581751385035;0.262178224913644;-0.0939783848493986;\n
0.335816023117685;0.315310435775453;0.130038346334981;0.224274733424829;-0.0499369648706034;\n
0.316978831694941;0.235677284704395;0.137508988151191;0.262828516224713;-0.0648488663979723;\n
0.304013708545543;0.207982698989188;0.127802047446248;0.288542964114439;0.584925969285718;\n
0.320903231546809;0.192848602957303;0.12581985777227;0.290411979329511;-0.0739481109444992;\n
0.308009134034691;0.175398596813967;0.133204265987601;0.238592618474372;-0.0270640090930575;\n
0.322392340618182;0.224655824087681;0.131872739709458;0.273703998497429;-0.0895506923831625;\n
0.32013834348833;0.222847613204786;0.134759168000833;0.456012069697966;0.645924657470977;\n
0.32803917949647;0.209586803584376;0.181137970815234;0.293189076587629;-0.0574428011596542;\n
0.303553230139375;0.210797456966434;0.138165616131478;0.241456670596956;-0.121240824427624;\n
0.336752378290387;0.220894568968966;0.12748079464536;0.294623526584794;-0.0517109230996443;\n
0.325911551237687;0.212104370513692;0.129269684460639;0.260417446780669;0.00674901337020672;\n
0.298482165259517;0.194312569520875;0.133489226343683;0.256286154506166;-0.0506679867483795;\n
0.325631896391146;0.18790188329496;0.131667025270498;0.25855500667464;-0.0794872001333691;\n
0.322671771115504;0.208661002478851;0.136990689812764;0.0202328379422257;-0.0918301637285841;\n
0.303751163465567;0.200378955301868;0.133527879059641;0.261023940573073;-0.0857093704839921;\n
0.333747269457376;0.227715814139775;0.135536920330158;0.257210278170963;-0.0919000246442344;\n
0.318778680773714;0.216586983830708;0.135485689342571;0.112381454880687;-0.0950086637053951;\n
0.365480885303918;0.201990490673758;0.138463360259577;0.430870144612587;-0.105636839185414;\n
0.318952895635524;0.208479843008647;0.132237320556354;0.22783989627624;-0.0719351389842419;\n
0.355516548852114;0.202128704768331;0.13525777051995;0.37522514411026;0.325988001880133;\n
0.342525467270451;0.209774394166855;0.129006334671052;0.0430200898516809;0.295528235923794;\n
0.331248431212885;0.211183340516576;0.13129121602879;0.00776874425078861;0.0662188166186626;\n
0.355701764339017;0.233372090070988;0.134435556939383;0.253035226165649;-0.0642855962570208;\n
0.333331220983185;0.239382668622299;0.117535020917938;0.249903452503139;-0.0768388086441413;\n
0.357037900979115;0.240635096062323;0.13297971256754;0.604892703477448;0.0134241191170426;\n
0.335728686532255;0.194828107164996;0.138330223419029;0.236547888166303;-0.037422147162565;\n
0.336995050700945;0.22341278066072;0.129870398539243;0.305101536195771;-0.0333395774210882;\n
0.344456144806671;0.203371618520332;0.131267297827013;0.268320141959105;-0.0902306535305412;\n
0.30638213033332;0.2148993260908;0.131912292740421;0.716084986234683;0.586920166335558;\n
0.340412490080824;0.213337529724271;0.145185470783156;0.273057494113641;-0.0806931829315772;\n
0.31332526575093;0.224807066011341;0.137583271632886;0.228897118764257;0.0241589198989778;\n
0.332486751090595;0.214057057066612;0.135915082745181;0.226280686787553;-0.0812756850879465;\n
0.325998316341258;0.197706074645045;0.136090713524151;0.254315454225426;0.0298629848348612;\n
0.344134179776292;0.211558986548886;0.134535645451022;0.575350148179343;0.221073469951706;\n
0.326230355356642;0.25445098836247;0.131316175180096;0.228676240416521;-0.103680144241197;\n
0.318182848403239;0.196475699241795;0.126992714128904;0.304784619870428;0.0505735394235165;\n
0.333495220354382;0.215611684338241;0.128564730272744;0.300250970652134;0.557393241355891;\n
0.345170848295949;0.213196886198548;0.134656312847892;0.283070014232164;-0.00945148436938836;\n
0.321836207000028;0.222939303268787;0.136906575843414;0.32670818964835;-0.0519595650647118;\n
0.355028156088798;0.242931663605648;0.133770778191903;0.264250924008117;-0.103068209461592;\n
0.333712157394614;0.216264783274707;0.128085532719098;0.33770782716416;0.0932323253877285;\n
0.367564471314595;0.22675968164296;0.127403184205549;0.290358904380487;-0.103312493399879;\n
0.365451762861296;0.194721645851824;0.132389524131542;0.281589077366422;-0.0440317729473662;\n
0.327387595192399;0.197210271773297;0.132346068888948;0.271252304142576;0.00958705819104388;\n
0.31941439015177;0.206973986199455;0.133843012170434;0.247224763241417;-0.104780261677516;\n
0.343263087705648;0.190947482179016;0.148392867070525;0.14705847496172;-0.105894609674964;\n
0.33405360100149;0.234002093718472;0.135668779281913;0.237395950957425;0.0904587152186177;\n
0.280132431127913;0.218934884762401;0.142777509083125;0.257755355996858;-0.121306601092789;\n
0.333977077447901;0.195238254298739;0.121836028552588;0.278503762683599;0.529871061683063;\n
0.313778502090204;0.198707924562508;0.134893963193455;0.0433230186589815;0.15443170852362;\n
0.308322686302638;0.24243503101934;0.135039272503003;0.531571582182258;0.660631522005099;\n
0.328130864798816;0.228202976024741;0.12795415071258;0.236120649837221;0.0269478937371812;\n
0.352138013035615;0.166903587773052;0.127453565452278;0.0344857696422976;-0.0686923254291244;\n
0.325158253640849;0.277165380914127;0.135059894186892;0.0444010670010128;-0.0741050384485808;\n
0.332918351285068;0.263338050616047;0.138196317697679;0.0769112867027592;0.053733187464524;\n
0.344105228883808;0.0169893426927102;0.13242934535629;0.243322514651276;0.15994084795335;\n
0.331530029399497;0.247031437376516;0.135074364133988;0.284211486809328;-0.0221790261148086;\n
0.293467454511699;0.195544370774401;0.123707829575142;0.276618043158259;-0.0433641735780479;\n
0.336883190522544;0.199436430274984;0.122206513510021;0.285306114172841;-0.0642411503875872;\n
