0.361891607095192;0.293650394717594;0.169769181415556;0.0411577331715481;0.0330488404273296;\n
0.341425800883957;-0.0112422432508787;0.165935350003005;0.164351403435737;-0.0368774087709793;\n
0.332753550023966;-0.0115462684675501;0.124846832712146;0.12569263642818;0.248277489139378;\n
0.375943626101504;0.0823894610083389;0.152820098884731;0.052127483351687;-0.0526846498872982;\n
0.362701702742337;0.233566506257724;0.116864066146547;0.0562476537423955;-0.0690796928780323;\n
0.412008118214234;0.0200470997736248;0.138088297855414;0.287868284263074;0.0336216772535425;\n
0.360613580714086;0.0624665374061948;0.134168437127738;0.322065994080317;-0.0982673422199849;\n
0.395668059609852;0.273255739873855;0.129887086692317;0.282277997966733;-0.0817911062684121;\n
0.354686983917848;0.21913185292344;0.134483263013517;0.09753280483614;-0.0738561077854507;\n
0.377101594097377;0.2923452666473;0.127723553657158;0.13922679453631;-0.0656842762608513;\n
0.405619890503912;-0.0258049438305279;0.118692041416386;0.0499399733165564;-0.00610688962668099;\n
0.36498376396305;0.258785756928618;0.176356543175296;0.287933200658384;0.0361363938020247;\n
0.341205135778632;0.299943580700263;0.127358530373056;0.0614357355981156;-0.0220570336139602;\n
0.382110917125226;0.0137486370166963;0.174008436931252;0.226511760897015;0.211772573344835;\n
0.416885097866381;-0.00827559329755345;0.129229853513904;0.0159311660894966;-0.0620208432705086;\n
0.315507649226998;0.00913685246786117;0.128643680408924;0.2440244456093;-0.0618546010224341;\n
0.357630858898195;0.285910825910017;0.138469349056151;0.211274152055036;-0.0266262213379839;\n
0.366836782460252;0.0653258811090588;0.135469687443103;0.300001809806606;0.207716789657888;\n
0.367515228694602;0.0336122928992131;0.179539571427314;0.311600124787609;0.171015875112442;\n
0.412006174732241;0.238827075864567;0.132656596246837;0.305541657953288;-0.0653370633518893;\n
0.331133885296612;-0.0152439368389516;0.133668418223679;0.0841807083551925;-0.0878867193462214;\n
0.371746388669418;0.204400787318293;0.132576569713635;0.0379070579391353;-0.0804170374387658;\n
0.354284817123061;0.214344029087181;0.157286892351286;0.263368870945833;-0.0464608703359513;\n
0.357779618275859;0.0055887830280128;0.133001973778443;0.262417790131456;-0.041887801006474;\n
0.366855136966095;0.299809589606901;0.137336442057387;0.211399228117933;-0.0947705150459076;\n
0.338607052551864;0.0249710172701171;0.178132014594264;0.0604090220541907;-0.0031958517626462;\n
0.35134448372811;0.234835995854733;0.134911305888822;0.242217109716654;0.0192895910625914;\n
0.407601876197917;0.00443832329234661;0.131696415884318;0.0570505480708144;-0.0852514955034826;\n
0.370467976590487;0.238314391467236;0.158649365837618;0.0583315936407136;-0.0619268795506412;\n
0.355212327594263;0.157131462046952;0.184301231388975;0.26299978692201;-0.0330427820923344;\n
0.34080277887892;0.255848849473616;0.132727974371382;0.243144284174561;0.197793862669943;\n
0.35870186274969;0.215763262728281;0.136418490145246;0.0797666972181172;-0.0458050980583329;\n
0.39155139531675;-0.00403689762252035;0.129620164318189;0.253818537858697;-0.0587915622187298;\n
0.35304090637045;0.0420053027790088;0.145933175389097;0.251648895439888;-0.0061811625274738;\n
0.373292336066331;0.261036527927253;0.135245842005687;0.259936629475054;-0.0362380695956218;\n
0.351120156956577;0.0166826174205942;0.135939828261256;-0.00577671227893645;-0.0115109923110862;\n
0.360803427830764;0.0587726427988298;0.159790684862835;0.282723537327147;-0.0592939910867896;\n
0.354429304459446;0.100961193322394;0.139838799536666;0.0121986691465216;-0.0120273658368188;\n
0.378921986258533;0.277809077616389;0.159213066960209;0.285930220586892;-0.0600540886827409;\n
0.382205773649641;0.22596059543837;0.17884163649714;0.295145355629005;-0.0610933174132126;\n
0.28993135092553;0.309464148800662;0.139670431913155;0.0956856190449633;0.117166031445189;\n
0.376798467771337;0.0723739015427013;0.122329594155052;0.103952786520162;-0.0758188540647515;\n
0.33509843585826;0.364346178910805;0.126879350819797;0.0601280998666416;-0.0376516680836747;\n
0.352386658426805;-0.0443023800847759;0.124917527362706;0.0975998183034771;0.0329977765225603;\n
0.386334252579613;0.316733467861486;0.145900865893103;0.0867900327953696;-0.0967506237246086;\n
0.370513492531816;-0.00388182940328535;0.136276031616675;0.258535045841096;-0.0731913493130933;\n
0.370377329706649;0.318448350622928;0.00607075935862422;0.11530604890028;-0.0647915615303647;\n
0.41542263251343;0.0191306882055784;0.122569031331909;0.124210073008631;-0.0659799191033956;\n
0.370389158025029;0.030674420406525;0.139318532124986;0.0454385130501368;0.0332902335300191;\n
0.390675771691784;0.0393780108448932;0.142369186695723;0.0479750890209543;-0.0949505083764375;\n
0.351152782123126;-0.0237193146324689;0.113436020911971;0.0312162053241643;-0.0786084877031265;\n
0.327258215988507;0.0195475979827561;0.139629060900079;0.272270216295322;0.0137086876605589;\n
0.333831219498086;0.33183213777051;0.126513838529216;0.0134219809589765;-0.0925985172648202;\n
0.366406018734137;-0.0501796702094685;0.127568075702696;0.246171637267785;0.202470483270393;\n
0.360623215896208;0.00967142695171774;0.136682039791942;0.0660272909499767;-0.0596806113270233;\n
0.387627233872179;0.314474171576344;0.124019077384781;0.0798296471274344;-0.044921947508856;\n
0.353940054435044;0.252063964434031;0.171274661281758;0.0992714225446178;-0.093666882718755;\n
0.37573274492865;0.0462065423255668;0.180882425883395;0.106860337018963;-0.000499632100046721;\n
0.400794917381162;0.0388695836059199;0.123517877257203;0.132789207205464;0.131435875672067;\n
0.396219163687971;0.295790451247334;0.134504760985905;0.0088496941923854;-0.0303343305211471;\n
0.351860878614471;0.295200984723554;0.141759341053234;0.336136311088711;0.022100337641488;\n
0.366307936688156;0.30065267873693;0.126628990098631;0.250654960341988;-0.072504549365628;\n
0.366517811739013;0.0269270484706907;0.133522114934664;0.293679539099538;-0.015934672575925;\n
0.361502744648029;0.229955944752851;-0.0724907603992929;0.116334128029577;0.0560133721646898;\n
0.34376071391143;0.295756818733087;0.146458605359015;0.240742520976142;-0.0755710361306966;\n
0.310902841551932;0.0271728344363802;0.138885469359464;0.285939041202027;-0.0364069946020808;\n
0.275122501714847;0.00516653942628997;0.130193975710743;0.0975002397718436;-0.0066417952216839;\n
0.218018335189612;0.0928147521445545;0.177146530708694;0.026075826544194;-0.0548478724516384;\n
0.349987954242301;0.0106591426354579;0.133919524764382;0.237061552837666;-0.0918201870386222;\n
0.356593805089186;0.0706053579384155;0.162112664260518;0.293001728523634;-0.0248238164824258;\n
0.371312622107712;0.307411540013669;0.132290942495602;0.382189181896962;-0.000468865130320711;\n
0.387085153077536;0.0729826247110202;0.176369295593171;0.310738220721395;-0.0314743066806956;\n
0.350975767211371;0.0401280007921209;0.166893541828751;0.0626823384191098;-0.0902851723582676;\n
0.290204301014616;0.0729577045293388;0.14634877744656;0.0756796209245911;-0.0495237794838446;\n
0.395974778521798;0.0600642325480745;0.127800305459134;0.0111274872398892;-0.072379812332065;\n
0.409247396513173;0.000705192575062297;0.138384868822942;0.25463242031485;-0.0911993955660245;\n
0.309132881532301;-0.0249974878162397;0.129689655622203;0.0313264837397503;0.0522954865796271;\n
0.336027815071188;0.115579860370241;0.123728334510411;0.264812021634597;-0.0421103535863254;\n
0.365522259919782;0.300516191029987;-0.0157435345852895;0.286397798529422;-0.0406750331594333;\n
0.371248843960376;0.307242595040292;0.135426073661658;0.249398051208267;-0.0492658721657561;\n
0.371743214494379;0.224966917456938;0.137900033812389;0.0645490169414215;-0.07658851654215;\n
0.396871321352551;0.253324309889081;0.129219504556679;0.101540450294345;-0.00605691242879275;\n
0.378778017754342;0.325972607539301;0.138902203030913;0.0502789543365778;-0.0938390576800069;\n
0.312757208057316;0.0356764908580771;0.128726989823483;0.281587495215397;-0.08659727909503;\n
0.379320295242179;0.0169235441260432;0.123755422481037;-0.000942992207164095;-0.0107906325639816;\n
0.365517685348232;0.321118613281196;0.12354380914159;0.0388039712809449;-0.0646165877627281;\n
0.414056603878656;-0.000437431148152423;0.141933972039431;0.0647262867746224;-0.0810404651868682;\n
0.378691538029951;0.00969628094540015;0.161080567020404;0.301155157543959;-0.0830128715573714;\n
0.305639825053827;0.262295490369742;0.126550404557579;0.0617592277128894;-0.0910600549252345;\n
0.34166845174806;0.284939436908288;0.134971423092117;0.289800928299294;-0.0807393805207428;\n
0.382978101584973;-0.000823499854408827;0.130113563178249;0.329450440759391;-0.0609334769715379;\n
0.349316951472514;0.0610464248302991;-0.00120330421245773;0.0350393138027536;-0.00524772938368098;\n
0.356659589610279;0.259892831008803;0.188598148092075;0.266140292123745;-0.0603348201571126;\n
0.355438939581269;0.280578099420387;0.132761728914086;0.0797905926692404;-0.0810599558426106;\n
0.354501955594517;0.14342737816713;0.130583579788529;0.0723804789564243;-0.0690538215093774;\n
0.357319531754155;0.0109367209356178;0.0219148296728855;-0.0523268674188906;\n
0.348373222336798;0.0751188813939639;0.121245885532063;0.154431974618789;-0.00119567449848945;\n
0.330742831720313;0.0101058277379793;0.163604003645058;0.05604439330515;0.285872450073007;\n
0.296393005095862;0.216397526619519;0.147396178726066;0.125853936698989;-0.0469042898141055;\n
0.346428902974236;-0.000818033880803204;-0.0164883010108386;0.0723719213276252;-0.027846279222793;\n
