0.100386097563541;-0.0389368066442364;0.123508076385316;0.00812939072116003;0.0368187714132202;\n
0.205035280944339;-0.036037235428917;0.119395604453266;0.0504057404069774;0.0444797132283746;\n
0.096412701417375;-0.06717728463683;0.110336303855695;0.0110186214708191;0.0309125633377921;\n
0.117493990092812;-0.0661798748086806;0.054220618289511;0.00347712451652385;\n
0.124885510196333;-0.0458698432000404;0.115613928211553;0.00116475821973383;-0.121758818026411;\n
0.229478362759774;-0.0627029747012428;0.116553152597477;0.0466280679278743;0.0318238549510799;\n
0.148135521462297;-0.0682667784960627;0.106745343197538;0.0512677736053502;0.0645142144889899;\n
0.421676456832126;-0.0599673953481618;0.122737497517997;0.0237100164196944;0.0326227516148658;\n
0.14070772531053;-0.0580931648220436;0.11796435227964;-0.00545493268073827;-0.129415544340455;\n
0.431013075880922;-0.0614016134238828;0.116795001642778;0.00893019403201345;0.0389163227815855;\n
0.140458977963546;-0.0430466808437768;0.104203657030201;0.00286659178766446;-0.0522478483889943;\n
0.437742644220526;-0.0668310971675071;0.110939243387501;0.0397410986765511;0.0456031005799855;\n
0.170138878191309;-0.0335082491861978;0.114747202480108;0.00468730814810042;0.0320398146067134;\n
0.472705317308843;-0.0568843972731469;0.111441855719096;0.0677130933988197;0.00854847036861303;\n
0.487813211772285;-0.0775778869294603;0.109954782277848;0.0623736194521456;0.0065894484194135;\n
0.150668712579269;-0.0868216731931854;0.119536752773493;0.0416626074255955;0.0394864654781159;\n
0.472280985832282;-0.0633683429731711;0.110141575450236;0.0808581395880542;0.0645142144889899;\n
0.0802694125377725;-0.0663955652229128;0.107794492383643;-0.0190404281979627;0.0315400273172899;\n
0.121874864350209;-0.0467524828576614;0.117275668484271;-0.00615050194309241;0.0307103201462309;\n
0.48478069402479;-0.0568966882107604;0.123257046716053;0.0242238388348083;0.0301114761446558;\n
0.141959423667916;0.0124821695161033;0.114429433904385;0.0663353584965842;0.0312566557008222;\n
0.175845006890561;-0.0906964521233408;0.113379006749054;-0.00326639490870539;0.0278576162291999;\n
0.186934795802464;-0.00400341323616815;0.119002499711731;0.015339307380642;0.0644743405507499;\n
0.406586360138163;-0.0662159376508105;0.10955699724604;0.014909806210228;0.0389950423711918;\n
0.141518898109513;-0.0709225114021694;0.119498246956769;-0.00182752054415575;-0.133006530001933;\n
0.110530494336782;-0.0546325278919342;0.112737370321388;0.0586004012585233;-0.00310611785135431;\n
0.123048501872237;-0.071136430047141;0.10678129650979;0.0171011607851921;0.0452336000460938;\n
0.188585802350516;-0.0569908667939421;0.120538286400763;0.0361750450597027;-0.133969356044338;\n
0.422774672138286;-0.0683164566164131;0.115038646123828;0.0280602668669471;0.0312535526841711;\n
0.101510933282459;-0.0548865204728876;0.111032410959884;0.0494483666679321;-0.117523770853941;\n
0.193580416903717;-0.0385280823151042;0.0538756869239861;0.0165517828983675;\n
0.133137564350283;-0.0695946923207507;0.125071106607303;0.0132870564803942;0.0276118415231073;\n
0.174567639166047;-0.0582655050149867;0.109977694599053;0.000747190444923662;0.0120613396036204;\n
0.155334350841933;0.0118447046008295;0.11617228660942;0.0093651933127511;0.0293598802703321;\n
0.128320798732132;-0.0173056327518381;0.126720636327909;0.00565339971539874;0.0645142144889899;\n
0.0867209955362505;-0.0693265907649559;0.11416108699821;0.0451522725317097;0.0404996366978845;\n
0.403975338886182;-0.0681885820380375;0.119581282670938;0.0170848282030996;0.04648208128527;\n
0.171559251832078;-0.0662141313330856;0.112538983057813;0.0439511753910255;0.0160966296595076;\n
0.130833377179563;-0.040987041026175;0.105293360170154;-0.00305261607150037;-0.00874021217896587;\n
0.412260649819578;-0.0459976841372565;0.11680984976879;0.00657553416849627;-0.00780918571735459;\n
0.172463950532653;-0.0494812210532471;0.120045234522689;0.0307632950396471;0.0307601857363944;\n
0.162604220596431;-0.0646933888075754;0.109704050181376;0.0453309184349453;0.0303224709123396;\n
0.278213400048142;-0.0441327864837322;0.110928294704242;0.00517498279569106;0.0297250188592234;\n
0.143114817912173;-0.0423203587728289;0.107420650055798;0.0434974958202634;0.0644345876674309;\n
0.137271504762565;-0.0419931441894404;0.104023752402366;-0.0191532877140724;0.0291375055669045;\n
0.128263272420389;-0.060069728092216;0.110860608466347;0.000699693135119694;0.0286564543361172;\n
0.151809377592177;-0.0690482624993792;0.122852223366396;0.0499412984479641;0.0303260103103033;\n
0.131663205777139;0.101867575626835;0.00702456103399152;0.032859285815152;\n
0.13229437630797;-0.0376736086293357;0.111756503753835;0.00171226736349639;0.0338489719781113;\n
0.12385649684446;-0.0532391263079707;0.113673956910645;0.0570701124004626;-0.0463077620885927;\n
0.123138412708117;-0.0288040308229949;0.113481671921728;0.0458238749601982;0.0371670521613438;\n
0.149720223158064;-0.0891415899134282;0.110991669558369;0.0660718392827613;-0.10489345622466;\n
0.135795260253157;-0.056377790050829;0.109649099014383;0.0282129329350123;0.0288544399735814;\n
0.427932572200816;-0.0729331358340611;0.111124064547159;0.0263352773621014;0.0407001719665486;\n
0.404662037655126;-0.0538993114622154;0.106651570963779;0.100295667097781;0.0302618664363197;\n
0.136773083706208;-0.0491696306986733;0.112504887804711;0.0189286013863563;-0.134578050886937;\n
0.416825941284037;-0.0683829212486919;0.029410849204356;0.045282880612383;\n
0.171273515386584;-0.0416076754741321;0.11344018517423;0.017361555646605;0.0443342330316938;\n
0.1901318372903;-0.0421846948533577;0.124026140367738;0.0803499474826666;0.0621292270219981;\n
0.149386024361417;-0.045764906147429;0.115595450586001;0.0985739555193961;0.028613040110785;\n
0.406518207090182;-0.0638147216764351;0.0480128100969854;0.0298401186582595;\n
0.449169418324912;-0.064001833866045;0.112756715515153;0.0383794058770977;-0.0249251835985034;\n
0.125231534319068;-0.0176983870171586;0.119623965328672;0.0678348227197327;-0.139415303850884;\n
0.142456535172839;-0.054488949258959;0.11054247928262;0.00359365349999419;0.0316177015753803;\n
0.143542437670725;-0.058782560351221;0.11310994467282;0.0298328814593898;0.0367752452747701;\n
0.193207197982667;-0.0641996439547624;0.109988558646994;0.0461852834592061;0.0462329567018007;\n
0.114132534643169;-0.0659887388260273;0.116648895046793;0.0329223282097653;0.0284396132060697;\n
0.163386334867033;-0.0592841881531572;0.116198716450469;0.0264290297285013;0.0647970969630077;\n
0.181053505946646;-0.0667174276535845;0.111753449280731;0.0533872382552779;-0.0295156790231256;\n
0.177392345664465;-0.0792623089691148;0.122391804284993;0.0333542344733632;-0.0304512490100207;\n
0.230582506613702;-0.0701564551417802;0.111544764027103;0.0508130025172211;0.0301090593437484;\n
0.182034980124208;-0.0631000612446407;0.122623106566267;0.0847319398743654;0.0139194040790676;\n
0.154786425713425;-0.061817027765687;0.104822607562274;0.0225090808899918;0.0384693586402268;\n
0.185570772230548;0.0320716999920582;0.115519350241259;-0.00116235976803991;0.0436906811763282;\n
0.188274278618494;-0.0481300946064043;0.120377281018013;0.0406919187967545;0.0318572258348339;\n
0.186138696684521;-0.0790692436521078;0.11370344449515;0.028439638259787;0.013052049178051;\n
0.0891970403792876;-0.0760156980855861;0.112306078254122;0.016348316100438;-0.00465341119225859;\n
0.145256009248026;-0.0538278233145855;0.116704824252924;0.030223455414005;-0.0776157897123811;\n
0.202311533239616;-0.0606857047237368;0.119145339920667;0.0247540363761926;-0.0516383379262207;\n
0.146713393827435;-0.0595659195160274;0.112101926698342;-0.0146449261789535;0.0295799318759484;\n
0.422007553086776;-0.0620472286503754;0.115659613942694;-0.00754071359436603;0.0242882466734948;\n
0.126800631316364;-0.0410274053258746;0.116755517141803;0.0590643717546466;0.0317448249573399;\n
0.161553341974385;-0.0360123589388718;0.109512254093407;0.0367198299347959;-0.0578365676733691;\n
0.134040447996181;-0.0428349147643426;0.123132082203589;-0.017083101207356;0.00851030134180636;\n
0.431055153885747;-0.0691635849915071;0.105112087652373;0.0332611484638599;0.0297708664110631;\n
0.129028860705903;-0.0698123983028825;0.117605756794261;0.0687001266364593;-0.0786887792957211;\n
0.165265645431646;-0.0675306872200906;0.119219980157236;0.0568322842284119;-0.000760074543472322;\n
0.432393882636687;-0.0609990202779116;0.109919601706515;-0.00720840972363246;0.0307422256025916;\n
0.45258125104607;0.0025004006622108;0.120352516059262;0.0355892343751708;0.0285248628482519;\n
0.188023068682079;-0.0581087653777824;0.111186908471086;0.0155635937793162;0.0400712594602366;\n
0.460604573595765;-0.0720684401911516;0.114086383009207;-0.00435553835771324;-0.0750975031021722;\n
0.157169469111455;-0.0683280986314178;0.111816451026522;0.0474056194442068;0.0340647720944415;\n
0.446587632206499;-0.0560191793056174;0.11283802498924;0.0070220186729878;0.0504393966310521;\n
0.459547598899169;-0.0736165917724816;0.124394547360218;0.0278704738760621;0.0365502272370964;\n
0.44100155152764;-0.0632265075414099;0.123561430305004;0.00725183162797916;0.0320444142853759;\n
0.138547139014431;-0.0617070187467195;0.115765813240554;-0.0053997799730775;-0.104028374953804;\n
0.186974268286378;-0.0599597728711592;0.114266400458531;0.0464401780726074;0.0304994072226629;\n
0.200324823878271;-0.0592397922288397;0.124888942594144;0.0371575628650547;0.0403574908920522;\n
0.108821751559927;-0.0740225158048228;0.116107128758862;0.0709969704334412;0.0649237413514188;\n
0.132104004878117;-0.0317573331684936;0.112430759159639;0.0389559916848246;-0.0853724081404764;\n
