0.334033743105261;0.361408472154147;0.124799091112872;0.229139348618633;-0.055742331028498;\n
0.352523511734445;0.041100678584748;0.120756970236765;0.280773288384571;-0.0182316920989338;\n
0.31886584934074;0.246427103701735;0.130125101434547;0.270934880469299;-0.0934915944601693;\n
0.320466041975291;0.0606388533814193;0.123224775858469;0.218104905885406;0.0232177237966217;\n
0.342885724345916;0.263167093623993;0.123326111751766;0.012280463068111;-0.0419470679746793;\n
0.335134245528485;-0.00761812203185031;0.106201530129573;0.530143821261437;-0.0977798174518589;\n
0.300154571637856;0.19076294997099;0.125430756085971;0.273776154441512;-0.00550719211409412;\n
0.356183929778456;0.213261022767735;0.126296450799349;0.327157958526018;-0.074030571320747;\n
0.327070293935254;0.308578176319378;0.131385705134558;0.655210198466569;0.0241243741759592;\n
0.322145257960043;-0.0177453455034707;0.118109274235872;0.258098937847648;0.662521762890874;\n
0.32738685723412;0.264699073798367;0.137726199135991;0.644656590664555;-0.0621667624036688;\n
0.304469318380983;0.254345824610969;0.113249808992718;0.384360899559569;-0.0155506964873968;\n
0.29760022751179;0.210868803908392;0.12467793136354;0.0375836730425721;-0.041358780697453;\n
0.33997224219794;0.228433745016828;0.140350883672572;0.239078872650626;-0.00202336654537311;\n
0.329803180868242;0.27496452010567;0.123460692113281;0.24979117637743;0.694746355974204;\n
0.347361409493208;0.611480791749753;0.119404732353935;0.261519928188273;-0.0640209176899286;\n
0.335417234876756;0.209363512864396;0.139683168330881;0.244653223462619;-0.00278129636064195;\n
0.323081969949219;0.22209367324174;0.146060092518277;0.281367598584429;0.00141261493507688;\n
0.287981684210115;0.23495604896666;0.12379349169716;0.268245766278581;0.00573436587861983;\n
0.336438331802706;0.0162493737816803;0.122335771633905;0.208791957535806;-0.0773208979716466;\n
0.346077841167459;0.258360859433874;0.137686162737763;0.200627722886932;-0.0984760201847306;\n
0.296586086265689;0.152433835450932;0.11623315164733;0.271014159414357;-0.0165070157779476;\n
0.279500926168477;0.279949373731712;0.119733857573075;0.0184975499508991;-0.0818968257610446;\n
0.346066835192049;0.228121736954745;0.130165828738399;0.251061721343516;0.703916288694253;\n
0.336800065858038;0.601192008860078;0.111463291731007;0.296660516514352;-0.0801945725569351;\n
0.319428006969557;0.170230654388191;0.126403353272675;0.171108495400611;-0.0328488470972582;\n
0.339381412003003;0.226453871604002;0.128410606843707;0.0589259022917115;0.0687928417030401;\n
0.359601390447309;0.279684245079519;0.137326063106288;0.279993812708446;0.724333203579141;\n
0.354162220718927;0.227650156297867;0.12464539015732;0.233765467027933;-0.021766833328186;\n
0.366305996022603;0.218460525704593;0.138936037782884;0.306583591388832;-0.0623719885722626;\n
0.349188629403959;0.215208450951478;0.132383690935232;0.20973686151696;-0.0727021849293048;\n
0.345766540613104;0.351915137114244;0.144812833165107;0.289171519103541;-0.0483890758480912;\n
0.345290172392762;0.239859702993097;0.130792360881027;0.259099669286902;-0.0556485142866457;\n
0.345683868052071;0.136363433017699;0.599475863425817;-0.034123499123357;\n
0.350201780450548;0.226631659535826;0.126555262900098;0.306263350970168;0.57091212073929;\n
0.348417504914456;0.233492506351951;0.122506757540244;0.238938959511526;0.684012018108131;\n
0.337769708035645;0.235000321209446;0.124801951473907;0.229590130131768;-0.00131440508296421;\n
0.359220063200614;0.195831997452487;0.127071686961361;0.274748412618425;0.281833491972712;\n
0.320007998935186;0.238007190503674;0.120816263051628;0.225023383593988;-0.0615150841783713;\n
0.337422325348234;0.280267970005334;0.134106312332174;0.264528147438604;-0.0635332178089973;\n
0.315112538647836;0.262796775025313;0.132218674073698;0.244480474560316;0.730596399977598;\n
0.300990311282189;0.0908135722253364;0.120675088977302;0.271275412112593;0.722677465488424;\n
0.307355402134872;0.154825007316895;0.142725003508171;0.324986226764652;-0.0296406725692759;\n
0.336990547985425;0.240559643145453;0.116757406852695;0.258319296438777;-0.0588087980718833;\n
0.353236689737682;0.233173095902404;0.121831903791329;0.256428024237091;-0.074581462369032;\n
0.267069870213068;0.310428229691941;0.121036069496773;0.195602672870573;-0.0458702942688359;\n
0.334041694646336;0.205220256282646;0.121659392598629;0.0609846109186754;-0.0288725064669526;\n
0.337407483224575;0.216289158943415;0.127101123937664;0.246531950159998;0.00123483853294676;\n
0.300232838977725;0.154713216123468;0.122252112547102;0.395055124957929;-0.0862712386135132;\n
0.294423137171126;0.188698065578852;0.116468927636912;0.274529028158925;-0.089782151760383;\n
0.284859551840665;0.178993726337549;0.132583096611905;0.527552275482767;-0.0391727413500652;\n
0.289773702875756;0.211623119315745;0.134538616036124;0.246523206124676;0.0443914490819797;\n
0.394401666486398;0.287549039917892;0.120717349672428;0.279727015307431;0.0142723859042033;\n
0.340338572691148;0.0263382481784502;0.140069288371302;0.262446017046145;-0.0417094553032549;\n
0.346715586920265;0.246356188126041;0.12322812800084;0.244528717575488;-0.0936848567971761;\n
0.333998339182127;0.249567583836937;0.113290508754396;0.266921565435087;0.0103622724677309;\n
0.346786108400322;0.223802556160554;0.106377619887729;0.322780364375289;0.0217118131079494;\n
0.316564279306582;0.0386131197758885;0.125810958940075;0.260771553695053;-0.0427849621482279;\n
0.33623458412674;0.195017048077185;0.129767445867787;0.21498134798222;-0.0680452288647094;\n
0.339640662494197;0.299251353841354;0.127485332808631;0.344371873230288;-0.0730401833736803;\n
0.328327393017708;0.215707323645221;0.1164387481782;0.211196109994327;-0.0731216709920176;\n
0.335106692941154;0.279456717632576;0.120222436488952;0.294256943019401;-0.0156176720368418;\n
0.307208177186412;0.276677047659104;0.111322157971277;0.242442711417826;0.0241672618810293;\n
0.338317154153468;0.369229624305032;0.117222236333309;0.0662329470505947;-0.0810089159373797;\n
0.315255175880058;0.230081774922058;0.121163525782052;0.208451343126138;0.00709761508386522;\n
0.343159586959942;0.217403623669032;0.118940555939537;0.256813404510495;-0.0783544134290849;\n
0.350684230489231;0.242736856905295;0.113446742683491;0.227933281386697;-0.0854776487620947;\n
0.303947037680955;0.223266673874859;0.166111650518165;0.267757501337736;-0.026193805055173;\n
0.320745738779415;0.184676127702278;0.119972101792995;0.327003163829134;0.028895112576065;\n
0.34580857712923;0.50434350298576;0.126008855776635;0.233605800433719;-0.045490929688752;\n
0.320574308517821;0.285423839850258;0.124965592347085;0.249415826684182;-0.0424065287346489;\n
0.32271263508986;0.224148345793157;0.107089456558824;0.258585058241475;-0.0912776983325763;\n
0.270801883742583;0.174585869295637;0.129814023104086;0.280739657079496;-0.0307202912273323;\n
0.36091166567192;0.371151434632125;0.121881359739756;0.310335990066502;-0.0919956999706832;\n
0.344845065526239;0.219825907095233;0.126807943981441;0.408187467008489;0.022795458947666;\n
0.351066316181586;0.32982568543368;0.117688737640846;0.283629752487285;-0.0077788018575094;\n
0.338953693003965;0.354442155629953;0.120856415263521;0.30019703729623;0.736004436117123;\n
0.350031723585408;0.606692848850209;0.114536499549047;0.271383756769663;0.0171403748561693;\n
0.351395978827442;0.245661621319591;0.129223688255361;0.244154023345803;-0.0303192033683248;\n
0.307027715351311;0.109350006385008;0.121164149133977;0.240181315947575;-0.0150177555979035;\n
0.286553550451671;0.635473678449104;0.129191121592541;0.00664200044048452;-0.101114756296882;\n
0.312018709747335;0.250431002816421;0.136372730047287;0.242923955634245;-0.00271954912496117;\n
0.291529109515118;0.00599560064074733;0.119414634119491;0.403231355254452;0.727043770311251;\n
0.3691675291928;0.251345741396205;0.138055357531374;0.62018759475976;-0.0777668356332279;\n
0.34773447936826;0.258945067088544;0.118681751765094;0.262516789533909;-0.0778369208200346;\n
0.340165500959431;0.598442005289786;0.134875164328291;0.262965538291706;-0.079770716234275;\n
0.353289999168693;0.256924565394449;0.12389878121955;0.231025730529279;-0.10089550605906;\n
0.311280924873913;0.180711709152466;0.117567351295823;0.268642116728739;-0.0470567434690697;\n
0.318669257796447;0.230968800513318;0.124685275829726;0.247296268905812;-0.0228651014671663;\n
0.340720539148075;0.276652412222976;0.127314794544562;0.207492883737973;-0.0975943770324906;\n
0.361839651430013;-0.0432174633564663;0.120121082384569;0.286671416480005;0.690645604080478;\n
0.351318048194507;0.192249816481689;0.128580963784736;0.0696237364741869;-0.0803513627757307;\n
0.34218838586839;0.181984636489822;0.145879861187265;0.10121775671998;-0.0101770490365837;\n
0.299373236279803;0.289423497824488;0.125853291577195;0.0123621748537309;0.00773617874993432;\n
0.343726680324112;0.193097571022949;0.132594122512167;0.56792224082763;-0.0206094323380752;\n
0.33096451683714;0.297622856427957;0.121111227323994;0.239148923587425;0.721664908236402;\n
0.337891497595039;0.240920843083055;0.131086910009218;0.211913120019395;-0.0729990585153735;\n
0.344434216968531;0.232589743862635;0.127096976653037;0.462542356902771;0.672355150574226;\n
0.289801616773086;0.239285096803833;0.118939318930923;0.298637916338376;-0.0672706650656662;\n
0.324519117201025;0.317696644271701;0.108675293287696;0.240080652843732;0.00861632132351939;\n
