0.293753966645807;-0.0285753335443837;0.179427111829092;0.103304576958746;0.0847712480702097;\n
0.377892649542228;-0.0353778431706991;0.203889333715811;0.353741747797869;0.0893358344286684;\n
0.29422863031345;0.0156808198623747;0.179099077288862;0.116637958194794;0.0947190463467014;\n
0.331924213450845;-0.0252575712181144;0.179697132787415;0.0427934694022967;0.0874675051543189;\n
0.141081179220836;-0.00423326527346124;0.00694597242805373;0.170188276070798;0.0806671692509208;\n
0.300022372769687;0.0261370846082837;0.17771204861892;0.316364978209712;0.084854333394815;\n
0.404804101195707;-0.0232635225155651;0.0465155209720597;0.0609246958639953;0.084521916672254;\n
0.300041982988112;-0.063288709852194;-0.0204462522556648;0.160889873697984;0.0766702050557275;\n
0.423325933595927;-0.0378106642979319;-0.0364751294492107;0.362358265027631;0.0832016771659126;\n
0.31483309022368;0.0132998612046589;0.152187968278533;0.329150594708521;0.0948698703352917;\n
0.33112529225105;-0.00934816950801165;0.173091705015495;0.12328957787666;0.086565484977414;\n
0.370433212535483;-0.0313805108176493;0.204449445724065;0.116074475702417;0.0867791400953558;\n
0.311877479364187;-0.0337351614802124;0.179614133092665;0.284202503390724;0.0797218998060601;\n
0.306665537674889;-0.0413603559638737;0.170981932075352;0.0705080085394335;0.0848686973668232;\n
0.398963968697015;0.0333691225368378;-0.0711552664549798;0.0386344177550816;0.0816818752790006;\n
0.330057703662992;-0.0273332802783229;-0.0616590778054806;0.352854111827786;0.0813228207403084;\n
0.421072435008002;0.0742882909409389;0.163452857560379;0.106381685763955;0.0910294217148306;\n
0.323753215420932;-0.0455978123785268;0.165550331445272;0.0741787730853031;0.0822332064257087;\n
0.327131631486597;-0.0327636869514908;0.159405853904979;0.0498227711618193;0.0846542066949982;\n
0.296891830989163;-0.0367274116864792;0.00229299868264776;0.33841614061234;0.100326962888212;\n
0.313541807679587;-0.0102392495023315;0.175288832116773;0.10112616667557;0.090249126934796;\n
0.501682097525785;-0.0304599749209737;-0.0743438987507792;0.156022335401934;0.0894004654101642;\n
0.324479554183575;0.0884508365974312;0.158835013415832;0.0746843359236651;0.0808973823212133;\n
0.343098207140174;-0.0399987965488744;0.0305905118096351;0.0896239301302809;0.0820992581579363;\n
0.31614853920013;-0.0246857669457734;0.154426367848027;0.426334597914231;0.093872292619235;\n
0.317320498316203;-0.0166793303367401;0.143557724629709;0.349768285013952;0.0840491382037211;\n
0.318220058363885;-0.00905389397820788;0.183926890551223;0.100576998663679;0.0842086780028285;\n
0.443573739214312;-0.0354037663987926;-0.0903043739844417;0.0927706862232019;0.0816221241893225;\n
0.35505671253803;-0.0189235538387075;0.152043985693497;0.317227407114741;0.0799651598056036;\n
0.321055846872969;0.00582437734710317;0.171603213673347;0.370725385726775;0.083570493824888;\n
0.429826623532285;-0.00268751740659884;0.183016014556488;0.13535930571437;0.0911543248178572;\n
0.310722637536277;-0.0481942146598675;0.173827654191219;0.0192193482230572;0.0848099493156375;\n
0.307417703161429;0.00677058829588878;-0.0305371748467211;0.312720644195247;\n
0.427978403528239;-0.0259932440657419;0.181312585222758;0.0647043466041798;0.0822485851835529;\n
0.311088283740093;-0.0131916581369943;0.167365711089162;0.322924725344225;0.0789058577885712;\n
0.396951282221247;-0.00877020737040124;0.154320112031483;0.362876805879579;0.080352027731332;\n
0.410504792719434;-0.0220085885002743;-0.0720906953213352;0.347587306827979;0.0797387139682524;\n
0.316621017266676;-0.0305883101880388;0.148927964892699;0.317723646831392;0.0801233868944957;\n
0.310530637124598;-0.020534141428482;0.174829247000035;0.121842894863962;0.0802710349351937;\n
0.287238248787284;-0.00777352621046945;0.167247779492627;0.0786925056017398;0.0801881978146745;\n
0.31010684833972;-0.00595428113345864;0.157518927740926;0.283498827948853;0.0820055795522995;\n
0.279624005974599;0.00462305229343862;0.164254160887515;0.326044224545187;0.0884121462871157;\n
0.387220489453119;-0.00380975341118339;0.172821033345046;0.279232570668017;0.0945208798150305;\n
0.315673821823172;-0.0464846131034754;0.165921579241392;0.319940368625799;0.0906917549608603;\n
0.450201532999357;-0.0279049950187074;0.0320494186432674;0.0506198375363392;0.0784651930414815;\n
0.297955517614061;-0.0203729629525725;0.176533391501498;0.0955314258578948;0.0842800259093737;\n
0.425056706047732;0.0733540108595681;0.176590276110335;0.0943857194228671;0.0824910038711954;\n
0.332845395551874;0.0454855024951485;0.156051484850141;0.045493496023304;0.0906777316318361;\n
0.311619295798499;-0.0111973808058516;0.170732489148232;0.131134593544186;0.0782131640861494;\n
0.296658220681654;-0.0391729370504403;0.179803117421147;0.0930481455059415;0.0833656514504712;\n
0.317086393322886;-0.0381504192938585;0.16111855605924;0.338087633697211;0.0855482306435629;\n
0.327402304469661;-0.0489761938931235;0.182758778260273;0.100555949822853;0.0829906989629613;\n
0.283200209582034;-0.0525636803927804;0.168995612810054;0.105981777216875;0.082479149251369;\n
0.304101827670759;-0.016039088588492;0.19176652536328;0.110490125431669;0.0848211500900711;\n
0.418748760436238;0.000775178527665399;0.151527404163388;0.332576971967076;0.085903221674342;\n
0.318909088421875;0.019352012367461;0.157188575688258;0.0866410239256282;0.0830141347575516;\n
0.350592996047662;-0.0303591017427614;-0.014135493757284;0.0732779062476634;0.0868537972579244;\n
0.312232470412567;-0.00865765197753376;0.157383778768134;0.327188598089506;0.0854584642880017;\n
0.31249239156542;0.327983277919504;0.162899062816587;0.287035133383842;0.083653694041845;\n
0.376514840366342;0.0346740653007441;0.160788358048105;0.384197351059902;0.0781467713089636;\n
0.292162753269377;0.00194905999079209;0.170894901829491;0.398986526047999;0.0994041823728838;\n
0.343215369331662;0.00815960223237017;0.173198948058214;0.290201245371333;0.0849501145114975;\n
0.342466624224047;-0.0221074014571813;0.203897869077713;0.341301284370067;0.0808758116124498;\n
0.324965411667337;-0.0234558839621655;0.0725704647560486;0.118454022033545;0.0882557726553027;\n
0.294843174100814;-0.0394207965995653;0.167507761641931;0.261214414232881;0.0866251578880583;\n
0.310496787907766;-0.0456454440509818;0.195006906574622;0.080817134092683;0.0948143320571317;\n
0.345271889569553;-0.0515009862020149;0.209272763257368;0.127451041394925;\n
0.294213129003878;-0.00567762539523825;0.209321932203049;0.077270658175067;0.0850703616705368;\n
0.289276202831606;-0.0434080194248845;0.161411267277558;0.123529795798265;0.0803530392094515;\n
0.296183757824029;-0.0350247084846285;0.0166537577499129;0.36004342185386;0.0966602997883338;\n
0.341966105936924;-0.0466914017743445;0.165670553242652;0.0832003087437982;0.08280794352494;\n
0.330273929368265;-0.0340572870803189;0.167798551653837;0.101312806730459;0.0802992110004945;\n
0.31808272469913;-0.0323585274358628;0.177414931454053;0.0858123592472202;0.0824893870718943;\n
0.285990967993482;-0.0468360678140001;-0.0385358313869383;0.0830146890422318;0.0862573010691554;\n
0.29815571919454;-0.0440525797060395;0.175687399804881;0.0559067529608359;0.0948587672964852;\n
0.336293487024963;-0.0300248041895916;0.170852957949353;0.148025516440579;0.0883255904129901;\n
0.355955408728797;-0.02331691394536;-0.031667399401322;0.0831110382543599;0.0808468505455262;\n
0.339944894575003;0.0683378318712508;0.169415581859838;0.12796517028168;0.076378677243;\n
0.1705462340617;-0.0521204832127313;0.203864058906959;0.11638993488291;0.0859775979066848;\n
0.304180736548282;-0.059351348286753;0.165149105881422;0.0626451826994042;0.0886946623744144;\n
0.299895638226813;-0.0368806810519454;0.151657336338161;0.103143372144968;0.0802561784685933;\n
0.290074509689402;-0.0295941530581171;0.167354928414387;0.0953266047101353;0.0902921436516725;\n
0.284615748411295;-0.0233836325026896;0.173808671300465;0.0621868634827835;0.0833709395536391;\n
0.26573721735681;0.258744880940486;0.179484785031362;0.406494043300987;0.0833789112593762;\n
0.333172520900826;0.0164157774794078;0.181785407185781;0.098879644152043;0.0846729492450158;\n
0.312250249235891;0.000621283524441962;-0.0795563817632484;0.327821390009748;0.0805003204336487;\n
0.2809904814991;0.00247451109754482;0.15341907604159;0.0968062064309289;0.0909802487262205;\n
0.310029561054407;-0.000202456295739784;0.153103712039057;0.138155639955576;0.0849793763715745;\n
0.324241369264436;-0.0467658234443231;0.196337325602012;0.156957115436639;0.0959492613303883;\n
0.304598887642434;0.0554484249136903;0.164648184759364;0.29924331765208;0.0844893586613589;\n
0.324658647022952;-0.0196113360697533;0.162727137769598;0.359354933637626;0.0954118280518816;\n
0.315537573132936;-0.0149229198163588;0.155047122983596;0.125957415690047;0.0815366018286625;\n
0.347479322328368;0.0217718804370111;0.149776479572219;0.378169355437457;0.0842184276575385;\n
0.432850379440113;-0.0454730865871545;0.184532333990132;0.034410525809621;0.0882297262777791;\n
0.315707990612531;-0.036324295558316;0.0524154469535108;0.073789654645519;0.0921288486249114;\n
0.385965333973025;-0.0253111938670643;0.156861504917665;0.143001114511337;0.0845286143928375;\n
0.32377778990429;0.375303210350727;0.161694352882675;0.104290984307416;0.0789109855821668;\n
0.315398798043753;0.0297399338626207;0.15614146124409;0.118969638272072;0.0858681936048741;\n
0.350973604614098;-0.0339193377885296;-0.0300801910389254;0.288187195137086;0.103311242509059;\n
0.28508003673857;-0.0264229268027675;0.160638290322231;0.329653801854148;0.0842179617849547;\n
