0.387590109136395;0.00531028746760465;0.162158062376417;0.0232240468571481;0.0774439958083032;\n
0.317107538071756;-0.0416192838865739;0.229018799698995;0.0684080195253786;0.0912735637617317;\n
0.397688464520074;-0.0248123968293183;-0.0425581090040643;0.0663614290711553;0.074873719068311;\n
0.364881416715399;-0.0422879659694551;0.0395744209570542;0.306627537829956;0.0784891018908422;\n
0.376934350963299;-0.0261148825664924;0.181001758217684;0.0498097253044631;0.0821160230040569;\n
0.382050556847395;0.214655157203273;-0.073683472905756;0.0730518910473603;0.0898037143579889;\n
0.387875391940745;-0.00822059992054402;0.173137396672493;0.0519058084765407;0.0881847250628206;\n
0.300961670861494;-0.0239213107905866;0.167728612642695;0.0484413419782054;0.0951822773896907;\n
0.408685919969414;-0.0807953322494165;-0.0183626222344969;0.0739666784869036;0.07729323980254;\n
0.369896695898599;-0.0205444809445049;-0.0495063520031028;0.258876190720177;0.0938249280854185;\n
0.17847221883738;0.00638043717854975;0.0136226002457567;0.0118163462922758;0.083797801194401;\n
0.384660176048677;-0.0681534025330197;0.1606094672546;0.0138343078418721;0.0922285434285646;\n
0.349090488051249;-0.000404784146236292;0.172761934000316;0.0411525491154627;0.0861747180693407;\n
0.0886503973889609;-0.00809737223310314;0.222638137665055;0.0294468379051626;0.078760118474108;\n
0.331916165234068;0.26133191557416;0.164222190409055;0.112003835916972;0.0810019691855948;\n
0.431867656207077;-0.0134940455727964;0.138523851866449;0.0143365984189998;0.0940640934600238;\n
0.389865172338348;-0.0384407340998099;0.129512054062296;0.289607000525075;0.0897966332516997;\n
0.354245097137148;-0.0239468436563322;0.188398891840066;0.0404206565642264;0.0913976713011038;\n
0.319720651834127;0.00657999008247989;0.0459455874736878;0.154683887226285;0.0778282325799733;\n
0.321371119379281;-0.00021551276139864;0.199072889214444;0.252378212296879;0.0820374248356815;\n
0.344965317658408;-0.0352049691819972;0.184516884748928;0.086687441578856;0.0937730469937155;\n
0.402380522107964;-0.0400338459427257;0.137004775054844;0.285738742576201;0.0929105921373266;\n
0.360051930455311;-0.0435299298335751;0.228946935724831;0.0527524003341673;0.0824374664589619;\n
0.355798242396431;-0.0371696520715869;0.20096529100673;0.0280525509922153;0.0992685027961295;\n
0.27975064549797;-0.0135664509533049;0.137227554324618;0.0471488431075788;0.0812355437984904;\n
0.369379975054832;-0.0571413199239268;0.137271387581713;0.0518480049877177;0.0874079447639021;\n
0.364920521965634;0.0243425157100222;0.230083359794908;0.082028867705336;0.0795132428455636;\n
0.389585557485074;-0.0258839774276252;0.0299416514954557;0.0884094176545007;0.102099810310222;\n
0.406217086833902;-0.0249506693169074;0.17646388041264;0.0746714729434592;0.0940724019973294;\n
0.388890433428143;0.0114306399716588;0.0270882667778753;0.167306498504347;0.0815310743706331;\n
0.391024019748552;-0.00035455859328648;0.173731359602909;0.0951703413659274;0.0923379585555021;\n
0.437048279787177;-0.028089437268736;0.12521124979359;0.0645178383785559;0.090095506352129;\n
0.403887880644306;-0.0458208012570473;0.127868861775239;0.0910615371162637;0.0794657587787481;\n
0.275971722767591;0.0245846267251412;0.153376228290715;0.0700682209237454;0.0817512744808054;\n
0.386756549052133;0.0179641813875617;0.12933062910199;0.0103063187781246;0.0929210012733393;\n
0.327964293695278;-0.0207760964151484;0.157801115622123;0.00348285650580654;0.0858351374097248;\n
0.344546850271831;-0.0239045838428905;0.143127925987678;0.0874031276184154;0.0830866679943175;\n
0.183278351650462;-0.022857943487788;0.160804516134638;0.078578272728654;0.0824918820473009;\n
0.367018200581641;0.00821218459519479;0.142660675064925;0.315733551355314;0.0936323785900861;\n
0.324469081087165;-0.0205101986107636;0.165588066973198;0.00450388216271014;0.0803420638019309;\n
0.388543898845718;-0.0223788856465142;0.181526761538058;0.0697018202888377;0.0807807605035687;\n
0.40011232607834;-0.027429777219292;0.149465263260428;0.276714093405954;0.0855779769735756;\n
0.415910479134212;-0.00202024370068027;0.125882660207674;0.0870872395814261;0.0977595632257188;\n
0.187791793035738;-0.035098361786482;0.17002760214162;0.0261869251850883;0.100143884612118;\n
0.333518117026066;-0.0432707241734099;0.219241279353132;0.0152077413274004;0.101236567400117;\n
0.354568268489848;0.0133776325998353;0.136239780415237;0.099835563478763;0.0919043238460813;\n
0.316264533187975;0.00262746875337472;0.132927387363572;0.0575474516605111;0.0813034867470459;\n
0.318164119437141;-0.0190629632859084;0.131108862933821;0.289694619692317;0.0918918168604813;\n
0.151953065596336;0.239701557009789;0.157290261596942;0.0578700205625876;0.0986538059908146;\n
0.33603739823164;-0.0488200210158555;-0.014597827299218;0.0976768273713075;0.0916895329666599;\n
0.199038314289728;-0.0275793115716286;0.124530178567734;0.00526632860864185;0.082558134281274;\n
0.36861599388859;-0.0365169991536688;0.120541486181806;0.0680902774099603;0.0838394606455688;\n
0.340063380325138;-0.0133112938926272;0.166372730012311;0.0102897929104694;0.0881607475217003;\n
0.21821390761484;0.0405799075558015;0.122181385924944;0.109711407572344;0.078352526756937;\n
0.386499281223932;0.235314927452565;0.179673785704618;0.070859672626635;0.0853881351413633;\n
0.357949569515056;-0.0152543461842113;0.160470634665893;0.0747531706973975;0.0849194558051555;\n
0.26474331898952;0.234932903412088;0.151417276988748;0.317611208636654;0.0967299033616921;\n
0.332362540659388;0.00788159356940121;-0.0153594015850596;0.230827983052124;0.0899047266365233;\n
0.273845315503258;0.313909570594063;0.176029663612533;0.0750876502647232;0.0777820484337723;\n
0.414363484589699;-0.00662765761103745;0.185462456464105;0.030151401844375;0.079514237172655;\n
0.350524312234838;0.00899704342846536;0.194257136871023;0.0427084811662108;0.0965996881752008;\n
0.406985670077354;-0.0044525288195546;-0.0701428986438565;0.0213792091052462;0.0787996331157277;\n
0.157386645166237;-0.0328928103664588;-0.0536117455479053;0.292246883952774;0.0812624557864807;\n
0.391980859024166;0.00788448286097176;-0.0216073715959652;0.052518119831059;0.0745202973973306;\n
0.384840032809867;-0.045621281827372;0.159226927108404;0.071816597203302;0.0973426429852349;\n
0.154942387051127;-0.0264002238554836;-0.0195110344867205;0.303347229996324;0.0807620487119096;\n
0.412598483731361;0.0402548345224111;0.214321460827964;0.0675633578040579;0.0911316324642588;\n
0.393236245767913;0.293468726685579;0.171798440837127;0.110950833555633;0.0982795416123735;\n
0.403271483523138;-0.0410199113525714;0.163715384652727;0.117460778756653;0.0925233216067165;\n
0.324118866089424;-0.0320355521296057;-0.0729216264361451;0.0662318844266146;0.0918491733416252;\n
0.38174672455184;0.00691229477847821;0.135523372439639;0.11676751270326;0.0998379753747134;\n
0.388844349427089;0.222263489585662;0.14689033786431;0.118592524114314;0.0813657977021994;\n
0.368450989740308;-0.0514129179210808;0.298304334813924;0.0937423234710653;\n
0.434103066622697;-0.00811332377415913;0.167445475364195;0.0589139806778833;0.0968113668543042;\n
0.327009887906001;0.245439804410331;0.0140239678887065;0.0243922546268334;\n
0.381098139911264;-0.0533015154712505;0.150677676834513;0.0645365003000141;0.0879097092918777;\n
0.332378039562547;0.286639664651791;0.134038061015411;0.0931116586406571;0.0926375439728276;\n
0.336468780627218;-0.0144763160378141;0.16155308027747;0.09474965062897;0.0845368724123571;\n
0.142339355400581;-0.0427183888021456;0.166018872809538;0.102929473919078;0.0804553085474735;\n
0.150975188419383;-0.000915165620866909;0.20465084670254;0.100510867688406;0.0935909177413944;\n
0.330302715704568;-0.027053153223478;0.17692368293109;0.243608859279593;0.0817822133593435;\n
0.423738930841965;-0.0512370726530321;0.229141684981626;0.0825242081349403;0.0824751489265105;\n
0.406328355756603;-0.0363279280575035;0.13401331734567;0.15655194133997;0.0940116527905993;\n
0.408865697597169;-0.0426434399565709;0.189952747739397;0.0550129448844563;0.0919340859662537;\n
0.348422404979912;-0.00551738820587744;0.158985210925201;0.0367186231035784;0.08056963053143;\n
0.372445334363135;0.00165435722481766;0.158630588373173;0.0111630253120148;0.0845680611150076;\n
0.400361538041257;0.260374824662958;0.157978269110785;0.0691898663287852;0.0846223314593;\n
0.315640320405276;-0.0367807214219898;0.171618183052944;0.0292888683934744;0.073756068639363;\n
0.361095322971672;-0.0132814682522472;0.193511086640472;0.0736605479758531;0.0842223034953926;\n
0.35867558707616;-0.049033927829996;0.166489717443228;0.0945103616423889;0.100244079909372;\n
0.381347892962665;-0.0676992252951616;0.137513007590736;0.0758186103423043;0.0881151363530256;\n
0.170784685918533;0.0234336834775063;0.14903381704723;0.08609091819284;0.0732842870088359;\n
0.129912264155057;-0.0186997048051724;0.121116710449138;0.056621723445325;0.0848405988157848;\n
0.378724680262051;0.0234744411628143;0.125173624898654;0.0382139404663182;0.0882568806958132;\n
0.159177951154293;-0.0164498065262134;0.215782357643398;0.304447075169673;0.080041312939562;\n
0.346155378382329;0.245713005206053;0.203108693137091;-0.00735477865194017;0.0923260921793942;\n
0.408978084229665;-0.0420371487575983;0.0199229770797985;0.0426188314114339;0.0892799922024361;\n
0.310612939269265;0.0333119945929159;0.14523534210351;0.0369328751024577;0.0736605818545743;\n
0.379669578480945;0.0205405622850956;0.169799318019585;0.0334769059118829;0.100691313450183;\n
0.309538796570727;0.0258450498024636;0.219596648315507;0.0812543033982324;0.100126025761838;\n
