0.33869263909635;-0.00470065513912354;-0.0668296850969122;0.268870806064806;0.0999409050354427;\n
0.306184677052867;0.0497589535320767;0.151221047966487;0.0572616780412492;0.0880986178585357;\n
0.372401831857358;0.115176852802522;0.180281141929471;0.268673793048311;0.0969623205641765;\n
0.278247395026808;0.00164104855406949;0.0415235260168245;0.325083199538346;0.098804312166695;\n
0.36125143945295;0.254303779633717;-0.0579950425204802;0.283281293855579;0.103204992692119;\n
0.457539460376314;-0.0211100501895272;0.00437266971172562;0.0823766174069706;0.10315886038173;\n
0.292991898433284;-0.00199820604048861;0.127607173802714;0.125997265042182;0.108890877576142;\n
0.363823277489338;0.0386051667104824;0.151058968605875;0.0448145527962859;0.102346149926972;\n
0.362486566810519;0.0862967915756223;0.128466936599197;0.244282456915231;0.103704684001755;\n
0.369872655303619;0.283477937438778;0.140178364031155;0.0551637957011695;0.100308050573607;\n
0.353512077424894;-0.0466487073209051;0.212588558157614;0.0972630440045199;0.0753118529780276;\n
0.338762043128851;-0.033993206471336;0.154154512635918;0.259983535494161;0.100273418778197;\n
0.405220416869134;0.0804014609400394;-0.0409124136393113;0.115567073296216;0.104951145163131;\n
0.338334230825665;0.0665595958592201;0.174788207639444;0.0566975168698076;0.0901486767875435;\n
0.297259264690878;0.00768900075872592;0.181683132872128;0.312783335619162;0.0887756740036379;\n
0.316595018983401;0.262325233385669;0.177837260915314;0.243101646420375;0.0988747036682369;\n
0.335098306143012;0.0556954578657706;0.172932101279155;0.107404607485769;0.0917338283137961;\n
0.395592681763591;-0.0296228378025943;0.143791475062042;0.290148426145684;0.101492957310116;\n
0.331452870239773;0.0432751379048436;0.0456846568961901;0.104139746311248;0.102218703589362;\n
0.357174877125722;0.270993907828265;0.130948022648954;0.249890280319354;0.0952384332396293;\n
0.322611858534492;-0.0439798980906001;0.176588366073397;0.31406401649098;0.0829176212772523;\n
0.349148716991649;0.265427945685607;-0.0213526594246185;0.0567345395010222;0.0969106637140926;\n
0.407739322542664;-0.00281266496469934;0.119325905513284;0.33425335321892;0.0968193517964196;\n
0.311648188857913;0.0774914319896471;0.162844229873643;-0.0036764233117117;0.0912796154565904;\n
0.354260982757212;-0.0139220760008636;0.199895898522356;0.323340232660547;0.0925939066229862;\n
0.33117832881269;0.0262871608567266;0.140060693634701;0.138407424867671;0.0876385710300581;\n
0.350767742728356;0.00302774703742881;0.160991635198105;0.347470966788599;0.09656151222278;\n
0.33770850069401;0.00784042832465792;0.0567877371346903;0.237236903674439;0.086733670965172;\n
0.328325266780734;0.29712983569701;0.178812575936762;0.0114081276676021;0.0896727983520122;\n
0.161555211186325;0.0552716649788481;0.138860102249335;0.302700386396711;0.0851183381214235;\n
0.348679981271269;0.094956930677826;0.115870055637677;0.0695495627088271;0.0873710238039532;\n
0.355231260071282;0.00450908804287076;0.179613687836164;0.109634748268195;0.086716129283926;\n
0.346092294856484;-0.0371703597482613;0.132719419414277;0.00969922776540361;0.0898527975902248;\n
0.4201003268358;0.265603440614826;-0.02765483398379;0.242656713192685;0.101937812562528;\n
0.33064688373941;-0.0381524324651982;0.130111794253315;0.0849271052315671;\n
0.321723262473877;0.317872781508111;0.117110812463943;0.0337010221340762;0.103363856356728;\n
0.364803416651752;-0.00850293090055521;0.141049158378319;0.0578751918374849;0.0934607195292529;\n
0.339127109139364;0.044696815846874;0.183694549207225;0.0736617310720365;0.101975635017905;\n
0.411215353258188;0.272812694068408;0.150505325013814;0.117927741322036;0.0926840502864694;\n
0.315122196969237;0.110882438005742;0.173639239879114;0.321831569778795;0.103465294893751;\n
0.324249943354949;-0.0267265320487401;0.160174399045014;0.0900688536560884;0.0890079969872831;\n
0.387605313157304;0.219371060956262;0.125781556108051;0.242455446876203;0.0930119748494145;\n
0.366627105305011;-0.0341344502529582;0.220949857253386;0.112072259969535;0.0843901090459692;\n
0.409876774121678;0.0069689221206154;0.179258653988235;0.0430093510378839;0.0956669953662962;\n
0.261083203674325;0.025942046286963;-0.0765471296724055;0.120623622384118;0.0888661841231929;\n
0.397256939252039;0.0274571298826538;0.13878029729071;0.257654341046799;0.104603554211785;\n
0.335560157532609;0.262340169816957;0.155227245618507;0.280601831989291;0.101982094804348;\n
0.272967185088773;0.0543757119427198;0.209873743392063;0.0643329133988096;0.0887957174624923;\n
0.358420766589723;-0.0257438561867757;-0.0366952591241165;0.0676713842579468;0.107112872113719;\n
0.382309796806531;0.192322873715181;0.161976445338062;0.0390678390043097;0.0849033067918934;\n
0.307838831713227;-0.0221156048724255;0.120827028450213;0.243538882503348;0.0931028120108522;\n
0.331294376496266;-0.0283372529146654;0.152150328112894;0.268633681707997;0.0844480706395685;\n
0.378332907004145;0.229885773993553;0.110650192484259;0.26877701474544;0.104639271486558;\n
0.275457457018497;0.0114393181000267;0.13694710125746;0.0249439762360983;0.105503268790318;\n
0.441591903604663;-0.00834061651429308;0.120596406837215;0.288843927257074;0.107342827749057;\n
0.328603904062372;0.505411190818397;0.171252563642651;0.106451580303351;0.0940008666115709;\n
0.365258002619557;0.223975086959534;0.14263891422369;0.033444189978162;0.0893523990834113;\n
0.378777770147788;0.185036596688911;0.227521222714291;0.0768245785896219;0.0983299822976467;\n
0.308291680772144;0.259872170642969;0.158795426369489;0.255873180791156;0.0993118359840853;\n
0.42297371730575;0.338195577259279;-0.0803989999337804;0.101103517746596;0.0841779739535116;\n
0.369961250585577;-0.0217027199870541;-0.0393168326388211;0.268620636011508;0.102963195487851;\n
0.348507006225111;-0.0394060816148454;0.147067638312192;0.101824972436992;0.0950621021155115;\n
0.286297035319339;-0.0219123264065674;-0.0397975434424148;0.317552084656606;0.0888028052311826;\n
0.299792672615166;-0.0242806033254298;0.139817753041731;0.0528987996581046;0.0972970688866145;\n
0.304942200951625;-0.0356131750944453;0.0303823865143713;0.0867989619604052;0.0935675978117007;\n
0.352087002028293;0.0861647564276743;0.163507652143994;0.265877933415408;0.105016437547567;\n
0.351653975968439;0.194171355553293;0.0376915591164013;0.234213086390805;0.0993716302992491;\n
0.367780868799397;0.0140741941303719;0.139594614245621;0.302051882599;0.083196942841491;\n
0.36598230040854;0.250881921875646;-0.0231050233261354;0.227034103310776;0.0739973732316932;\n
0.366142096457967;-0.04323014467731;0.163976975959306;0.0532474098359348;0.0843644753751251;\n
0.360504282120978;0.390087643076672;0.164109171959659;0.0635510934496659;0.0981380699037313;\n
0.3464376243684;0.0702511377727683;0.163806066251005;0.0504212195697146;0.0995374399205487;\n
0.269182638410312;-0.000455900106786755;0.178123679362245;0.122959324219825;0.0972655088059394;\n
0.381149176118118;0.0346739869779232;0.133401667834633;0.0487033511544253;0.10248766992515;\n
0.342690481910108;-0.00415827940582147;0.192221991225821;0.282444677926194;0.0802620969980621;\n
0.374119727704632;0.231113728057734;0.233884498270804;0.270294393876561;0.0811744906709796;\n
0.278468030802208;0.23786760210875;0.151864703760304;0.284913139206364;0.100229276368098;\n
0.359524899225263;0.0649516010912414;0.118980254863262;0.0632031735107609;0.0847884468826448;\n
0.134066962283615;0.0274041652609096;-0.0754413863051092;0.0285082261883602;0.0900108836732906;\n
0.35584328699038;0.229754853288122;0.22129961031721;0.0334921632947341;0.0854432883331714;\n
0.364565234108543;0.250046674972655;0.121007417172643;0.105345300344936;0.0968836553415209;\n
0.348701311670852;-0.0343807293282685;0.173720910117099;0.300290831137158;0.0889793500590526;\n
0.277078919823581;0.0261304303944078;-0.0245477487017038;0.136060696834176;0.100466771412248;\n
0.319696356686735;0.263383328353799;0.168600926679814;0.0430667973033332;0.103447397380374;\n
0.369604561832296;0.120220299962597;0.130382896624673;0.0462098463208098;0.076670453228013;\n
0.386380382730486;0.208638489609395;0.177845844581316;0.0445763214014639;0.105511675072564;\n
0.382890222288169;0.269185569334184;0.184324982929298;0.304094694306066;0.0908335425425075;\n
0.358949128106645;-0.0218348557911864;0.182088498160601;0.0594388069900407;0.0919914447297463;\n
0.331454931623556;0.296719441167496;0.134973759150516;0.211005155137128;0.104155785074552;\n
0.303486320344228;0.227230213937814;0.165340273496628;0.113329825436004;0.099232848922349;\n
0.334660405479953;0.254343043180421;0.165374371823767;0.0457184099840066;0.104713385350991;\n
0.336923791541342;-0.048677258072523;0.115947444810689;0.067005296557788;0.0824892387312149;\n
0.406496200189144;0.00585360535831198;0.0167967446267814;0.0344005807113387;0.0866589376215147;\n
0.357583452649151;0.0383281779691573;0.177043011144258;0.130468238794264;0.0910892893650604;\n
0.384546120756779;-0.0174146241489349;0.126599460292996;0.0694691757385564;0.0843637896053933;\n
0.349237942392434;0.264472938461089;0.174950938943929;0.152168673379732;0.0999389447888091;\n
0.343569549456827;0.0650859128627369;0.155842042691607;0.299122390769885;0.103148192992173;\n
0.363897680533057;0.0362499988648671;0.158430124267955;0.24988994941284;0.102254872678491;\n
0.3510356451739;0.25637722460984;0.11511199984245;0.257936751785506;0.104945238648664;\n
0.356648208478992;0.245639660651032;0.126770891380423;0.262456674234392;0.0979536864447367;\n
