0.405291874345518;0.00225230473639532;0.0264468038454362;0.0438589287597938;0.116007733430681;\n
0.409512848824077;0.00380921999708195;0.0264468038454362;0.0449205756210158;0.113408453850203;\n
0.398698876902004;0.00964696077482963;0.0266273636314009;0.33764935598844;0.104058848562145;\n
0.425401500722499;-0.027886396983531;0.0264468038454362;0.0693698768921184;0.114870692817431;\n
0.380989992642293;0.00578525048177819;0.0264468038454362;0.0798660545772127;0.106977044653381;\n
0.383774184969702;-0.0073901284497882;0.0264468038454362;0.0647051643704579;0.113855956961665;\n
0.388256367814501;-0.021481846983135;0.0225629445560377;0.10731649492189;0.116007733430681;\n
0.429092916544286;0.00591481320690884;0.0264491959661204;0.134797767418906;0.100419386815375;\n
0.367063161230743;-0.0269433787241974;0.0264468038454362;0.0733618607381774;0.118461072343399;\n
0.383328830956155;-0.00545800399232999;0.0264491959661204;0.0879052382498648;0.114087708095344;\n
0.434433701916117;0.00873459521494846;0.0264263394350214;0.125358280547235;0.109585130685287;\n
0.437944196841745;-0.0353300019002057;0.0264468038454362;0.0771948379507929;0.117840923865748;\n
0.421506406231138;-0.0249989119275569;0.0236657794557671;0.0855352628378378;0.116479397341692;\n
0.158558055766866;-0.00696452674553305;0.0264468038454362;0.120931947035619;0.108414052075919;\n
0.407900334440809;-0.0347253182748538;-0.0252343821011032;0.115344030213054;0.116007733430681;\n
0.385129196320888;0.0319937068998323;0.0264468038454362;0.0871791230180259;0.11536829984925;\n
0.38578352869111;0.00106910661343446;0.0264468038454362;0.121315727816966;0.110312287734746;\n
0.356888350415644;-0.0160493999654909;0.0264468038454362;0.0693463684527654;0.108874492273444;\n
0.393999062213962;-0.00236476414683717;-0.0472848431156052;0.119221522988108;0.0999859242873609;\n
0.458095515866387;-0.00741230559156558;0.0264468038454362;0.105903936789252;0.103143454613568;\n
0.378259557464622;0.00991603962060134;0.0157903237499041;0.0435528084853907;0.110439261300557;\n
0.363992394363974;-0.00551959232684696;0.0715776387810025;0.114106015533119;\n
0.404064454793952;-0.0147234667891195;-0.0175864819411505;0.0972542957485419;0.124335160520472;\n
0.425347932095981;-0.0281503144327167;0.0264491959661204;0.0521127612550091;0.116007733430681;\n
0.415735493410345;-0.0237060775719008;0.0114034496892986;0.0863883959255279;0.114016028467064;\n
0.392235094175301;-0.0297100327882891;0.0264491959661204;0.0340622594057489;0.114588372523413;\n
0.40254432569311;0.0104526961380624;0.00875631416017431;0.0708870438595609;0.12184523404516;\n
0.421421409796279;-0.0257281669306825;0.0264491959661204;0.0590398761750403;0.104376692477145;\n
0.40718892712722;-0.00577114602147377;0.00754334609796214;0.0620098295475016;0.103556740459768;\n
0.383413719846415;-0.0249922105276092;-0.0142981226884599;0.0949658862112172;0.115020352023863;\n
0.191965641273999;-0.0261564402890825;0.00554782306966761;0.0956685052434863;0.103075901871338;\n
0.342309924372897;-0.0147451667642903;0.0264468038454362;0.0710574145564444;0.117840404722129;\n
0.481311100878383;0.00229134636454348;0.0276534258634936;0.0708467297068391;0.116037862231367;\n
0.461810763689922;0.000570569013220112;0.183574436281876;0.0725240048167255;0.114034196913036;\n
0.386046983607343;-0.0257059859102907;0.0264491959661204;0.119067599053105;0.115413254094411;\n
0.405254693514261;-0.0197052510010211;0.0205148444369879;0.105606423301092;0.117182933409024;\n
0.384262037985123;-0.0398317938066994;0.0264491959661204;0.0351099170793119;0.116175767087645;\n
0.382217848340032;0.048234445422051;-0.0156536155743055;0.160490501977978;0.100869496002738;\n
0.428844022095996;-0.0110744387297292;-0.0495723931198043;0.343734604046627;0.115782177321105;\n
0.416956891568366;-0.0274485922969436;0.0264491959661204;0.0698872412307382;0.116007733430681;\n
0.416590879568102;-0.0254941570501991;0.0268582291652738;0.107167976172169;0.115994699125818;\n
0.430949615289144;-0.0179990517127334;0.0264468038454362;0.100675124892498;0.116007733430681;\n
0.396497615595023;0.00278898299542191;0.0264468038454362;0.071690614154144;0.116007733430681;\n
0.438263337177706;-0.0255421760955133;0.0226772750714082;0.119414702478358;0.115253613013683;\n
0.387128713677869;-0.011394416334894;0.0157880332222702;0.0739735517727863;0.104704945467048;\n
0.353894403818499;0.0123058619549143;0.0264491959661204;0.0779212882538541;0.114242990924008;\n
0.393307540244116;0.00652834138826702;-0.0183293282036211;0.0353565813756668;0.116188776620014;\n
0.300128622950292;-0.0390858478819687;-0.0183293282036211;0.106970255122143;0.107570829042569;\n
0.380896221628606;0.0232819021409413;0.0264491959661204;0.29759865674468;0.106337357046582;\n
0.402929077747694;-0.0324676178608641;0.0266273636314009;0.0779948964163592;0.116939705783519;\n
0.423954607542997;-0.0213702893052761;0.0264287077978226;0.148222689343666;0.116007733430681;\n
0.197106457624228;-0.0293005581856264;0.0262679223630135;0.0457615712527522;0.112348220872291;\n
0.319265532375951;-0.0362637653961894;0.0264468038454362;0.0603390227535105;0.117578028054141;\n
0.443622368323136;-0.0150730377366676;-0.0518768505338577;0.0766268602544277;\n
0.358271954474852;0.00463481616500949;0.0264468038454362;0.0953219398712787;0.114950354016543;\n
0.386929734811411;-0.0307382940580093;0.0264468038454362;0.0600039947352946;0.121106157796888;\n
0.394818657755834;0.00439183556358302;0.0264491959661204;0.308980814795048;0.102447665203153;\n
0.392039776462214;-0.0419022026309862;0.184071152270131;0.102256447916031;0.101317263483441;\n
0.419207871181576;-0.00566322997652435;0.0264468038454362;0.30215396073596;0.10560544786765;\n
0.390878668161262;-0.0142595709632405;0.0237868289101007;0.0423646651413094;0.134017961517817;\n
0.376566205178975;-0.00569281861898518;0.0264491959661204;0.0382264651736906;0.109858134944762;\n
0.371683220832773;0.00706327976445942;0.0264491959661204;0.086128496643463;0.11454351610596;\n
0.461161268785638;-0.0458716842341175;0.0264468038454362;0.0838991867680958;0.114087708095344;\n
0.360715658794654;-0.0364662338182167;0.0264468038454362;0.0729315733680806;0.116007733430681;\n
0.36995045804171;-0.0273808510663436;0.0264468038454362;0.0783901145140035;0.116007733430681;\n
0.354040215964547;-0.0298100262996607;0.0585115459580974;0.0864101237518164;0.116007733430681;\n
0.383315782514528;0.0165244160697968;0.0266273636314009;0.0607462470014967;0.0993025903746618;\n
0.393805313585426;-0.0325302916240778;0.0264468038454362;0.113881145567268;0.116235029875489;\n
0.422189949904097;-0.0318342861707631;0.0264468038454362;0.0596693293848277;0.114034196913036;\n
0.420857168467529;-0.0372282821846677;0.0266273636314009;0.0629334215611758;0.11097898606205;\n
0.387543464324421;-0.00412244495422659;0.0264468038454362;0.039011416612612;0.116995526534927;\n
0.3989131022776;-0.0273317978939676;-0.0621256136029083;0.287881612683405;0.113124175084418;\n
0.370544017455489;-0.0250975606043688;-0.0626453872943546;0.106641867986208;0.109633316779503;\n
0.440392001139149;-0.000669241310893964;0.0264468038454362;0.0418571286345698;0.116007733430681;\n
0.421593360729912;-0.0267429526698543;-0.0548586774514699;0.0712285653458801;0.115256118554765;\n
0.383294423894886;-0.0184139301804286;-0.0683762396355173;0.0946100541330518;0.116007733430681;\n
0.436898974294513;-0.0528230666265093;0.0264468038454362;0.0835342417996928;0.100383702809992;\n
0.406728660819554;-0.018098230069983;-0.05673837173422;0.0928664011164569;0.115561808889069;\n
0.368627940131237;-0.0282603626045811;0.0264491959661204;0.123023888632318;0.116007733430681;\n
0.234902753356276;-0.0274600296935785;0.0264491959661204;0.0547894876103123;0.113981861037111;\n
0.394792589062225;-0.0212725518256546;0.0264491959661204;0.020898307886291;0.116007733430681;\n
0.437695722092303;-0.0146337601720329;0.179482565214716;0.139799178576411;0.116522045139089;\n
0.379413533866856;-0.0138547854391563;-0.0599824044233824;0.0786893796522993;0.107112597408154;\n
0.479772855441145;0.000352209059027775;-0.0655830340536933;0.0776488057116917;0.115633088205431;\n
0.441947091062274;-0.0204168176790602;0.0264468038454362;0.131280359092892;0.115694742184272;\n
0.435244081354493;-0.00314352386842764;-0.0150565396540733;0.117203307938685;0.0977855954064101;\n
0.379268087611575;0.0329420295109166;0.0266273636314009;0.286015710387087;0.110411953180345;\n
0.38868049649194;-0.022541636530975;0.00653596276513807;0.0679965261761331;0.12041410608467;\n
0.385585049887156;0.000891866187262447;0.0394588399527306;0.114235722977394;0.105743883825266;\n
0.37063864806309;0.0131708911629834;0.0266273636314009;0.10975115143507;0.111293252701425;\n
0.175203416503305;-0.0389780739666552;0.0204762941320992;0.058852552060247;0.109480646660421;\n
0.366581804429342;-0.00788990466567208;0.0163516398328795;0.0973188404606979;0.106940400745427;\n
0.403046065814981;-0.00574889325710737;-0.0317955798819627;0.106080393957801;0.116769994251495;\n
0.375179332308727;-0.0124033066742377;0.0264491959661204;0.0526885072699126;0.114931204535875;\n
0.392803291783995;0.0205798776859661;0.0264468038454362;0.122407165231124;0.107115447159115;\n
0.385121996595789;-0.0251043547706556;0.0241593597207138;0.0615438265435902;0.111640693097631;\n
0.386376430621359;0.0131698945476653;0.0131812390230901;0.139666022228167;0.116007733430681;\n
0.215492877848166;-0.000398916809788263;0.191897683072313;0.0923683485120008;0.112467180726471;\n
0.387923158114567;-0.0206535800624776;0.0463408805754469;0.103300612747045;0.116007733430681;\n
0.404781550215858;-0.0513961098803083;0.0264491959661204;0.119181588272479;0.116007733430681;\n
