0.314231919729096;0.226306419538697;0.169431120079291;0.0615585776635058;0.0900389451864547;\n
0.304061927982718;0.011550391182105;-0.048929061096294;0.310993681093714;0.0944834182163846;\n
0.285289783242129;-0.0384022134356167;0.186227804260724;0.108034804424901;0.0812095928724185;\n
0.315991206601969;-0.01011258490189;0.160330902900357;0.123054300298749;0.0931614747428735;\n
0.289775250320745;0.0360820924636271;-0.0279745339073419;0.158893055480702;0.0849591245505736;\n
0.387709492671009;-0.0230991999984945;0.160270480447083;0.326749462928712;0.0846471975399885;\n
0.318720735312626;-0.0137078098166687;0.166761326503671;0.0721877550554773;0.0880036221383531;\n
0.194454786235068;0.0124476529938843;0.153654658402542;0.344736935529536;0.103629115909717;\n
0.426207900289527;0.0119229869690358;0.171807364170312;0.344212385330258;0.0828753762298916;\n
0.282330554454445;-0.021243598590691;0.161464907852246;0.338728129728882;0.0874240565546048;\n
0.300823942999218;-0.0150952498630838;0.183336646294335;0.370863371711546;0.0903338066099996;\n
0.309643474160152;-0.0283069237274967;0.172527423788731;0.057487559603238;0.0832072608490705;\n
0.372874390649714;-0.0279270970097078;0.170114655910174;0.122170353838517;0.0940881597705192;\n
0.311459992864311;0.0300113916537953;0.155322765468626;0.0705050417451583;0.0906986777354571;\n
0.307925462233438;-0.031519862884605;-0.00469146899724671;0.0690437754749891;0.0757984067965821;\n
0.291488485042122;-0.0454996036370157;-0.0233921598454476;0.354523588288804;0.0801821940506388;\n
0.441123537491402;0.267357072325134;0.157019398129346;0.0574283464771963;0.0868292686486601;\n
0.304452530610616;0.00888462538689488;0.163202639942695;0.375490938442781;0.0903145744653654;\n
0.36931458737873;-0.0203162481230601;0.0434220909045494;0.110329941940205;0.0875984523995114;\n
0.310226820261069;0.0521292076274141;0.0335492274959205;0.190387855694224;0.0883905120625087;\n
0.326593676808015;0.0118835504810271;-0.0681485577054345;0.0643782927118221;0.0798522249841393;\n
0.185560024083082;0.0356080632236266;0.171683264466673;0.0600567613463159;0.0819561449343739;\n
0.33616077286327;-0.00804152799716434;-0.00755991846562959;0.376496642665166;0.0844613937603554;\n
0.343342040017833;-0.0366879108783457;0.177119361298384;0.101763004703797;0.0898838633367601;\n
0.290218540429058;-0.00252110635808089;0.164986259628131;0.346435812064791;0.0870039115218179;\n
0.342495120127603;-0.0156419376280172;0.17142802249835;0.3135715695158;0.0867234631101623;\n
0.373962882464789;-0.0346480806018108;0.166491077578529;0.0737783454342451;0.0809547439929237;\n
0.284286862550772;-0.0139836684120888;0.175035750771511;0.0642822790032785;0.097717238328377;\n
0.282641170503745;-0.0306174792863176;0.175124036508005;0.12888200055296;0.0859163996662913;\n
0.297003102330209;-0.0130603264176147;0.169121407735533;0.341921678195004;0.0956272052074585;\n
0.316835885308233;0.253993097765194;0.00235702694187456;0.0586442137627196;0.0816433049136603;\n
0.331089936260053;-0.0383847691272062;0.0117267815086214;0.0985182546054963;0.0798799883752836;\n
0.371844902700569;0.0101514077990789;0.168670186187021;0.133554308091265;0.0811235494545823;\n
0.330862028991036;-0.0104057169248518;0.179957983475417;0.0862560836836438;0.088976354900471;\n
0.322847299189796;-0.00268095356750886;0.174155554703029;0.144296752881091;0.0873529604059598;\n
0.295144587164969;0.012495901233671;0.00519393292347142;0.317314990845604;0.0846118723718172;\n
0.390017813403766;0.0107646218106138;0.107363926535426;0.0921001370675313;0.0956884253617802;\n
0.376885925143991;0.00604109177946927;0.181867140823672;0.15169643474758;0.083304410708761;\n
0.381934691959029;-0.0194492531525423;0.178078469783274;0.0915293146949075;0.0844278861424476;\n
0.427987145266062;0.223676952156933;0.150456310867591;0.131366214646297;0.0850870333168392;\n
0.371557916634045;-0.0415212549515874;-0.00720547570194841;0.106448517961777;0.0843210591433949;\n
0.31186107686044;0.0851269492607951;0.163377209397608;0.0580892201681975;0.0806883703718337;\n
0.324361506086094;0.0208651939275932;0.175835940365865;0.345063291817201;0.0814488929487341;\n
0.330649965752435;0.0366126376116834;0.164643631388416;0.309358296807686;0.0833537922664722;\n
0.390762690433037;-0.0384472950921626;0.0553747995126114;0.095733754482572;0.0804636825465211;\n
0.338039918947043;-0.0210014237160812;0.158054302441137;0.0738867471424725;0.0853416084496167;\n
0.367416307808165;-0.0269614217281481;0.174169017816906;0.139450375344797;0.0856988076215169;\n
0.340862607042363;0.00817096694355057;0.190503411152276;0.367339818129988;0.0805678998173946;\n
0.343664926354827;-0.000538505714898552;0.149254870683031;0.36208978830636;0.0804042807893499;\n
0.327839852722001;-0.037514795361043;0.162619076338649;0.359675373381246;0.0818125053332911;\n
0.393536282381971;0.0200876643343413;0.178586744870163;0.291312028888223;0.0855530734595196;\n
0.318127995004599;-0.0126725156925865;0.0195632998773183;0.0798620225593273;0.0780044758503049;\n
0.396169292842525;0.0107423615867979;0.148813483126058;0.107023259369459;0.0833007905086417;\n
0.316136426753758;-0.0177909263889897;0.213169435740163;0.0751175869317474;0.0799259854497781;\n
0.2967906341752;-0.0175102442614904;0.157660491953842;0.0617342052161251;0.0869851447855606;\n
0.322291572316008;0.0602699512096816;0.160196636981407;0.0894249979168715;0.0793422903739323;\n
0.310059536839925;-0.0603455299793934;0.164923135114157;0.0202510021051404;0.0801273607445011;\n
0.276777770129648;-0.0367767935071334;0.172117107714398;0.112568268290756;0.0944405519783729;\n
0.32353142457613;0.0814696568355726;0.160844967686255;0.0728821295766477;0.0843644170597557;\n
0.347212332701297;-0.0280398349471995;0.0197998711312213;0.113782146391542;0.0892978624712355;\n
0.305781911448327;-0.0410119339989289;-0.0212233683019507;0.0905963960182135;0.0903991531968592;\n
0.300939691797942;-0.0174573943930162;0.156259951842561;0.109799518607034;0.0832840544672137;\n
0.353468627114464;-0.00561032336365797;0.122426392268148;0.0932856008351501;0.0870568759491641;\n
0.313301315107211;0.0275556358155885;0.160025225857445;0.334015133687211;0.0874424963325312;\n
0.305869036004791;-0.0134776812067286;0.17069115177446;0.0952961267550436;0.0939248928400554;\n
0.404568887869843;-0.0379310251350984;0.198489456262617;0.332275376238875;0.0871720115528809;\n
0.397600078653473;-0.0349209893244079;0.150724996170155;0.0337517093635624;0.0807776510567732;\n
0.385515920495497;-0.0461524827926748;0.166243287220512;0.0976882669976477;0.0846125549697481;\n
0.324390521571091;0.0111999729541608;0.177317538268963;0.40893860149477;0.0862069639641934;\n
0.344423957464446;0.0300408037022563;0.16736304798711;0.104338550653355;0.0862960330620794;\n
0.319388412558646;0.241576635475789;0.160904902906802;0.357498614060595;0.0797560994552181;\n
0.312742802431122;-0.00106761946872125;0.171775772383834;0.328638594806658;0.0849479922017362;\n
0.415368201670249;-0.0325451701132017;0.16603187211925;0.0668745102582323;0.0988174401760733;\n
0.292251229753995;0.29417683870254;0.162222872050781;0.128672944873153;0.0840912803907082;\n
0.324587816946999;-0.0465244450773672;0.169165030036649;0.0677074579473035;0.0890826251981266;\n
0.323161198840111;0.0295906495353273;0.167070169453041;0.198236327730021;0.0885661347028519;\n
0.396159750416114;0.0318400871349268;-0.0396881192817253;0.119359131434913;0.0758928532291458;\n
0.218291571264861;-0.00910229883823566;0.15482828016621;0.356626628317853;0.0816219890833159;\n
0.381760901331465;0.0301693395982679;0.18675161134352;0.0731295801238683;0.0849739707834892;\n
0.351375389786462;0.000242279470660911;0.163907299562935;0.0693938379773598;0.0811376488244855;\n
0.356409437083282;-0.0253002901438699;0.0161483543978478;0.0456534800641827;0.086168290111436;\n
0.317945889304749;-0.0284746799962192;0.175414242105281;0.318136614948384;0.078912726062558;\n
0.330866550183886;-0.0489950157822096;0.17951336967913;0.357294806252851;0.0951092877842634;\n
0.305678643826261;-0.0102647408768946;0.0330777508154061;0.0878926833790817;0.0772512124723475;\n
0.32406032514133;-0.0193195479624527;0.164324959244626;0.10648808147334;0.0830942250686281;\n
0.358403074006329;-0.016340505929695;0.159077835467886;0.118347824969943;0.0843760279255756;\n
0.342703459939131;-0.0395089471607192;-0.0144214967303248;0.102345911478764;0.0831163375529816;\n
0.292872920300229;0.00883323145903131;0.163561779972375;0.0728476120358579;0.0877728743100275;\n
0.369415742539387;0.0109060526478571;0.176540097272724;0.0873701306916659;0.0807456964393927;\n
0.387131835089361;0.0147359672767972;0.0173799678796228;0.315642235261764;0.0997533501394064;\n
0.400541928461535;-0.00806662905993044;-0.0328030849848071;0.106837404248746;0.0796331202596441;\n
0.432819349866024;0.00575499668247637;0.166094104897581;0.360961503366519;0.0877330218848763;\n
0.168634439776027;-0.043599479327122;0.20441463215703;0.100814747824;0.080575890132649;\n
0.314077815741462;-0.0244276707485193;0.184119100346344;0.361537476503625;0.0834787285760545;\n
0.368089477319342;-0.00292522461435057;0.166329939533291;0.304340913958398;0.0880151623821097;\n
0.378566723070326;-0.0344210420645129;0.158260120888459;0.141604937381779;0.0786889789055085;\n
0.28347805964681;0.290845410981465;0.166206017994117;0.0754625238569039;0.0846560291998299;\n
0.334103987048712;0.00786975751019614;0.15887482619359;0.347898842452258;0.0770638887767104;\n
0.443669036027852;-0.0213756318975176;0.183246172534084;0.350344656391757;0.0803184577209645;\n
0.318764891776121;-0.0562709226367767;0.00610630973557869;0.115212584200755;0.0844841392217385;\n
