0.285442312930258;-0.0213117297430229;0.145802869285769;0.101543676918893;0.0831102408349483;\n
0.41061454951807;0.022347957357877;-0.016817492067548;0.0902769291778646;0.0807835053120883;\n
0.376361700161512;0.0422263946139134;0.0304028736714306;0.104562649452086;0.0868037301822773;\n
0.426672137049399;-0.00446930791228245;0.126866249526507;0.0653168563771697;0.0920313181626075;\n
0.356415855895471;-0.0373752163756582;0.191159705122947;0.0895834765486559;\n
0.157496292132651;-0.0272380589745093;0.0103926352388659;0.0876426211896818;0.089211120672954;\n
0.164477796483824;-0.0235521592131391;0.178448907268747;0.0708680380342678;0.0877034469354551;\n
0.383423140338228;-0.0244732218256875;0.165944613202277;0.171370527366818;0.0769012162688368;\n
0.428786251911331;-0.0284792660925875;0.17494976418559;0.0523683794158804;0.092714801474454;\n
0.335628287164374;-0.00787655481987265;-9.80633230367456e-05;0.059340972189539;0.0830048863442071;\n
0.357994773257174;-0.0257705654390891;0.165962056128902;0.336804529062025;0.0988504918054904;\n
0.406673231550989;-0.0232275008979797;0.204941723301416;0.0710921378689301;0.081254624248108;\n
0.161239017033291;-0.021952022151249;-0.0287628360741836;0.0984328513509227;0.0828765093934323;\n
0.419532522575505;-0.00120326413756189;0.167549754750927;0.019255215419522;0.087876555660906;\n
0.366889589682323;0.0149492117961854;0.178854994596483;0.0613624886718565;0.091179582983429;\n
0.397641822248797;0.0174007617677577;-0.00399170623413592;0.0807407197691647;0.0849860537700731;\n
0.361056079285686;-0.0119279167673815;0.0252582985042079;0.0823668936175998;0.0816522927461386;\n
0.370746887217767;-0.0418573083946359;0.1876436203052;0.0952777433741511;0.0781761046024479;\n
0.412399111122051;0.236699985252534;0.155005232373463;0.0425880668741414;0.0820482663159944;\n
0.231065783282967;-0.0286483202208355;0.203520867989424;0.0681029931229451;0.0817782063560364;\n
0.222167818544086;0.291439914509099;0.159524263868174;0.0419342314619158;0.0945129030722537;\n
0.366606005288316;-0.0115208348265988;-0.0433884112207663;0.0493353061517032;0.0999467309400028;\n
0.468841693360758;-0.0449056457126957;0.174671205620133;0.0638291906613017;0.10112008893259;\n
0.40361841265414;-0.0425339859955762;0.123799324756063;0.0922350603017792;0.0904092977804748;\n
0.418712680956567;0.00120631791231796;0.187270962578596;0.115101802436949;0.0822780972828929;\n
0.190655774280129;-0.00785466200997059;-0.0722586583730971;0.0891715795820381;0.0776661607145697;\n
0.401327595167889;0.0175829997007254;0.174729353572203;0.0692823290493484;0.0880546128367524;\n
0.357811241721227;-0.0652951367526233;0.164372223343441;0.333564949702302;0.0917720023867194;\n
0.331061124555176;0.0080037236486129;0.205501410053059;0.10861082952979;0.0841066860466536;\n
0.165836486925415;-0.0276402083619624;0.139726888776217;0.0232134183147394;0.0947899247020415;\n
0.352990748999541;-0.0408697522949271;0.189747276282969;0.269193635572602;0.082143312676761;\n
0.442156005953454;0.00669815990558764;-0.0495741892183458;0.0741769034081641;0.0956339283061933;\n
0.133624115890164;-0.0398199125695923;0.0216755072639304;0.0773879181695212;0.0839181311906313;\n
0.341560114046514;-0.00139475821764901;0.0204011083588848;0.116307749156549;0.0748090594062856;\n
0.348012150067966;-0.0186411348721031;-0.0203448401539268;0.0771565562158565;0.0855451302065074;\n
0.414171085404211;-0.0181852858849434;0.146382676388353;0.304430129806112;0.0810717399463516;\n
0.229441360839842;-0.012925560320713;0.120657007292321;0.0565909425611231;0.0914230212710187;\n
0.190681591648734;-0.0170077147602557;0.164189249274601;0.0715472506429869;0.0959337686759874;\n
0.184574847366677;-0.0348501103527787;0.118440843896126;0.119028174203765;0.0844368503012104;\n
0.396380791004367;-0.050317347267981;0.163985799822301;0.0630440332097767;0.0825535458726638;\n
0.436726961291423;-0.00183258853274626;0.166026762375282;0.339801091855068;0.0760554647958075;\n
0.337086386816805;-0.0385233361415232;0.165878447728204;0.0512012721111078;0.0943298433611045;\n
0.344326006048911;-0.0216464695245134;0.120295841666782;0.0835400238530364;0.0921331598647674;\n
0.423374281714282;-0.0628862706312636;0.0231659506845159;0.164590094682047;0.0915588915354957;\n
0.434554056470477;-0.00969612359215244;0.00723682873340364;0.113003193770639;0.083316620708495;\n
0.158207227307309;0.0395562804300188;0.0155269611394337;0.0696574115576408;0.0859696530692602;\n
0.387865654984492;-0.0178877468778706;-0.00757870717363412;0.115847381711169;0.0828765093934323;\n
0.329621906620872;0.033623116921385;0.155081294835564;0.0219415937381244;0.079610125340227;\n
0.353091531209782;-0.0227033563064604;0.199557403018059;0.0742533042487658;0.0774314836439384;\n
0.184772533509178;-0.0618392545850608;0.12248759014456;0.314791206579203;0.0828487803006802;\n
0.367573335257361;-0.0200099943806267;-0.0261416381548991;0.055834870129168;0.0794158821545353;\n
0.425322970087772;-0.0114798794113175;0.190300892648257;0.00484366059624658;0.0807158370655164;\n
0.438201299938365;-0.0334115602699948;0.135885040413555;0.0416919442882691;0.0812190819062457;\n
0.385382530468646;-0.0115404398888425;0.178844169943066;0.0704787692856267;0.0885422240901707;\n
0.17807006419171;-0.013644923300349;-0.0475308942497452;0.0414193713210775;0.07558621542701;\n
0.412621140666063;-0.00269060055335268;0.156527556761239;0.0485553115782002;0.0792835202402531;\n
0.3355238451972;-0.0331256935506143;0.201528085070693;0.0561647998047856;0.076886352573758;\n
0.385011815457999;-0.0426203155902342;-0.0646255812081971;0.0504799066667786;0.0800372625928731;\n
0.450348765078856;-0.0161646383037788;0.153549302324751;0.150525541210914;0.083867047066683;\n
0.419651035246626;0.00602229015206235;0.0184964407500549;0.0174898993678337;0.0759140924328225;\n
0.162615195580923;-0.0467918690142952;0.134779810214253;0.0483130984667796;0.0842269901635322;\n
0.134517655304278;-0.0140299667291464;-0.00171168503475477;0.094837774568073;0.0803503697185241;\n
0.382105478414947;-0.030813025673865;0.21124716306321;0.0617482271555828;0.0714415360378845;\n
0.407941341386584;-0.0627317786792196;0.182177729532126;0.0454017961010805;0.0798837198798148;\n
0.378949291559168;-0.0325020784045711;0.152537295351293;0.339738128323746;0.0767434088890727;\n
0.479410626338258;-0.0414936150267136;0.124632687737595;0.111477079903956;0.0829428842276861;\n
0.411298684416149;-0.0563235091790287;0.152619609141799;0.103915823133583;0.10507986871117;\n
0.111108164018352;-0.0489492593262685;0.198908736857021;0.0579123253296128;0.0928892260743497;\n
0.34569302285408;-0.0128283704217318;0.193100840573971;0.030884839513596;0.0849938153860768;\n
0.16725430281966;0.00741817855435556;0.189317235403998;0.119297294739165;0.0952234418997493;\n
0.333667836107461;0.0331872330022321;0.195090772643893;0.125032343579143;0.0737962227540151;\n
0.378557875321996;-0.0300170509331789;0.18358994170104;0.0982979808160242;0.0769812567737973;\n
0.393372579173035;0.000479044314204979;0.140269279490924;0.0831863876598467;0.0849111648396095;\n
0.424682948606197;-0.0254675939859316;0.125613832678874;0.0635176501314682;0.0903179541248977;\n
0.406439611026529;0.00433605797515674;0.186339387376722;0.0545659010908517;0.091354690572585;\n
0.363400592197611;-0.00985020582711071;0.188197874716898;0.284081160475252;0.0826742986322459;\n
0.177392713789394;-0.0524032665909596;0.163991385910313;0.0462910265063934;0.0816500867399755;\n
0.372788782178204;-0.00800779204115076;0.176171247424285;0.0647166624928435;0.0834434192705738;\n
0.374544912890779;-0.00704931045973539;0.166003783327339;-0.00736903756108237;0.0832809546769809;\n
0.397130763552728;0.0554791136167246;0.161331981994099;0.0313840754452623;0.0836984050659714;\n
0.33912076571234;0.0226557190997626;0.173725166321059;0.0662025789892052;0.0832887561559843;\n
0.142373964649362;0.00764069133757228;0.16843837303419;0.0686855307937458;0.0892690735298435;\n
0.355836930591147;-0.0527895328173885;0.18295409914432;0.0779253564658516;0.0837129657933203;\n
0.369072140345294;-0.0456793825578983;0.156207221933987;0.063866439857592;0.0790449652974973;\n
0.410070098022828;-0.0522499002879096;0.0135806193958409;0.287106039065016;0.0792829038611995;\n
0.166214824401259;0.30103937169187;0.169945337066988;0.0975332635053806;0.0819994510522489;\n
0.366584885958104;-0.0179535701379961;0.189112158156508;0.256891759857278;0.0745130613269473;\n
0.394519662440634;-0.0130206601726546;0.149556270372024;0.268697679724112;0.0784369352555528;\n
0.356714961396452;-0.0494071141229022;0.122346363033686;0.0654918910238099;0.0792187485608965;\n
0.414968168902099;0.0193584838811695;0.162209007386791;0.0836992690733749;0.0815149189426594;\n
0.432548873448352;-0.0207656503048188;0.0101669722196787;0.0556993198229898;0.0787374594110592;\n
0.440846088612778;0.0244113246087063;0.172589313122941;0.0766595389194217;0.0792242518128513;\n
0.346579574021064;-0.062775268950556;0.16846789726315;0.126467545065657;0.084319908155109;\n
0.188526315749706;0.0605072355681594;0.187349358903822;0.0443820126582279;0.102791775034531;\n
0.420457044253202;0.000501319496307329;0.160934635152073;0.109060855846393;0.0854704563597733;\n
0.377020124490061;0.00102237878107136;0.14945522721079;0.0976464190619563;0.0990902466570988;\n
0.372171246222951;0.256774950965955;0.174590089204983;0.145770672612902;0.0816073308252146;\n
0.391106878840535;0.00946710427213371;0.128441766183704;0.0394055180755595;0.100356325746669;\n
0.409505996761528;-0.0256220688144526;0.143514459832801;0.305903484676848;0.089212910188247;\n
0.338786791136251;-0.0195544664509469;0.166154126336579;0.2856858053359;0.0806901552784058;\n
