0.156443603071311;-0.0318680570517517;0.15710207603311;0.257260111817919;0.0978576271799235;\n
0.342414869351565;0.00406415810562644;0.127157582594533;0.130663912100614;0.0831641696833357;\n
0.357189796841715;-0.0012503624614647;0.144797302974543;0.0571710920341185;0.0823666315262324;\n
0.404221629855098;-0.00214998668408012;0.126069335387471;0.0672662338854904;0.074871668241323;\n
0.375830682356073;0.00695383271015459;0.0467272180845911;0.299930556253138;0.0737784017455426;\n
0.324507791430973;0.000828372648599252;0.158094024580885;0.0168209330326954;0.0803619251222564;\n
0.209613150842853;-0.0355712872239989;0.164521886552373;0.0482579568891877;0.0898556569415437;\n
0.206300985960003;-0.00850479604335475;0.160578551883419;0.0321374011200366;0.0829492598453452;\n
0.374266899007734;-0.0117553534539829;0.164382052363458;0.105176076978603;0.092183200570267;\n
0.350763268966531;-0.0207081366643497;-0.0652132915774538;0.0863872777104791;0.0743292515822316;\n
0.141735181287461;0.0160638725043207;0.160923973430111;0.0249167147144155;0.0814089787726878;\n
0.336536367832034;-0.0247652220609432;0.118774908471179;0.0547033792885298;0.0781020119218275;\n
0.36069710263617;-0.0411492139555106;0.146775331698068;0.0687983473242261;0.094681101805181;\n
0.388789778433112;-0.0196600949537226;0.0283253446524767;0.123568241192321;0.0834503118608392;\n
0.394938514147741;-0.0151533222820169;0.0381924672068304;0.0671619280416361;0.0915904701449207;\n
0.37402671972062;0.0618411151689948;0.12755344063457;0.338653090802034;0.102445030570204;\n
0.370392563508675;-0.0329655226976833;0.163614825123238;0.0534668468458488;0.0777521096115498;\n
0.429519500161747;-0.014719550298204;0.172838037955681;0.044955756951379;0.0815017645979621;\n
0.31899409151493;-0.0448563799897203;0.121546457367873;0.0759229237723482;0.0778537587388706;\n
0.333151792962614;-0.0117001443458924;0.204541021377146;0.080776573448527;0.0810470708672677;\n
0.379137750163587;-0.0515922533929069;0.131477041491753;0.333819349703723;0.0900161335415103;\n
0.335014370165355;-0.030370506319696;0.118517152552295;0.290054302452402;0.0829207882555848;\n
0.361571326970099;0.24126822234301;0.147653745265001;0.0961163121706581;0.0849950098723219;\n
0.432578315448828;-0.00891911663817213;-0.0870190926738733;0.0474243371861961;0.0800521551147572;\n
0.357217391496524;-0.017892014873901;0.126843065645147;0.0367532713890561;0.0760771683976593;\n
0.439188954969674;0.00558487529720286;0.215634973091667;0.0228679649295253;0.0824192805562695;\n
0.386194407405552;-0.0568973992554956;0.218223864460357;0.128001986797545;0.0850549785115055;\n
0.095582300344185;-0.018764853895742;0.0156419018167239;0.235213925378493;0.0701656565320686;\n
0.388979808042348;-0.0277301211966968;0.133730646326061;0.115455307899594;0.0769166906008055;\n
0.328433885320229;-0.00490557500924804;0.181628223842736;0.0757483890601803;0.0924748059862757;\n
0.11924887033353;0.0133365617998056;0.124064587346671;0.137965517720801;0.0854587133990425;\n
0.32648614998297;-0.0498975754812427;0.149891271194949;0.334038461994415;0.0995183017881919;\n
0.274710942761747;0.0045777759562442;0.152396890201317;0.0409908091597803;0.0862587094903028;\n
0.172670172961538;-0.0019468522043371;-0.0563556070787224;0.295225557439198;0.0802014095028692;\n
0.359440678551457;-0.0245646737687851;0.16002889396577;0.108781080196742;0.0856260408892169;\n
0.388799906957981;-0.060380054183552;0.167724748637272;0.0870861799087336;0.0930293428049675;\n
0.363631999856849;-0.0119040136982959;-0.00851046089052687;0.0198767453913249;0.0813060993931392;\n
0.404639276981511;-0.0583878096079463;0.132857709805689;0.0728752660249012;0.0826210078396642;\n
0.417926303872774;0.0061788684317845;0.127080858954926;0.0958945066848338;0.0870112238914711;\n
0.372535835798051;-0.000230010316175866;0.152024855184025;0.0287089777868748;0.105269700825355;\n
0.41797000683344;-0.0248223900955259;0.183990316500935;0.28010084732264;0.0804306527861298;\n
0.397681656450023;-0.0480411948710274;0.153208108960871;0.116445736822677;0.0976511638352515;\n
0.382952079911371;0.213282971019501;0.158566240591191;0.0432920203046166;0.0777132353143606;\n
0.442396404675675;-0.025051048992793;-0.05731534373028;0.0731463469491355;0.0846843465383936;\n
0.41270139519334;-0.0313254492464352;0.137524174944425;0.0573712518970296;0.0828887163371346;\n
0.314915939743601;-0.0325795465300402;0.170895079592461;0.050275796744655;0.0763384440300198;\n
0.353900139663116;-0.038593947699109;0.160519312566286;0.284954502614884;\n
0.37475240547882;0.0161176649365226;0.000726055140508886;0.104331643118387;\n
0.167456080452175;-0.014758319090166;0.160560337448573;0.153271786312186;0.0970513259238408;\n
0.321697433141518;-0.0673162925635187;0.182492671870098;0.0738281890858106;0.0861495829071927;\n
0.417857385504193;-0.0165748136227604;0.145312139407522;0.0489389060933655;0.0998703875748042;\n
0.132798336783999;-0.00601907982461447;0.164833000976207;0.253678077264936;0.0828419074639494;\n
0.154658265628383;-0.0351137063240251;-0.0664597140647938;0.116964331866826;0.083520732499659;\n
0.344715462547053;0.0285694601471573;-0.0279665649380398;0.0638179554703481;0.078167774398171;\n
0.378401046017187;-0.032398781813558;0.203083001871801;0.020114324641076;0.0861558594930077;\n
0.395562656884237;-0.0189627195949214;-0.0410237938231193;0.307048577895157;0.0919252056267591;\n
0.350036540032887;-0.0494739956947555;0.171857835327657;0.115040736345824;0.0982010026189361;\n
0.381550677876072;-0.0234833660792435;0.115705752077595;0.291418618202782;0.0814340461487471;\n
0.302702533636556;-0.0289797787560077;0.0281686621084721;0.0513094806680457;0.0804285886681593;\n
0.372914212852588;0.204779727873101;0.173812332551921;0.00950590798806172;0.0849565191406081;\n
0.156663615435104;-0.0181533078998252;0.180653731512975;0.0377460911991652;0.100257927946208;\n
0.445351263018693;-0.0151389371949626;0.067065159419829;0.0363211932464212;0.0831840294879648;\n
0.111609241306237;-0.0185370492782469;0.144999605969798;0.0490988776948845;0.0907575895805374;\n
0.347451453975789;-0.0392638981026148;0.183427856972347;0.0394170990511172;0.0832213496122965;\n
0.452232056368854;-0.0532164797201577;-0.0157422701403224;0.0799197205855669;0.0814388610262565;\n
0.362783598174197;-0.0339136308790255;0.192736635383101;0.104570295925123;0.0894335680316908;\n
0.442308106346904;-0.027741752623028;0.129271971825594;0.0804956223980126;\n
0.371631159397746;-0.0427576860490628;0.207283076896543;0.0419244285495423;0.0841023851515198;\n
0.391648954120826;-0.00501795501396374;0.174144207095361;0.1090188547337;0.0811313325384967;\n
0.350735054779599;0.0296781352154265;0.159316028570254;0.0535331438546293;0.0905851104618801;\n
0.350916366672761;-0.0219669418598332;0.166940836759204;0.263677482437399;0.0992864193818668;\n
0.206377709133443;-0.0143380789934056;0.0323811794219121;0.0667521281168632;0.0823854483898287;\n
0.305512017249919;-0.0282880901665252;0.0412392683876546;0.0822638082001883;0.0816701719441701;\n
0.389428888162437;-0.0209913880661868;0.170950801555775;0.0250105491506207;0.0763831750840231;\n
0.360057368185596;-0.0376576138467054;0.133030532510157;0.116135721842058;0.081992470584278;\n
0.375140559294432;-0.0254996743775691;0.129924297689147;0.0477924754229411;0.082643954732732;\n
0.411042123122052;-0.0399541795162683;0.180338540827949;0.0746477225741145;0.0749054992788362;\n
0.372648821707948;0.00651327641312527;0.170361007522149;0.34400604660431;0.0839631574502602;\n
0.436636130275671;-0.0163166583457962;0.148935734364288;0.0459575141810913;0.0857463366594184;\n
0.433648074926413;-0.0579779520477623;0.179103643768701;0.368737763416928;0.0918891095046434;\n
0.395246152225951;-0.0033380944800897;-0.030226057646084;0.25684815309972;0.0829190930223136;\n
0.1257814227499;-0.0423145728496516;0.154883011673824;0.0647130351003107;0.0967357345274789;\n
0.155454267010923;-0.0494019230414767;0.185190710839975;0.0742439442934418;0.0835944692948333;\n
0.134566869506494;-0.022060833070816;0.170360234283361;0.0949306470548446;0.0851468419580134;\n
0.352438540497976;-0.0520707249604334;0.144881909951515;0.0620941580061794;0.0798156640896319;\n
0.433678663232286;0.0375473053624371;0.192531467637305;0.048302815876043;0.0868357330727134;\n
0.157653609048057;-0.0420915723837769;0.131009329820619;0.0422621280015973;0.0833265698474179;\n
0.372049733729918;-0.0151991246818139;0.0244152450347539;0.139279970424079;0.0835156783037687;\n
0.359423850726528;-0.03950474363225;0.158879585688266;0.0975958812319262;0.0831550127754836;\n
0.446051609589103;0.0221285758522674;0.12070099602654;0.129712912508109;0.0830208994548466;\n
0.361918393757219;-0.0349532425457114;0.17308511266112;0.0484488907793448;0.0778261581386036;\n
0.353828858163779;-0.0232144834858717;0.0580062460205559;0.057572367664101;0.0959618607434226;\n
0.340305350410946;-0.0379671588898831;0.184019307283421;0.103942589867813;0.093397603599241;\n
0.357906909359902;-0.00873519316267946;0.178778908225356;0.0961179016348913;0.0938837831750317;\n
0.414832590394135;-0.0591388002526861;0.166913665844552;0.122310752051938;0.0787597101275826;\n
0.379337510171482;0.000429204529381555;0.13499389015422;0.0826501907575714;0.0810127237912929;\n
0.355960701607591;-0.0269572368477852;0.155582758459583;0.27210992127804;0.0845474856361722;\n
0.394593693250638;0.0271122530416766;0.150929228931141;0.0999658085989968;0.0827374256560441;\n
0.388805632626128;-0.0311083433699968;0.0142849442651407;0.292988249525305;0.0936910422113635;\n
0.199475400600338;-0.0199233561448128;0.168758648763115;0.121511968413512;0.0835267719084816;\n
