0.334626775264617;0.0365656031526183;0.112046830545148;0.0273489898500023;0.0138491633093231;\n
0.191990527191035;-0.0281410313514814;0.121178451350847;0.00162214227808305;-0.0284068012246405;\n
0.314651341776172;-0.0229335439366096;0.123132476603178;0.0179942510793131;-0.00283940372987229;\n
0.411617164452783;-0.021455806922812;0.102401798497576;0.0450023832318638;0.0185120112334895;\n
0.36074901739312;-0.0240491661508769;0.106637240355638;0.0198307848932655;-0.0585600740399173;\n
0.399014257763275;0.0299792983039974;0.107125256142676;0.0552211651146792;-0.0817267573741931;\n
0.355824706173184;-0.0367320872129356;0.106938459987332;0.0509288307375937;0.0440614332383786;\n
0.342983965754793;-0.0451310165823035;0.113717619783643;0.00620591294634487;0.0135936710895619;\n
0.316367184395421;-0.0369182335142427;0.11559809414933;0.0210659215292146;0.00371033826892386;\n
0.387459186386994;0.22220097414383;0.112990870987219;0.0460042973019789;0.0124744891720115;\n
0.153078271357181;-0.00082378930994309;0.116835741920932;0.0070631155991604;-0.0126334766755905;\n
0.181585589635492;0.0163531090501579;0.11257063976394;0.00661568482305397;0.00838431761398137;\n
0.156842985937201;-0.0265388199525436;0.12434302289343;0.0332668413702892;-0.0659634129626144;\n
0.415805533357272;-0.0536790445306434;0.114813202468668;0.0308736503770963;-0.0274896060914611;\n
0.38867927819555;-0.0521593137602385;0.117620510608149;0.0744592336495467;-0.00128208152061074;\n
0.209154910666542;-0.0360825725504416;0.113865199468959;0.0274675584313454;0.00418425600416031;\n
0.123173813669011;-0.0537258369916367;0.114054942440281;0.108097505309281;-0.072429969544926;\n
0.12913227051613;-0.0306596080881623;0.106327234412612;0.0956772670754769;-0.0882710422078022;\n
0.355362685193672;0.221050320487711;0.120094620042078;0.0439236642197504;0.0249123610715049;\n
0.36295405027473;-0.0570485851073546;0.118443620278634;0.0828576220046041;-0.0301177288466982;\n
0.332052252344004;-0.0321074289565678;0.117553193030993;0.0328759381523795;-0.0789452095168356;\n
0.408533808577737;-0.0368049048580913;0.112697816275143;0.0118821257753834;-0.00506839256661396;\n
0.360292913491113;-0.0472578649243323;0.118901551134524;0.00857339463092888;0.0029310954728605;\n
0.402789561851629;0.246062572390511;0.117256165194263;0.0130666110347952;-0.072542492795004;\n
0.35206394938496;-0.0535388431520231;0.116698131910767;0.0383483228956452;-0.0521899801392303;\n
0.339749969028837;-0.0467841400626948;0.116450495733941;0.066450970366918;0.00334316492618872;\n
0.38094687475574;-0.0459402404901804;0.114875298646092;0.0697923697418817;-0.0139075164727552;\n
0.384514886210772;-0.0391547427559352;0.115046086560512;0.0672720023115128;0.0200941221836939;\n
0.334798638142092;-0.0116490040832651;0.105124537085976;-0.00325065882243625;-0.0298337070519866;\n
0.437720153632437;-0.068534998672979;0.108578530529104;0.125157511337706;-0.0102392776717377;\n
0.183166169413186;-0.0403666669639141;0.107627002713305;0.320818131293928;-0.0615230596191115;\n
0.316810773602561;-0.0471068632606964;0.11687712753488;0.0121556899435927;-0.085715983479513;\n
0.175408207062523;-0.0427903050205982;0.113251022611525;0.0296497524663866;-0.00154831087147506;\n
0.502247128322494;0.0060521804329523;0.116983401354106;0.055458912668335;0.0191948367395869;\n
0.180679448509661;-0.03299808444918;0.104944259498368;0.0805805035682296;-0.0312381579083447;\n
0.410114871118218;-0.0293315529864158;0.107489116166542;0.0787584403597448;0.00704847196179959;\n
0.370821839875811;-0.0463911316219244;0.118804068324955;0.00817972274044138;0.0110356969487642;\n
0.347539399668056;-0.0699988988016283;0.115926361171949;0.0587129655020328;0.0157232132279915;\n
0.186977313171622;-0.0444931583472027;0.108687647157688;0.04286093372712;-0.0514031015650815;\n
0.459849446503151;-0.0494757600130767;0.122389021914748;0.0817599064634492;0.0427165408750051;\n
0.148020231979283;-0.0309474926017496;0.115452026125896;-0.00319088530412936;0.00471641790457206;\n
0.198551935332388;-0.00366968704302695;0.116457827971137;0.0239130834819548;-0.0497901726836527;\n
0.167779242012213;-0.0769474199367326;0.116918663470819;0.0408939558522864;0.00015971674379478;\n
0.331227615748503;-0.0736274338142777;0.112216588309194;0.0509123137896637;-0.0734149239640668;\n
0.337470525012451;-0.0171313282337155;0.111367068686696;0.0972167651643777;-0.0499438611429072;\n
0.33571134335132;-0.0504266943396278;0.126402457857265;0.0439818704670464;0.01963008623488;\n
0.137482295128143;-0.0519021687414294;0.109650079348446;0.0649092529491722;0.00935782775323651;\n
0.159404531669897;-0.0485983360804108;0.118675046914496;0.247993076890217;-0.0460165535127328;\n
0.158485889161132;-0.0357155598457772;0.126406839210943;0.0247968063631783;0.0241078743943233;\n
0.348048763026217;-0.0115808298477641;0.121252902221712;0.0852484158142832;-0.019023870689778;\n
0.153041116482448;-0.0253296348959475;0.12291807390533;-0.000326416324641421;-0.0643798701114174;\n
0.175292133512284;-0.0374528369026923;0.120674511868805;0.0551757595313268;-0.0114159403308337;\n
0.233802028091301;-0.0383318593916468;0.113084860896213;0.0736312977674702;-0.046514638077037;\n
0.326356030614731;0.00132357416752615;0.117304344327933;0.0156564070765129;-0.0394349106127468;\n
0.20018695557995;-0.0438580631424785;0.12163933783693;0.00894518355771035;0.00718782173947427;\n
0.324194186627137;-0.0127300729886483;0.113616165940353;0.0191211588144521;0.00536989858811385;\n
0.3187543203009;0.00104457766383614;0.119627468617505;0.0433722705988659;-0.0181134702533425;\n
0.142215741202104;-0.0422454404281071;0.112464057432738;0.312178694981738;-0.0430028547404822;\n
0.35953256665762;-0.0380732717702589;0.111627686916867;0.0182135802163979;0.0116190941998066;\n
0.174943771808357;0.233962560982165;0.11165895087185;0.0833102154986637;-0.0401473422182204;\n
0.161061999032835;-0.0601055137658442;0.114081432380496;0.0453413260260961;-0.0701305738610799;\n
0.321972454186477;-0.0583663323229424;0.115483811903872;-0.0110715210430177;0.00625097476952391;\n
0.319069818574597;-0.0365820346501294;0.115783051252455;0.0348886117130726;-0.0099892161247806;\n
0.363301946058007;-0.0704172391798129;0.112803774513296;0.0561337386093266;-0.00140279069721616;\n
0.37516860859569;-0.0457930153227133;0.11905255736676;0.239315465191129;0.00747096755627591;\n
0.398079472861841;-0.0370914872161313;0.107465129317621;0.0698540170616544;-0.0060194360075958;\n
0.176202268092969;-0.033025918926067;0.115120749158413;0.244898143306881;-0.078748914610907;\n
0.487304477281268;0.304075187714898;0.110065539746056;0.0947932940407694;-0.0490327585298868;\n
0.158577957356428;-0.0441051073264456;0.120825103826875;-0.0027155237350584;0.0166497488730404;\n
0.2355326564236;-0.0427945753984135;0.11723326586694;0.0777626542107315;0.00532367153037047;\n
0.175537622919539;-0.0272827579991533;0.110306545785061;0.067073564624167;-0.0259973543440313;\n
0.174077540019934;0.038275562815117;0.121915450004015;0.0136400455887753;4.68612648588662e-05;\n
0.371630757151234;-0.0394915410034929;0.11837534805854;0.048466422738783;0.0179308887398551;\n
0.187069616582123;-0.0539247718865149;0.112311941941946;0.0832067095328957;0.0136814759694207;\n
0.444112564066626;-0.0134846962150021;0.118279169981161;0.0945852710400689;-0.0462807955261405;\n
0.11998043386887;-0.0574502425436514;0.117097201529177;0.00817420564905902;-0.0498847801308407;\n
0.350110290094494;-0.0401673259362124;0.116031644213408;0.0329729153700085;0.0154335346400099;\n
0.430099189723844;-0.00927397711069877;0.113713595303962;0.0597643551675754;-0.0056505445989779;\n
0.107832077299163;-0.0248700534439794;0.114326482632763;0.0454769195130966;0.0145366480967375;\n
0.32883953167068;0.0194458470302453;0.118085376542473;-0.013490247648017;0.00411043333240968;\n
0.300025865565484;-0.0370807207858392;0.116863681657675;0.340181042216321;-0.00417207489124316;\n
0.179887541661246;-0.0664143005793734;0.125677712387856;0.01276273138378;-0.0294359548520565;\n
0.138329530282204;-0.0259824742653959;0.107863969446026;0.0319601821063804;-0.0565835923122183;\n
0.314473995872408;-0.051033381241503;0.12314249123257;0.0469064226140312;-0.0752966704811672;\n
0.384282151809462;-0.0610252123859118;0.119900235025352;0.0183853449078034;-0.006423193392327;\n
0.199755469097371;-0.07053896185804;0.11824747211135;0.243007919824529;-0.0706672319348404;\n
0.375745667425337;0.0210159932555722;0.115118975115673;0.0609543406639992;-0.00550035069024662;\n
0.180215376771506;-0.0780717247284332;0.116373131828379;-0.0180666154911465;0.0129235794250696;\n
0.178515131374864;-0.0547495758530613;0.104447611657904;0.0486318475222672;-0.0582478654982597;\n
0.362255687590321;-0.0431498364451676;0.112857121898155;0.0252839506459212;0.00969009248503816;\n
0.336622902384417;-0.0576490303774281;0.124245078439683;0.0192721841564909;0.00578005743688556;\n
0.319996856730598;-0.0118259046473513;0.11732229869389;0.0681397422261522;0.00934325793474747;\n
0.383890944508799;-0.0534952897543827;0.118046618505816;0.0771543213961787;0.00837196994736927;\n
0.297448363335575;-0.000748358596921572;0.11032158632888;0.0368680049162209;0.00515341399311731;\n
0.213307555360236;-0.0481564787183419;0.123470108204046;0.058542082498073;0.0151374204563592;\n
0.404199809707531;-0.0560015919629384;0.102259322868119;0.0406881859433543;-0.0284900637420084;\n
0.359625589050971;-0.0422080364592607;0.116931194801519;0.0212312887146071;-0.00233377441829324;\n
0.19234641014398;-0.0644338893408668;0.111297946255546;0.0240326594039371;0.0259705143635148;\n
0.374249536455956;-0.0509017242583731;0.116198243925374;0.0499790402251703;0.0196482731651987;\n
0.122089367045307;-0.0666047175014269;0.118471072029685;0.0389649429613119;0.0031604889493711;\n
