0.395386230830795;-0.0154926216225945;0.0264468038454362;0.0933348096852566;0.115609343977857;\n
0.437742939736876;-0.00337081523564164;-0.0329252191270864;0.307491646511098;0.110411261608504;\n
0.367985163143247;-0.0443057699831169;-0.0137462447637668;0.101594724111347;0.115155162991665;\n
0.425536863914364;-0.041318754774862;0.0264468038454362;0.119490328346303;0.0882895340775714;\n
0.425075539471509;-0.0318548732747386;0.0258077151525687;0.256107075444031;0.116419815618928;\n
0.391841420494774;-0.00214589968615608;0.0264468038454362;0.135019816080908;0.116007733430681;\n
0.376687789431559;-0.0213529343893611;0.0264468038454362;0.0918912277941766;0.106458355408718;\n
0.409426224689507;-0.00250083606661677;0.0264468038454362;0.0710484990963151;0.116007733430681;\n
0.469981494331282;-0.0441834210840728;0.0264468038454362;0.080328729978715;0.10898292683321;\n
0.399975906808597;-0.0603388332639645;-0.021978438450613;0.057649226559248;0.11000961990028;\n
0.44283468618885;-0.00931489037567113;0.0264468038454362;0.302165253640666;0.113525337642998;\n
0.42401904411975;-0.0245128185101884;0.0301327630415973;0.117749321738623;0.115278383322406;\n
0.264632025153866;-0.0330645067001793;0.0655966706361453;0.0583678639378027;0.116919819556265;\n
0.44051771819648;-0.0299491157934461;-0.064657041784611;0.0939614527585311;0.107011587665439;\n
0.39586183703098;-0.0160078489516008;0.0419439927860051;0.0936083315315795;0.117337001299661;\n
0.413070829219375;-0.0225840607513318;0.0264468038454362;0.107349394135665;0.114789273622604;\n
0.336521888994877;0.00163353535654787;0.0264468038454362;0.10661528871486;0.112039733387899;\n
0.472716883079556;-0.0345081329342102;0.0264468038454362;0.0620831699583174;0.112068465342081;\n
0.351002406340235;-0.00529918927843709;-0.0170540166894232;0.232743102234119;0.113569671240163;\n
0.391101666128418;-0.021565807887538;0.0264468038454362;0.0515124385737367;0.101972268714229;\n
0.359380067919772;-0.0338825894412884;0.00127941497928391;0.0558522741284462;0.116007733430681;\n
0.39465615247264;-0.00978276567454245;0.0264468038454362;0.0947735873263149;0.111046162132493;\n
0.420704533190536;-0.0202657021353335;0.0264468038454362;0.319520017218925;0.114034196913036;\n
0.411518874583317;-0.00477311715748552;0.0268786092185648;0.0818439553860761;0.116037862231367;\n
0.351494107181268;-0.0368166616658529;-0.0034595324865293;0.0816957273539459;0.113980533790342;\n
0.410785443962251;0.00671166637185872;0.0264468038454362;0.109756629764521;0.113855956961665;\n
0.43531720864854;-0.011433202970895;0.0264468038454362;0.103551205785086;0.103731813847409;\n
0.253715917485467;-0.0296952473198894;0.0264468038454362;0.106190679339225;0.119450770826919;\n
0.421698112944183;-0.0141979180778008;0.0264468038454362;0.0664273003792847;0.107328171579662;\n
0.403882615095425;-0.0119635971808619;0.0264468038454362;0.332628493142448;0.11952456889447;\n
0.457295104339614;-0.0106488696894428;0.0264468038454362;0.0831588499547035;0.127632535192748;\n
0.41595271974416;0.0302405719524821;0.0264468038454362;0.318208232486487;0.110068715982608;\n
0.210391103717505;-0.0129825616288004;0.0264468038454362;0.0731247248494569;0.123364957340029;\n
0.426448825067477;-0.000945759557512527;-0.0317763204119483;0.132677414526366;0.117541080127351;\n
0.41185955998812;-0.0158357252616607;0.0264468038454362;0.0919601228354806;0.107883209921444;\n
0.450602489939177;-0.0290547669966693;0.0264468038454362;0.120581505526104;0.110260705923366;\n
0.392994618685518;-0.00988745751288989;0.0264073978584578;0.0267170679862956;0.10675592236295;\n
0.421850191017445;-0.037709502338185;0.0264263394350214;0.0988766831860594;0.109185623213783;\n
0.363799274541766;-0.0102381109436065;0.0226654181385845;0.0634252148130441;0.116220535084308;\n
0.404566948907603;-0.00979429731664749;0.0264468038454362;0.0406314954766412;0.11408301886311;\n
0.408284124787584;-0.0279851897413228;0.0266510356694528;0.0630228204024683;0.113636165672303;\n
0.463078063655356;-0.00952957969025725;0.0264468038454362;0.0965620155294293;0.104613358255244;\n
0.423771108623449;-0.0438447598820073;0.0264468038454362;0.0584578870365041;0.112748576986891;\n
0.371730835062603;-0.0518582234559239;0.0264468038454362;0.117783898512106;0.111177039064273;\n
0.429939032111534;0.0026608139414781;0.0264468038454362;0.118467686620704;0.0963122527414841;\n
0.383973850348327;-0.0227286819061084;-0.0450989934645216;0.0687191484378796;0.117267378047968;\n
0.397403398304059;-0.0174298156844628;0.0264468038454362;0.296688800616223;\n
0.377401582232589;-0.00502843277791765;-0.0487562968258088;0.11704663492868;0.101924382929548;\n
0.461355646059424;0.0444827313708298;-0.00805144668870034;0.0715229475472333;0.112493879216564;\n
0.403617726472451;-0.0102381109436065;-0.0371039971987369;0.293718019357466;0.116265043845731;\n
0.378939375865898;-0.0275045058501683;0.0264468038454362;0.101730274925787;0.116007733430681;\n
0.421552616694214;-0.0174822901751357;-0.0187410769062077;0.041737072461187;0.116007733430681;\n
0.443363208979309;-0.0225181403247515;0.0264468038454362;0.0491840531279744;0.116007733430681;\n
0.415557441948258;0.00181532499990655;0.0395559013688585;0.0789100955380337;0.116235029875489;\n
0.226888998666059;-0.0113677281879311;0.0264468038454362;0.100064335686876;0.114078734666284;\n
0.42972368425501;-0.0508668122388518;0.0264468038454362;0.0783082692871909;0.116964929721484;\n
0.414141197974794;0.290484621251094;0.0107711285307975;0.0914700361353453;0.11322758829898;\n
0.407244480905707;-0.00500466962646873;0.0264468038454362;0.31778961868785;0.128241847212958;\n
0.371863358810752;-0.0246172145143879;0.0167199720440057;0.0942483161120002;0.116007733430681;\n
0.234421672895068;-0.00504156328194738;0.0264468038454362;0.292877845207897;0.115941443928873;\n
0.420471451287179;-0.0194843036351329;0.173013806411848;0.30482660589924;0.11019519978195;\n
0.374795120179439;-0.0155212117171832;-0.0285353649554309;0.0745160042951188;0.115876001017861;\n
0.413550329734218;-0.00176341871518038;0.0264468038454362;0.0727237886910755;0.0963859142804374;\n
0.170666864574887;-0.0248891071749547;0.0264468038454362;0.348501275984517;0.110458685753152;\n
0.359495768662756;-0.0508552200016896;0.0264468038454362;0.1108181058511;0.10633616334321;\n
0.165074910126442;-0.00777893102627658;0.0264468038454362;0.0141363318314487;0.111608315172872;\n
0.448359696207986;-0.0201964629791833;0.0264468038454362;0.113340277941141;0.113875848223213;\n
0.398873602425485;-0.017535398511428;-0.0105640538572564;0.0702046795642328;0.128821100877894;\n
0.410168443425388;-0.0102381109436065;0.0264468038454362;0.331928496788611;0.113855956961665;\n
0.437377956174579;-0.0102381109436065;0.0264468038454362;0.318654354103182;0.114734450594651;\n
0.359219051215342;-0.0106316755535136;0.0264468038454362;0.069466820168919;0.106636933335678;\n
0.424221023123944;-0.0288304300278289;0.0153642265228376;0.08007401032116;0.119856782544908;\n
0.400949589466813;-0.0148376478792178;0.00376890629374843;0.0231381964886128;0.115633088205431;\n
0.358787272260486;0.0266964303882201;-0.0439448030895487;0.0476998421720121;0.105879935330071;\n
0.415301150214134;-0.0142783519561362;0.171401984356227;0.0931649472899497;0.118133372518561;\n
0.426894131694726;-0.0159947636344223;0.0264468038454362;0.0526620466378799;0.12002400549119;\n
0.345116483705773;-0.00473159076276686;-0.0217365386400926;0.317488399554451;0.108367896829663;\n
0.220213763186017;0.00287728983485647;-0.0607918563607069;0.0872659630807309;0.10092605152477;\n
0.398353539925267;-0.0236433794594859;-0.0481227489759027;0.0936373585968827;0.11331106339483;\n
0.43846906322527;-0.0262542009298331;0.0264468038454362;0.0676977763540688;0.108440350363799;\n
0.396836478314397;-0.00604675650764197;0.0264468038454362;0.0920236496564896;0.112979460904694;\n
0.399859360655071;-0.0550932959339585;0.0226891008612415;0.305214043635813;0.108187160879854;\n
0.416065879672839;0.00741476397339164;0.0264468038454362;0.0438913263901549;0.115726065939678;\n
0.445878602785002;-0.0339668769995171;0.0268173628052781;0.045896500186074;0.110750538614161;\n
0.386185839351019;-0.0171377429859467;0.0264468038454362;0.146210221642892;0.11726597592697;\n
0.395216099618517;-0.00451651671660552;0.000163449837117358;0.103645852225999;0.116617996678368;\n
0.37158589224891;0.010193392163666;0.0247056147221657;0.0859079461111911;0.12131152818693;\n
0.41768084106836;-0.015364888574778;-0.0329252191270864;0.151525190859085;0.116994949301049;\n
0.424161284784036;-0.00412978964457117;0.0264468038454362;0.111731791793994;0.116007733430681;\n
0.19781628477276;0.00350095471084244;0.0264468038454362;0.0954115792778288;0.109200519901845;\n
0.361682460853842;0.0191196546795445;-0.0565714024158189;0.110265108152646;0.118060393583253;\n
0.207237020771975;-0.00666431971705217;-0.0472759829515433;0.0437866974618097;0.120973661469567;\n
0.379945793931434;-0.0335252318963472;0.0264468038454362;0.131155183064363;0.105138366033449;\n
0.372317461313401;-0.0285247893064009;0.0349890925840053;0.106771151559234;0.110915814419162;\n
0.385033520869902;0.000590402163553772;0.0264468038454362;0.347280393118449;0.0910044738297039;\n
0.378470009864135;-0.0232101151755332;0.0264468038454362;0.0477414686961445;0.107070682923153;\n
0.422606645952592;-0.0120627439340864;0.0264468038454362;0.113177495155556;0.114106015533119;\n
0.382152981028352;-0.0340878786946194;-0.0561278983965642;0.0765340156676465;0.11401257978011;\n
0.413507140058927;-0.0125447630008011;0.00236453038526013;0.15809219796121;0.138689300266545;\n
0.340508712446789;-0.0377581538256767;-0.0268514050751914;0.0824872811961098;0.116007733430681;\n
