Current parameters
 - debug = true
 - runAutotest = false
 - runChromosome = false
 - runExperiment = true
 - chromosome = null
 - showSheets = false
 - saveRatMap = .
 - numberOfGenerations = 50
 - population = 15
 - numberOfProfiles = 2
 - numberOfInitialAgents = 15
 - numberOfCells = 10
 - numberOfFoodPieces = 10
 - numberOfDays = 1000
 - numberOfExecutions = 5
 - patterns = E:\2_trabajo\doctorado\made\2014\pattern_revenge.txt
 - baseDays = 500
 - baseEnergy = 5
 - baseSmell = 3
 - baseNutrition = 4
 - baseByte = 5
 - baseFur = 5
 - baseAgeToBeAdultFemale = 42
 - baseToBeAdultMale = 49
 - basePregnancyTime = 30
 - help = false
 - seed = 1384144694487

gen = -001,avg = 114,800,best = 114,800,chrom = {0,138;0,418;0,420;0,611;0,030;0,121;0,625;0,741;0,939;0,907;0,138;0,515;0,670;0,521;0,100;0,467;0,985;0,990;0,556;0,676;0,187;0,993;0,823;0,467}
gen = 0000,avg = 55,720,best = 225,600,chrom = {0,209;0,665;0,943;0,079;0,345;0,746;0,364;0,445;0,850;0,159;0,613;0,289;0,955;0,476;0,387;0,291;0,793;0,542;0,833;0,802;0,398;0,155;0,426;0,100}
gen = 0001,avg = 137,480,best = 232,600,chrom = {0,209;0,665;0,943;0,079;0,128;0,746;0,364;0,445;0,850;0,159;0,312;0,289;0,955;0,476;0,387;0,165;0,182;0,825;0,833;0,802;0,398;0,155;0,439;0,100}
gen = 0002,avg = 212,187,best = 279,200,chrom = {0,824;0,621;0,698;0,636;0,356;0,422;0,611;0,522;0,617;0,322;0,156;0,058;0,959;0,103;0,035;0,044;0,213;0,710;0,435;0,888;0,771;0,113;0,259;0,302}
gen = 0003,avg = 252,347,best = 279,200,chrom = {0,824;0,621;0,698;0,636;0,356;0,422;0,611;0,522;0,617;0,322;0,156;0,058;0,959;0,103;0,035;0,044;0,213;0,710;0,435;0,888;0,771;0,113;0,259;0,302}
gen = 0004,avg = 276,787,best = 291,400,chrom = {0,824;0,621;0,698;0,636;0,356;0,422;0,611;0,522;0,617;0,421;0,156;0,058;0,959;0,103;0,035;0,044;0,213;0,710;0,435;0,888;0,771;0,113;0,259;0,302}
gen = 0005,avg = 288,800,best = 297,200,chrom = {0,824;0,621;0,943;0,079;0,128;0,746;0,364;0,445;0,850;0,159;0,312;0,073;0,955;0,476;0,387;0,165;0,182;0,825;0,698;0,802;0,398;0,155;0,439;0,100}
gen = 0006,avg = 300,093,best = 325,800,chrom = {0,824;0,621;0,943;0,323;0,128;0,746;0,960;0,445;0,175;0,811;0,312;0,073;0,955;0,476;0,387;0,165;0,182;0,825;0,698;0,802;0,398;0,155;0,439;0,100}
gen = 0007,avg = 319,000,best = 364,800,chrom = {0,824;0,621;0,943;0,323;0,128;0,746;0,960;0,445;0,175;0,811;0,312;0,073;0,955;0,068;0,387;0,165;0,810;0,825;0,698;0,089;0,398;0,155;0,439;0,100}
gen = 0008,avg = 340,933,best = 364,800,chrom = {0,824;0,621;0,943;0,323;0,128;0,746;0,960;0,445;0,175;0,811;0,312;0,073;0,955;0,068;0,387;0,165;0,810;0,825;0,698;0,089;0,398;0,155;0,439;0,100}
gen = 0009,avg = 364,027,best = 391,200,chrom = {0,824;0,621;0,943;0,323;0,128;0,746;0,960;0,445;0,175;0,811;0,312;0,073;0,955;0,068;0,943;0,165;0,810;0,825;0,924;0,089;0,398;0,155;0,439;0,054}
gen = 0010,avg = 386,600,best = 394,000,chrom = {0,824;0,621;0,943;0,323;0,128;0,746;0,960;0,445;0,175;0,811;0,312;0,073;0,955;0,068;0,387;0,165;0,810;0,825;0,698;0,089;0,398;0,155;0,439;0,092}
gen = 0011,avg = 391,107,best = 398,800,chrom = {0,824;0,621;0,943;0,323;0,128;0,746;0,960;0,445;0,175;0,811;0,312;0,073;0,955;0,068;0,943;0,165;0,810;0,825;0,924;0,089;0,612;0,155;0,439;0,054}
gen = 0012,avg = 402,213,best = 438,800,chrom = {0,824;0,621;0,943;0,323;0,128;0,746;0,960;0,363;0,175;0,532;0,312;0,073;0,955;0,068;0,943;0,165;0,131;0,825;0,924;0,089;0,612;0,155;0,036;0,054}
gen = 0013,avg = 412,467,best = 438,800,chrom = {0,824;0,621;0,943;0,323;0,128;0,746;0,960;0,363;0,175;0,532;0,312;0,073;0,955;0,068;0,943;0,165;0,131;0,825;0,924;0,089;0,612;0,155;0,036;0,054}
gen = 0014,avg = 426,613,best = 447,000,chrom = {0,824;0,621;0,943;0,323;0,128;0,746;0,960;0,363;0,175;0,532;0,312;0,073;0,955;0,068;0,943;0,165;0,131;0,825;0,924;0,089;0,612;0,155;0,036;0,054}
gen = 0015,avg = 437,720,best = 448,400,chrom = {0,824;0,621;0,036;0,323;0,128;0,746;0,960;0,363;0,175;0,532;0,312;0,073;0,955;0,068;0,943;0,165;0,131;0,825;0,924;0,650;0,554;0,040;0,036;0,054}
gen = 0016,avg = 450,213,best = 476,000,chrom = {0,824;0,621;0,943;0,323;0,128;0,746;0,960;0,363;0,175;0,532;0,312;0,073;0,955;0,068;0,943;0,165;0,131;0,825;0,924;0,650;0,554;0,040;0,036;0,054}
gen = 0017,avg = 465,787,best = 483,600,chrom = {0,824;0,621;0,943;0,323;0,128;0,746;0,960;0,363;0,175;0,532;0,312;0,073;0,955;0,068;0,943;0,766;0,131;0,825;0,924;0,089;0,612;0,040;0,036;0,054}
gen = 0018,avg = 471,213,best = 483,600,chrom = {0,824;0,621;0,943;0,323;0,128;0,746;0,960;0,363;0,175;0,532;0,312;0,073;0,955;0,068;0,943;0,766;0,131;0,825;0,924;0,089;0,612;0,040;0,036;0,054}
gen = 0019,avg = 480,040,best = 491,800,chrom = {0,824;0,621;0,943;0,323;0,128;0,746;0,960;0,363;0,175;0,532;0,312;0,073;0,955;0,068;0,943;0,165;0,131;0,825;0,924;0,650;0,554;0,040;0,036;0,054}
gen = 0020,avg = 486,200,best = 494,400,chrom = {0,824;0,621;0,943;0,323;0,128;0,746;0,960;0,363;0,175;0,532;0,312;0,073;0,955;0,068;0,943;0,165;0,131;0,825;0,924;0,650;0,554;0,040;0,036;0,054}
gen = 0021,avg = 489,760,best = 494,800,chrom = {0,824;0,621;0,943;0,323;0,128;0,746;0,960;0,363;0,175;0,532;0,312;0,073;0,955;0,068;0,943;0,165;0,131;0,825;0,924;0,650;0,554;0,040;0,036;0,054}
gen = 0022,avg = 493,613,best = 506,000,chrom = {0,824;0,621;0,943;0,323;0,128;0,746;0,960;0,363;0,175;0,532;0,312;0,073;0,955;0,068;0,943;0,165;0,131;0,825;0,924;0,650;0,554;0,040;0,036;0,054}
gen = 0023,avg = 497,507,best = 513,800,chrom = {0,824;0,621;0,943;0,323;0,128;0,746;0,960;0,363;0,175;0,532;0,312;0,073;0,955;0,068;0,943;0,279;0,131;0,825;0,924;0,601;0,554;0,040;0,036;0,054}
gen = 0024,avg = 499,053,best = 513,800,chrom = {0,824;0,621;0,943;0,323;0,128;0,746;0,960;0,363;0,175;0,532;0,312;0,073;0,955;0,068;0,943;0,279;0,131;0,825;0,924;0,601;0,554;0,040;0,036;0,054}
gen = 0025,avg = 501,120,best = 513,800,chrom = {0,824;0,621;0,943;0,323;0,128;0,746;0,960;0,363;0,175;0,532;0,312;0,073;0,955;0,068;0,943;0,279;0,131;0,825;0,924;0,601;0,554;0,040;0,036;0,054}
gen = 0026,avg = 502,587,best = 513,800,chrom = {0,824;0,621;0,943;0,323;0,128;0,746;0,960;0,363;0,175;0,532;0,312;0,073;0,955;0,068;0,943;0,279;0,131;0,825;0,924;0,601;0,554;0,040;0,036;0,054}
gen = 0027,avg = 504,053,best = 513,800,chrom = {0,824;0,621;0,943;0,323;0,128;0,746;0,960;0,363;0,175;0,532;0,312;0,073;0,955;0,068;0,943;0,279;0,131;0,825;0,924;0,601;0,554;0,040;0,036;0,054}
gen = 0028,avg = 505,493,best = 513,800,chrom = {0,824;0,621;0,943;0,323;0,128;0,746;0,960;0,363;0,175;0,532;0,312;0,073;0,955;0,068;0,943;0,279;0,131;0,825;0,924;0,601;0,554;0,040;0,036;0,054}
gen = 0029,avg = 506,787,best = 513,800,chrom = {0,824;0,621;0,943;0,323;0,128;0,746;0,960;0,363;0,175;0,532;0,312;0,073;0,955;0,068;0,943;0,279;0,131;0,825;0,924;0,601;0,554;0,040;0,036;0,054}
gen = 0030,avg = 509,067,best = 513,800,chrom = {0,824;0,621;0,943;0,323;0,128;0,746;0,960;0,363;0,175;0,532;0,312;0,073;0,955;0,068;0,943;0,279;0,131;0,825;0,924;0,601;0,554;0,040;0,036;0,054}
gen = 0031,avg = 510,560,best = 513,800,chrom = {0,824;0,621;0,943;0,323;0,128;0,746;0,960;0,363;0,175;0,532;0,312;0,073;0,955;0,068;0,943;0,279;0,131;0,825;0,924;0,601;0,554;0,040;0,036;0,054}
gen = 0032,avg = 512,067,best = 513,800,chrom = {0,824;0,621;0,943;0,323;0,128;0,746;0,960;0,363;0,175;0,532;0,312;0,073;0,955;0,068;0,943;0,279;0,131;0,825;0,924;0,601;0,554;0,040;0,036;0,054}
gen = 0033,avg = 512,587,best = 513,800,chrom = {0,824;0,621;0,943;0,323;0,128;0,746;0,960;0,363;0,175;0,532;0,312;0,073;0,955;0,068;0,943;0,279;0,131;0,825;0,924;0,601;0,554;0,040;0,036;0,054}
gen = 0034,avg = 513,107,best = 513,800,chrom = {0,824;0,621;0,943;0,323;0,128;0,746;0,960;0,363;0,175;0,532;0,312;0,073;0,955;0,068;0,943;0,279;0,131;0,825;0,924;0,601;0,554;0,040;0,036;0,054}
gen = 0035,avg = 513,587,best = 513,800,chrom = {0,824;0,621;0,943;0,323;0,128;0,746;0,960;0,363;0,175;0,532;0,312;0,073;0,955;0,068;0,943;0,279;0,131;0,825;0,924;0,601;0,554;0,040;0,036;0,054}
gen = 0036,avg = 513,800,best = 513,800,chrom = {0,824;0,621;0,943;0,323;0,128;0,746;0,960;0,363;0,175;0,532;0,312;0,073;0,955;0,068;0,943;0,279;0,131;0,825;0,924;0,601;0,554;0,040;0,036;0,054}
gen = 0037,avg = 513,800,best = 513,800,chrom = {0,824;0,621;0,943;0,323;0,128;0,746;0,960;0,363;0,175;0,532;0,312;0,073;0,955;0,068;0,943;0,279;0,131;0,825;0,924;0,601;0,554;0,040;0,036;0,054}
gen = 0038,avg = 513,800,best = 513,800,chrom = {0,824;0,621;0,943;0,323;0,128;0,746;0,960;0,363;0,175;0,532;0,312;0,073;0,955;0,068;0,943;0,279;0,131;0,825;0,924;0,601;0,554;0,040;0,036;0,054}
gen = 0039,avg = 513,800,best = 513,800,chrom = {0,824;0,621;0,943;0,323;0,128;0,746;0,960;0,363;0,175;0,532;0,312;0,073;0,955;0,068;0,943;0,279;0,131;0,825;0,924;0,601;0,554;0,040;0,036;0,054}
gen = 0040,avg = 513,800,best = 513,800,chrom = {0,824;0,621;0,943;0,323;0,128;0,746;0,960;0,363;0,175;0,532;0,312;0,073;0,955;0,068;0,943;0,279;0,131;0,825;0,924;0,601;0,554;0,040;0,036;0,054}
gen = 0041,avg = 513,800,best = 513,800,chrom = {0,824;0,621;0,943;0,323;0,128;0,746;0,960;0,363;0,175;0,532;0,312;0,073;0,955;0,068;0,943;0,279;0,131;0,825;0,924;0,601;0,554;0,040;0,036;0,054}
gen = 0042,avg = 513,800,best = 513,800,chrom = {0,824;0,621;0,943;0,323;0,128;0,746;0,960;0,363;0,175;0,532;0,312;0,073;0,955;0,068;0,943;0,279;0,131;0,825;0,924;0,601;0,554;0,040;0,036;0,054}
gen = 0043,avg = 513,800,best = 513,800,chrom = {0,824;0,621;0,943;0,323;0,128;0,746;0,960;0,363;0,175;0,532;0,312;0,073;0,955;0,068;0,943;0,279;0,131;0,825;0,924;0,601;0,554;0,040;0,036;0,054}
gen = 0044,avg = 513,800,best = 513,800,chrom = {0,824;0,621;0,943;0,323;0,128;0,746;0,960;0,363;0,175;0,532;0,312;0,073;0,955;0,068;0,943;0,279;0,131;0,825;0,924;0,601;0,554;0,040;0,036;0,054}
gen = 0045,avg = 513,800,best = 513,800,chrom = {0,824;0,621;0,943;0,323;0,128;0,746;0,960;0,363;0,175;0,532;0,312;0,073;0,955;0,068;0,943;0,279;0,131;0,825;0,924;0,601;0,554;0,040;0,036;0,054}
gen = 0046,avg = 513,800,best = 513,800,chrom = {0,824;0,621;0,943;0,323;0,128;0,746;0,960;0,363;0,175;0,532;0,312;0,073;0,955;0,068;0,943;0,279;0,131;0,825;0,924;0,601;0,554;0,040;0,036;0,054}
gen = 0047,avg = 513,800,best = 513,800,chrom = {0,824;0,621;0,943;0,323;0,128;0,746;0,960;0,363;0,175;0,532;0,312;0,073;0,955;0,068;0,943;0,279;0,131;0,825;0,924;0,601;0,554;0,040;0,036;0,054}
gen = 0048,avg = 513,800,best = 513,800,chrom = {0,824;0,621;0,943;0,323;0,128;0,746;0,960;0,363;0,175;0,532;0,312;0,073;0,955;0,068;0,943;0,279;0,131;0,825;0,924;0,601;0,554;0,040;0,036;0,054}
gen = 0049,avg = 513,800,best = 513,800,chrom = {0,824;0,621;0,943;0,323;0,128;0,746;0,960;0,363;0,175;0,532;0,312;0,073;0,955;0,068;0,943;0,279;0,131;0,825;0,924;0,601;0,554;0,040;0,036;0,054}
gen = 0050,avg = 513,800,best = 513,800,chrom = {0,824;0,621;0,943;0,323;0,128;0,746;0,960;0,363;0,175;0,532;0,312;0,073;0,955;0,068;0,943;0,279;0,131;0,825;0,924;0,601;0,554;0,040;0,036;0,054}
Execution Time = 2223,965ms;
