Current parameters
 - debug = true
 - runAutotest = false
 - runChromosome = false
 - runExperiment = true
 - chromosome = null
 - showSheets = false
 - saveRatMap = .
 - numberOfGenerations = 50
 - population = 15
 - numberOfProfiles = 2
 - numberOfInitialAgents = 15
 - numberOfCells = 10
 - numberOfFoodPieces = 10
 - numberOfDays = 1000
 - numberOfExecutions = 5
 - patterns = E:\2_trabajo\doctorado\made\2014\pattern_revenge.txt
 - baseDays = 500
 - baseEnergy = 5
 - baseSmell = 3
 - baseNutrition = 4
 - baseByte = 5
 - baseFur = 5
 - baseAgeToBeAdultFemale = 42
 - baseToBeAdultMale = 49
 - basePregnancyTime = 30
 - help = false
 - seed = 1384146918570

gen = -001,avg = 0,000,best = 0,000,chrom = {0,536;0,528;0,820;0,028;0,624;0,578;0,918;0,069;0,959;0,627;0,167;0,230;0,172;0,810;0,939;0,735;0,147;0,684;0,601;0,197;0,543;0,520;0,857;0,187}
gen = 0000,avg = 15,733,best = 122,600,chrom = {0,080;0,338;0,794;0,758;0,642;0,194;0,947;0,277;0,408;0,115;0,098;0,133;0,583;0,130;0,101;0,113;0,619;0,582;0,705;0,949;0,437;0,444;0,351;0,289}
gen = 0001,avg = 44,800,best = 172,400,chrom = {0,080;0,338;0,380;0,758;0,642;0,194;0,947;0,277;0,408;0,115;0,098;0,133;0,583;0,268;0,101;0,113;0,619;0,582;0,705;0,949;0,437;0,444;0,351;0,289}
gen = 0002,avg = 140,213,best = 244,400,chrom = {0,915;0,231;0,360;0,477;0,133;0,107;0,787;0,806;0,132;0,279;0,741;0,133;0,583;0,130;0,101;0,113;0,619;0,582;0,705;0,949;0,437;0,444;0,351;0,289}
gen = 0003,avg = 207,040,best = 246,200,chrom = {0,915;0,231;0,360;0,477;0,133;0,107;0,787;0,806;0,132;0,279;0,741;0,133;0,583;0,130;0,101;0,113;0,619;0,582;0,705;0,949;0,437;0,444;0,351;0,289}
gen = 0004,avg = 241,333,best = 260,200,chrom = {0,422;0,338;0,380;0,758;0,642;0,194;0,450;0,277;0,408;0,115;0,098;0,133;0,583;0,268;0,101;0,113;0,619;0,582;0,705;0,949;0,437;0,444;0,351;0,289}
gen = 0005,avg = 256,987,best = 285,200,chrom = {0,422;0,338;0,380;0,758;0,642;0,194;0,450;0,277;0,408;0,115;0,098;0,133;0,583;0,268;0,118;0,413;0,539;0,809;0,877;0,030;0,055;0,160;0,914;0,162}
gen = 0006,avg = 280,773,best = 306,000,chrom = {0,422;0,338;0,645;0,758;0,642;0,194;0,450;0,277;0,408;0,115;0,098;0,133;0,583;0,268;0,118;0,528;0,539;0,809;0,791;0,030;0,055;0,160;0,914;0,162}
gen = 0007,avg = 301,653,best = 345,600,chrom = {0,422;0,338;0,645;0,758;0,642;0,194;0,450;0,277;0,408;0,115;0,098;0,133;0,583;0,268;0,118;0,742;0,539;0,809;0,791;0,030;0,055;0,160;0,125;0,162}
gen = 0008,avg = 328,747,best = 345,800,chrom = {0,422;0,338;0,817;0,758;0,642;0,194;0,450;0,277;0,408;0,115;0,098;0,133;0,583;0,268;0,215;0,413;0,539;0,809;0,877;0,086;0,055;0,160;0,914;0,162}
gen = 0009,avg = 338,000,best = 345,800,chrom = {0,422;0,338;0,817;0,758;0,642;0,194;0,450;0,277;0,408;0,115;0,098;0,133;0,583;0,268;0,215;0,413;0,539;0,809;0,877;0,086;0,055;0,160;0,914;0,162}
gen = 0010,avg = 351,547,best = 372,600,chrom = {0,422;0,338;0,705;0,758;0,642;0,949;0,450;0,277;0,408;0,115;0,098;0,133;0,583;0,268;0,118;0,528;0,539;0,809;0,791;0,030;0,055;0,160;0,125;0,162}
gen = 0011,avg = 364,813,best = 395,800,chrom = {0,422;0,338;0,645;0,758;0,133;0,107;0,787;0,277;0,370;0,115;0,098;0,133;0,583;0,268;0,118;0,413;0,539;0,809;0,791;0,030;0,055;0,160;0,125;0,162}
gen = 0012,avg = 378,200,best = 395,800,chrom = {0,422;0,338;0,645;0,758;0,133;0,107;0,787;0,277;0,370;0,115;0,098;0,133;0,583;0,268;0,118;0,413;0,539;0,809;0,791;0,030;0,055;0,160;0,125;0,162}
gen = 0013,avg = 383,680,best = 398,000,chrom = {0,422;0,338;0,705;0,758;0,642;0,949;0,450;0,617;0,408;0,115;0,098;0,133;0,583;0,268;0,118;0,413;0,539;0,809;0,791;0,030;0,055;0,160;0,125;0,162}
gen = 0014,avg = 385,707,best = 398,000,chrom = {0,422;0,338;0,705;0,758;0,642;0,949;0,450;0,617;0,408;0,115;0,098;0,133;0,583;0,268;0,118;0,413;0,539;0,809;0,791;0,030;0,055;0,160;0,125;0,162}
gen = 0015,avg = 387,453,best = 398,000,chrom = {0,422;0,338;0,705;0,758;0,642;0,949;0,450;0,617;0,408;0,115;0,098;0,133;0,583;0,268;0,118;0,413;0,539;0,809;0,791;0,030;0,055;0,160;0,125;0,162}
gen = 0016,avg = 389,680,best = 398,000,chrom = {0,422;0,338;0,705;0,758;0,642;0,949;0,450;0,617;0,408;0,115;0,098;0,133;0,583;0,268;0,118;0,413;0,539;0,809;0,791;0,030;0,055;0,160;0,125;0,162}
gen = 0017,avg = 391,867,best = 398,000,chrom = {0,422;0,338;0,705;0,758;0,642;0,949;0,450;0,617;0,408;0,115;0,098;0,133;0,583;0,268;0,118;0,413;0,539;0,809;0,791;0,030;0,055;0,160;0,125;0,162}
gen = 0018,avg = 397,867,best = 416,200,chrom = {0,422;0,338;0,705;0,758;0,642;0,949;0,662;0,617;0,935;0,115;0,098;0,133;0,583;0,268;0,351;0,413;0,539;0,809;0,791;0,030;0,055;0,160;0,125;0,162}
gen = 0019,avg = 401,147,best = 416,200,chrom = {0,422;0,338;0,705;0,758;0,642;0,949;0,662;0,617;0,935;0,115;0,098;0,133;0,583;0,268;0,351;0,413;0,539;0,809;0,791;0,030;0,055;0,160;0,125;0,162}
gen = 0020,avg = 403,333,best = 416,200,chrom = {0,422;0,338;0,705;0,758;0,642;0,949;0,662;0,617;0,935;0,115;0,098;0,133;0,583;0,268;0,351;0,413;0,539;0,809;0,791;0,030;0,055;0,160;0,125;0,162}
gen = 0021,avg = 404,907,best = 416,200,chrom = {0,422;0,338;0,705;0,758;0,642;0,949;0,662;0,617;0,935;0,115;0,098;0,133;0,583;0,268;0,351;0,413;0,539;0,809;0,791;0,030;0,055;0,160;0,125;0,162}
gen = 0022,avg = 406,253,best = 416,200,chrom = {0,422;0,338;0,705;0,758;0,642;0,949;0,662;0,617;0,935;0,115;0,098;0,133;0,583;0,268;0,351;0,413;0,539;0,809;0,791;0,030;0,055;0,160;0,125;0,162}
gen = 0023,avg = 407,467,best = 416,200,chrom = {0,422;0,338;0,705;0,758;0,642;0,949;0,662;0,617;0,935;0,115;0,098;0,133;0,583;0,268;0,351;0,413;0,539;0,809;0,791;0,030;0,055;0,160;0,125;0,162}
gen = 0024,avg = 410,920,best = 416,200,chrom = {0,422;0,338;0,705;0,758;0,642;0,949;0,662;0,617;0,935;0,115;0,098;0,133;0,583;0,268;0,351;0,413;0,539;0,809;0,791;0,030;0,055;0,160;0,125;0,162}
gen = 0025,avg = 412,040,best = 416,200,chrom = {0,422;0,338;0,705;0,758;0,642;0,949;0,662;0,617;0,935;0,115;0,098;0,133;0,583;0,268;0,351;0,413;0,539;0,809;0,791;0,030;0,055;0,160;0,125;0,162}
gen = 0026,avg = 415,333,best = 425,800,chrom = {0,422;0,338;0,705;0,758;0,642;0,949;0,662;0,617;0,935;0,115;0,098;0,133;0,583;0,268;0,351;0,413;0,539;0,809;0,791;0,030;0,055;0,160;0,125;0,162}
gen = 0027,avg = 417,453,best = 425,800,chrom = {0,422;0,338;0,705;0,758;0,642;0,949;0,662;0,617;0,935;0,115;0,098;0,133;0,583;0,268;0,351;0,413;0,539;0,809;0,791;0,030;0,055;0,160;0,125;0,162}
gen = 0028,avg = 418,533,best = 425,800,chrom = {0,422;0,338;0,705;0,758;0,642;0,949;0,662;0,617;0,935;0,115;0,098;0,133;0,583;0,268;0,351;0,413;0,539;0,809;0,791;0,030;0,055;0,160;0,125;0,162}
gen = 0029,avg = 420,013,best = 425,800,chrom = {0,422;0,338;0,705;0,758;0,642;0,949;0,662;0,617;0,935;0,115;0,098;0,133;0,583;0,268;0,351;0,413;0,539;0,809;0,791;0,030;0,055;0,160;0,125;0,162}
gen = 0030,avg = 420,653,best = 425,800,chrom = {0,422;0,338;0,705;0,758;0,642;0,949;0,662;0,617;0,935;0,115;0,098;0,133;0,583;0,268;0,351;0,413;0,539;0,809;0,791;0,030;0,055;0,160;0,125;0,162}
gen = 0031,avg = 421,293,best = 425,800,chrom = {0,422;0,338;0,705;0,758;0,642;0,949;0,662;0,617;0,935;0,115;0,098;0,133;0,583;0,268;0,351;0,413;0,539;0,809;0,791;0,030;0,055;0,160;0,125;0,162}
gen = 0032,avg = 421,933,best = 425,800,chrom = {0,422;0,338;0,705;0,758;0,642;0,949;0,662;0,617;0,935;0,115;0,098;0,133;0,583;0,268;0,351;0,413;0,539;0,809;0,791;0,030;0,055;0,160;0,125;0,162}
gen = 0033,avg = 422,573,best = 425,800,chrom = {0,422;0,338;0,705;0,758;0,642;0,949;0,662;0,617;0,935;0,115;0,098;0,133;0,583;0,268;0,351;0,413;0,539;0,809;0,791;0,030;0,055;0,160;0,125;0,162}
gen = 0034,avg = 423,427,best = 425,800,chrom = {0,422;0,338;0,705;0,758;0,642;0,949;0,662;0,617;0,935;0,115;0,098;0,133;0,583;0,268;0,351;0,413;0,539;0,809;0,791;0,030;0,055;0,160;0,125;0,162}
gen = 0035,avg = 424,067,best = 425,800,chrom = {0,422;0,338;0,705;0,758;0,642;0,949;0,662;0,617;0,935;0,115;0,098;0,133;0,583;0,268;0,351;0,413;0,539;0,809;0,791;0,030;0,055;0,160;0,125;0,162}
gen = 0036,avg = 424,880,best = 425,800,chrom = {0,422;0,338;0,705;0,758;0,642;0,949;0,662;0,617;0,935;0,115;0,098;0,133;0,583;0,268;0,351;0,413;0,539;0,809;0,791;0,030;0,055;0,160;0,125;0,162}
gen = 0037,avg = 425,333,best = 425,800,chrom = {0,422;0,338;0,705;0,758;0,642;0,949;0,662;0,617;0,935;0,115;0,098;0,133;0,583;0,268;0,351;0,413;0,539;0,809;0,791;0,030;0,055;0,160;0,125;0,162}
gen = 0038,avg = 425,773,best = 425,800,chrom = {0,422;0,338;0,705;0,758;0,642;0,949;0,662;0,617;0,935;0,115;0,098;0,133;0,583;0,268;0,351;0,413;0,539;0,809;0,791;0,030;0,055;0,160;0,125;0,162}
gen = 0039,avg = 425,800,best = 425,800,chrom = {0,422;0,338;0,705;0,758;0,642;0,949;0,662;0,617;0,935;0,115;0,098;0,133;0,583;0,268;0,351;0,413;0,539;0,809;0,791;0,030;0,055;0,160;0,125;0,162}
gen = 0040,avg = 425,800,best = 425,800,chrom = {0,422;0,338;0,705;0,758;0,642;0,949;0,662;0,617;0,935;0,115;0,098;0,133;0,583;0,268;0,351;0,413;0,539;0,809;0,791;0,030;0,055;0,160;0,125;0,162}
gen = 0041,avg = 425,800,best = 425,800,chrom = {0,422;0,338;0,705;0,758;0,642;0,949;0,662;0,617;0,935;0,115;0,098;0,133;0,583;0,268;0,351;0,413;0,539;0,809;0,791;0,030;0,055;0,160;0,125;0,162}
gen = 0042,avg = 425,800,best = 425,800,chrom = {0,422;0,338;0,705;0,758;0,642;0,949;0,662;0,617;0,935;0,115;0,098;0,133;0,583;0,268;0,351;0,413;0,539;0,809;0,791;0,030;0,055;0,160;0,125;0,162}
gen = 0043,avg = 425,800,best = 425,800,chrom = {0,422;0,338;0,705;0,758;0,642;0,949;0,662;0,617;0,935;0,115;0,098;0,133;0,583;0,268;0,351;0,413;0,539;0,809;0,791;0,030;0,055;0,160;0,125;0,162}
gen = 0044,avg = 425,800,best = 425,800,chrom = {0,422;0,338;0,705;0,758;0,642;0,949;0,662;0,617;0,935;0,115;0,098;0,133;0,583;0,268;0,351;0,413;0,539;0,809;0,791;0,030;0,055;0,160;0,125;0,162}
gen = 0045,avg = 425,800,best = 425,800,chrom = {0,422;0,338;0,705;0,758;0,642;0,949;0,662;0,617;0,935;0,115;0,098;0,133;0,583;0,268;0,351;0,413;0,539;0,809;0,791;0,030;0,055;0,160;0,125;0,162}
gen = 0046,avg = 425,800,best = 425,800,chrom = {0,422;0,338;0,705;0,758;0,642;0,949;0,662;0,617;0,935;0,115;0,098;0,133;0,583;0,268;0,351;0,413;0,539;0,809;0,791;0,030;0,055;0,160;0,125;0,162}
gen = 0047,avg = 426,467,best = 430,800,chrom = {0,422;0,338;0,705;0,758;0,642;0,949;0,662;0,617;0,935;0,115;0,098;0,133;0,583;0,268;0,351;0,413;0,517;0,809;0,791;0,030;0,055;0,160;0,125;0,133}
gen = 0048,avg = 426,800,best = 430,800,chrom = {0,422;0,338;0,705;0,758;0,642;0,949;0,662;0,617;0,935;0,115;0,098;0,133;0,583;0,268;0,351;0,413;0,517;0,809;0,791;0,030;0,055;0,160;0,125;0,133}
gen = 0049,avg = 427,133,best = 430,800,chrom = {0,422;0,338;0,705;0,758;0,642;0,949;0,662;0,617;0,935;0,115;0,098;0,133;0,583;0,268;0,351;0,413;0,517;0,809;0,791;0,030;0,055;0,160;0,125;0,133}
gen = 0050,avg = 427,467,best = 430,800,chrom = {0,422;0,338;0,705;0,758;0,642;0,949;0,662;0,617;0,935;0,115;0,098;0,133;0,583;0,268;0,351;0,413;0,517;0,809;0,791;0,030;0,055;0,160;0,125;0,133}
Execution Time = 1951,227ms;
