Current parameters
 - debug = true
 - runAutotest = false
 - runChromosome = false
 - runExperiment = true
 - chromosome = null
 - showSheets = false
 - saveRatMap = .
 - numberOfGenerations = 50
 - population = 15
 - numberOfProfiles = 2
 - numberOfInitialAgents = 15
 - numberOfCells = 10
 - numberOfFoodPieces = 10
 - numberOfDays = 1000
 - numberOfExecutions = 5
 - patterns = E:\2_trabajo\doctorado\made\2014\pattern_revenge.txt
 - baseDays = 500
 - baseEnergy = 5
 - baseSmell = 3
 - baseNutrition = 4
 - baseByte = 5
 - baseFur = 5
 - baseAgeToBeAdultFemale = 42
 - baseToBeAdultMale = 49
 - basePregnancyTime = 30
 - help = false
 - seed = 1384164933799

gen = -001,avg = 0,000,best = 0,000,chrom = {0,298;0,128;0,333;0,200;0,333;0,003;0,425;0,026;0,309;0,732;0,996;0,900;0,743;0,622;0,186;0,517;0,542;0,233;0,694;0,941;0,458;0,812;0,499;0,851}
gen = 0000,avg = 62,373,best = 295,200,chrom = {0,673;0,156;0,171;0,963;0,870;0,486;0,959;0,880;0,085;0,403;0,956;0,319;0,292;0,099;0,888;0,877;0,302;0,415;0,988;0,490;0,322;0,237;0,302;0,397}
gen = 0001,avg = 165,467,best = 295,200,chrom = {0,673;0,156;0,171;0,963;0,870;0,486;0,959;0,880;0,085;0,403;0,956;0,319;0,292;0,099;0,888;0,877;0,302;0,415;0,988;0,490;0,322;0,237;0,302;0,397}
gen = 0002,avg = 247,453,best = 295,200,chrom = {0,673;0,156;0,171;0,963;0,870;0,486;0,959;0,880;0,085;0,403;0,956;0,319;0,292;0,099;0,888;0,877;0,302;0,415;0,988;0,490;0,322;0,237;0,302;0,397}
gen = 0003,avg = 282,973,best = 295,200,chrom = {0,673;0,156;0,171;0,963;0,870;0,486;0,959;0,880;0,085;0,403;0,956;0,319;0,292;0,099;0,888;0,877;0,302;0,415;0,988;0,490;0,322;0,237;0,302;0,397}
gen = 0004,avg = 296,893,best = 313,000,chrom = {0,673;0,156;0,171;0,185;0,473;0,653;0,959;0,880;0,085;0,403;0,783;0,319;0,292;0,099;0,888;0,877;0,108;0,415;0,988;0,560;0,322;0,237;0,302;0,397}
gen = 0005,avg = 306,973,best = 340,200,chrom = {0,673;0,156;0,171;0,185;0,473;0,653;0,959;0,880;0,085;0,403;0,783;0,319;0,292;0,099;0,888;0,877;0,108;0,415;0,988;0,560;0,322;0,237;0,009;0,397}
gen = 0006,avg = 319,893,best = 340,200,chrom = {0,673;0,156;0,171;0,185;0,473;0,653;0,959;0,880;0,085;0,403;0,783;0,319;0,292;0,099;0,888;0,877;0,108;0,415;0,988;0,560;0,322;0,237;0,009;0,397}
gen = 0007,avg = 330,413,best = 340,200,chrom = {0,673;0,156;0,171;0,185;0,473;0,653;0,959;0,880;0,085;0,403;0,783;0,319;0,292;0,099;0,888;0,877;0,108;0,415;0,988;0,560;0,322;0,237;0,009;0,397}
gen = 0008,avg = 338,307,best = 352,800,chrom = {0,673;0,156;0,171;0,185;0,473;0,653;0,959;0,880;0,085;0,403;0,783;0,319;0,292;0,099;0,888;0,877;0,108;0,351;0,988;0,560;0,569;0,032;0,009;0,397}
gen = 0009,avg = 349,733,best = 392,800,chrom = {0,673;0,156;0,351;0,185;0,473;0,983;0,959;0,880;0,085;0,403;0,783;0,193;0,292;0,099;0,888;0,877;0,108;0,415;0,988;0,560;0,322;0,237;0,009;0,202}
gen = 0010,avg = 359,933,best = 392,800,chrom = {0,673;0,156;0,351;0,185;0,473;0,983;0,959;0,880;0,085;0,403;0,783;0,193;0,292;0,099;0,888;0,877;0,108;0,415;0,988;0,560;0,322;0,237;0,009;0,202}
gen = 0011,avg = 380,067,best = 404,600,chrom = {0,673;0,156;0,351;0,185;0,473;0,983;0,959;0,880;0,085;0,403;0,783;0,193;0,292;0,099;0,888;0,877;0,108;0,415;0,988;0,560;0,322;0,237;0,009;0,202}
gen = 0012,avg = 394,253,best = 412,000,chrom = {0,673;0,156;0,351;0,185;0,386;0,983;0,959;0,880;0,085;0,213;0,783;0,193;0,292;0,099;0,888;0,877;0,108;0,415;0,988;0,560;0,322;0,237;0,009;0,202}
gen = 0013,avg = 399,200,best = 412,000,chrom = {0,673;0,156;0,351;0,185;0,386;0,983;0,959;0,880;0,085;0,213;0,783;0,193;0,292;0,099;0,888;0,877;0,108;0,415;0,988;0,560;0,322;0,237;0,009;0,202}
gen = 0014,avg = 401,933,best = 412,000,chrom = {0,673;0,156;0,351;0,185;0,386;0,983;0,959;0,880;0,085;0,213;0,783;0,193;0,292;0,099;0,888;0,877;0,108;0,415;0,988;0,560;0,322;0,237;0,009;0,202}
gen = 0015,avg = 404,493,best = 412,000,chrom = {0,673;0,156;0,351;0,185;0,386;0,983;0,959;0,880;0,085;0,213;0,783;0,193;0,292;0,099;0,888;0,877;0,108;0,415;0,988;0,560;0,322;0,237;0,009;0,202}
gen = 0016,avg = 407,267,best = 412,000,chrom = {0,673;0,156;0,351;0,185;0,386;0,983;0,959;0,880;0,085;0,213;0,783;0,193;0,292;0,099;0,888;0,877;0,108;0,880;0,988;0,560;0,322;0,237;0,009;0,202}
gen = 0017,avg = 411,933,best = 421,000,chrom = {0,673;0,156;0,351;0,185;0,473;0,983;0,959;0,880;0,085;0,083;0,783;0,193;0,292;0,099;0,888;0,877;0,108;0,880;0,988;0,560;0,322;0,237;0,009;0,085}
gen = 0018,avg = 413,680,best = 421,000,chrom = {0,673;0,156;0,351;0,185;0,473;0,983;0,959;0,880;0,085;0,083;0,783;0,193;0,292;0,099;0,888;0,877;0,108;0,880;0,988;0,560;0,322;0,237;0,009;0,085}
gen = 0019,avg = 415,960,best = 421,000,chrom = {0,673;0,156;0,351;0,185;0,473;0,983;0,959;0,880;0,085;0,083;0,783;0,193;0,292;0,099;0,888;0,877;0,108;0,880;0,988;0,560;0,322;0,237;0,009;0,085}
gen = 0020,avg = 420,333,best = 428,800,chrom = {0,673;0,156;0,351;0,185;0,473;0,983;0,959;0,880;0,085;0,083;0,783;0,193;0,650;0,099;0,888;0,877;0,108;0,880;0,988;0,560;0,322;0,237;0,009;0,085}
gen = 0021,avg = 426,253,best = 435,800,chrom = {0,673;0,156;0,351;0,185;0,473;0,983;0,959;0,880;0,085;0,083;0,783;0,193;0,292;0,099;0,888;0,877;0,108;0,880;0,988;0,560;0,322;0,237;0,009;0,085}
gen = 0022,avg = 428,947,best = 435,800,chrom = {0,673;0,156;0,351;0,185;0,473;0,983;0,959;0,880;0,085;0,083;0,783;0,193;0,292;0,099;0,888;0,877;0,108;0,880;0,988;0,560;0,322;0,237;0,009;0,085}
gen = 0023,avg = 431,427,best = 435,800,chrom = {0,673;0,156;0,351;0,185;0,473;0,983;0,959;0,880;0,085;0,083;0,783;0,193;0,292;0,099;0,888;0,877;0,108;0,880;0,988;0,560;0,322;0,237;0,009;0,085}
gen = 0024,avg = 432,427,best = 435,800,chrom = {0,673;0,156;0,351;0,185;0,473;0,983;0,959;0,880;0,085;0,083;0,783;0,193;0,292;0,099;0,888;0,877;0,108;0,880;0,988;0,560;0,322;0,237;0,009;0,085}
gen = 0025,avg = 433,760,best = 437,600,chrom = {0,673;0,156;0,347;0,185;0,226;0,983;0,959;0,073;0,085;0,083;0,783;0,193;0,650;0,099;0,888;0,877;0,108;0,880;0,988;0,560;0,322;0,128;0,009;0,085}
gen = 0026,avg = 434,987,best = 437,600,chrom = {0,673;0,156;0,347;0,185;0,226;0,983;0,959;0,073;0,085;0,083;0,783;0,193;0,650;0,099;0,888;0,877;0,108;0,880;0,988;0,560;0,322;0,128;0,009;0,085}
gen = 0027,avg = 438,080,best = 453,600,chrom = {0,673;0,156;0,351;0,185;0,473;0,983;0,959;0,880;0,085;0,083;0,783;0,193;0,650;0,099;0,888;0,877;0,108;0,880;0,988;0,560;0,322;0,128;0,009;0,085}
gen = 0028,avg = 442,400,best = 458,800,chrom = {0,673;0,156;0,351;0,185;0,473;0,983;0,959;0,880;0,085;0,083;0,783;0,193;0,292;0,099;0,888;0,877;0,108;0,880;0,988;0,560;0,322;0,128;0,009;0,085}
gen = 0029,avg = 447,707,best = 465,000,chrom = {0,673;0,156;0,351;0,185;0,600;0,983;0,959;0,880;0,085;0,083;0,783;0,103;0,650;0,099;0,888;0,877;0,108;0,880;0,988;0,560;0,322;0,128;0,009;0,085}
gen = 0030,avg = 451,613,best = 465,000,chrom = {0,673;0,156;0,351;0,185;0,600;0,983;0,959;0,880;0,085;0,083;0,783;0,103;0,650;0,099;0,888;0,877;0,108;0,880;0,988;0,560;0,322;0,128;0,009;0,085}
gen = 0031,avg = 455,960,best = 465,000,chrom = {0,673;0,156;0,351;0,185;0,600;0,983;0,959;0,880;0,085;0,083;0,783;0,103;0,650;0,099;0,888;0,877;0,108;0,880;0,988;0,560;0,322;0,128;0,009;0,085}
gen = 0032,avg = 458,373,best = 465,000,chrom = {0,673;0,156;0,351;0,185;0,600;0,983;0,959;0,880;0,085;0,083;0,783;0,103;0,650;0,099;0,888;0,877;0,108;0,880;0,988;0,560;0,322;0,128;0,009;0,085}
gen = 0033,avg = 459,907,best = 465,000,chrom = {0,673;0,156;0,351;0,185;0,600;0,983;0,959;0,880;0,085;0,083;0,783;0,103;0,650;0,099;0,888;0,877;0,108;0,880;0,988;0,560;0,322;0,128;0,009;0,085}
gen = 0034,avg = 461,893,best = 465,000,chrom = {0,673;0,156;0,351;0,185;0,600;0,983;0,959;0,880;0,085;0,083;0,783;0,103;0,650;0,099;0,888;0,877;0,108;0,880;0,988;0,560;0,322;0,128;0,009;0,085}
gen = 0035,avg = 464,027,best = 468,400,chrom = {0,673;0,156;0,351;0,185;0,600;0,983;0,959;0,880;0,085;0,083;0,783;0,103;0,650;0,099;0,888;0,877;0,108;0,880;0,988;0,560;0,322;0,128;0,009;0,085}
gen = 0036,avg = 464,667,best = 468,400,chrom = {0,673;0,156;0,351;0,185;0,600;0,983;0,959;0,880;0,085;0,083;0,783;0,103;0,650;0,099;0,888;0,877;0,108;0,880;0,988;0,560;0,322;0,128;0,009;0,085}
gen = 0037,avg = 465,240,best = 468,400,chrom = {0,673;0,156;0,351;0,185;0,600;0,983;0,959;0,880;0,085;0,083;0,783;0,103;0,650;0,099;0,888;0,877;0,108;0,880;0,988;0,560;0,322;0,128;0,009;0,085}
gen = 0038,avg = 469,267,best = 485,400,chrom = {0,673;0,156;0,351;0,185;0,600;0,983;0,959;0,880;0,085;0,083;0,783;0,103;0,650;0,099;0,888;0,877;0,108;0,880;0,988;0,560;0,322;0,128;0,009;0,085}
gen = 0039,avg = 470,627,best = 485,400,chrom = {0,673;0,156;0,351;0,185;0,600;0,983;0,959;0,880;0,085;0,083;0,783;0,103;0,650;0,099;0,888;0,877;0,108;0,880;0,988;0,560;0,322;0,128;0,009;0,085}
gen = 0040,avg = 471,987,best = 485,400,chrom = {0,673;0,156;0,351;0,185;0,600;0,983;0,959;0,880;0,085;0,083;0,783;0,103;0,650;0,099;0,888;0,877;0,108;0,880;0,988;0,560;0,322;0,128;0,009;0,085}
gen = 0041,avg = 473,347,best = 485,400,chrom = {0,673;0,156;0,351;0,185;0,600;0,983;0,959;0,880;0,085;0,083;0,783;0,103;0,650;0,099;0,888;0,877;0,108;0,880;0,988;0,560;0,322;0,128;0,009;0,085}
gen = 0042,avg = 474,707,best = 485,400,chrom = {0,673;0,156;0,351;0,185;0,600;0,983;0,959;0,880;0,085;0,083;0,783;0,103;0,650;0,099;0,888;0,877;0,108;0,880;0,988;0,560;0,322;0,128;0,009;0,085}
gen = 0043,avg = 476,067,best = 485,400,chrom = {0,673;0,156;0,351;0,185;0,600;0,983;0,959;0,880;0,085;0,083;0,783;0,103;0,650;0,099;0,888;0,877;0,108;0,880;0,988;0,560;0,322;0,128;0,009;0,085}
gen = 0044,avg = 477,427,best = 485,400,chrom = {0,673;0,156;0,351;0,185;0,600;0,983;0,959;0,880;0,085;0,083;0,783;0,103;0,650;0,099;0,888;0,877;0,108;0,880;0,988;0,560;0,322;0,128;0,009;0,085}
gen = 0045,avg = 478,787,best = 485,400,chrom = {0,673;0,156;0,351;0,185;0,600;0,983;0,959;0,880;0,085;0,083;0,783;0,103;0,650;0,099;0,888;0,877;0,108;0,880;0,988;0,560;0,322;0,128;0,009;0,085}
gen = 0046,avg = 480,160,best = 485,400,chrom = {0,673;0,156;0,351;0,185;0,600;0,983;0,959;0,880;0,085;0,083;0,783;0,103;0,650;0,099;0,888;0,877;0,108;0,880;0,988;0,560;0,322;0,128;0,009;0,085}
gen = 0047,avg = 481,293,best = 485,400,chrom = {0,673;0,156;0,351;0,185;0,600;0,983;0,959;0,880;0,085;0,083;0,783;0,103;0,650;0,099;0,888;0,877;0,108;0,880;0,988;0,560;0,322;0,128;0,009;0,085}
gen = 0048,avg = 482,427,best = 485,400,chrom = {0,673;0,156;0,351;0,185;0,600;0,983;0,959;0,880;0,085;0,083;0,783;0,103;0,650;0,099;0,888;0,877;0,108;0,880;0,988;0,560;0,322;0,128;0,009;0,085}
gen = 0049,avg = 483,520,best = 485,400,chrom = {0,673;0,156;0,351;0,185;0,600;0,983;0,959;0,880;0,085;0,083;0,783;0,103;0,650;0,099;0,888;0,877;0,108;0,880;0,988;0,560;0,322;0,128;0,009;0,085}
gen = 0050,avg = 484,507,best = 485,400,chrom = {0,673;0,156;0,351;0,185;0,600;0,983;0,959;0,880;0,085;0,083;0,783;0,103;0,650;0,099;0,888;0,877;0,108;0,880;0,988;0,560;0,322;0,128;0,009;0,085}
Execution Time = 2151,056ms;
