Current parameters
 - debug = true
 - runAutotest = false
 - runChromosome = false
 - runExperiment = true
 - chromosome = null
 - showSheets = false
 - saveRatMap = .
 - numberOfGenerations = 50
 - population = 15
 - numberOfProfiles = 2
 - numberOfInitialAgents = 15
 - numberOfCells = 10
 - numberOfFoodPieces = 10
 - numberOfDays = 1000
 - numberOfExecutions = 5
 - patterns = E:\2_trabajo\doctorado\made\2014\pattern_revenge.txt
 - baseDays = 500
 - baseEnergy = 5
 - baseSmell = 3
 - baseNutrition = 4
 - baseByte = 5
 - baseFur = 5
 - baseAgeToBeAdultFemale = 42
 - baseToBeAdultMale = 49
 - basePregnancyTime = 30
 - help = false
 - seed = 1384142764465

gen = -001,avg = 0,000,best = 0,000,chrom = {0,098;0,611;0,714;0,955;0,817;0,861;0,313;0,125;0,863;0,979;0,545;0,442;0,528;0,461;0,254;0,483;0,818;0,599;0,429;0,445;0,202;0,291;0,841;0,657}
gen = 0000,avg = 5,427,best = 81,400,chrom = {0,680;0,382;0,979;0,986;0,132;0,104;0,928;0,571;0,911;0,826;0,100;0,802;0,709;0,827;0,884;0,276;0,324;0,114;0,307;0,266;0,089;0,307;0,465;0,820}
gen = 0001,avg = 16,253,best = 81,400,chrom = {0,680;0,382;0,979;0,986;0,132;0,104;0,928;0,571;0,911;0,826;0,100;0,802;0,709;0,827;0,884;0,276;0,324;0,114;0,307;0,266;0,089;0,307;0,465;0,820}
gen = 0002,avg = 41,227,best = 87,800,chrom = {0,680;0,382;0,979;0,753;0,132;0,104;0,928;0,571;0,911;0,826;0,322;0,802;0,709;0,070;0,884;0,276;0,324;0,114;0,307;0,266;0,089;0,307;0,465;0,820}
gen = 0003,avg = 91,987,best = 150,800,chrom = {0,680;0,382;0,979;0,986;0,132;0,104;0,478;0,571;0,911;0,826;0,100;0,802;0,717;0,461;0,254;0,217;0,818;0,599;0,745;0,445;0,202;0,291;0,162;0,657}
gen = 0004,avg = 116,067,best = 150,800,chrom = {0,680;0,382;0,979;0,986;0,132;0,104;0,478;0,571;0,911;0,826;0,100;0,802;0,717;0,461;0,254;0,217;0,818;0,599;0,745;0,445;0,202;0,291;0,162;0,657}
gen = 0005,avg = 159,093,best = 200,000,chrom = {0,816;0,094;0,773;0,122;0,960;0,737;0,489;0,085;0,066;0,335;0,545;0,442;0,528;0,377;0,254;0,483;0,818;0,599;0,472;0,711;0,202;0,291;0,841;0,657}
gen = 0006,avg = 181,840,best = 223,200,chrom = {0,680;0,382;0,979;0,437;0,132;0,197;0,478;0,571;0,911;0,826;0,100;0,802;0,717;0,128;0,254;0,217;0,818;0,599;0,745;0,445;0,202;0,454;0,162;0,284}
gen = 0007,avg = 209,160,best = 256,600,chrom = {0,602;0,094;0,773;0,122;0,045;0,523;0,489;0,085;0,066;0,979;0,100;0,802;0,914;0,461;0,903;0,217;0,818;0,744;0,745;0,445;0,202;0,291;0,162;0,321}
gen = 0008,avg = 229,120,best = 256,600,chrom = {0,602;0,094;0,773;0,122;0,045;0,523;0,489;0,085;0,066;0,979;0,100;0,802;0,914;0,461;0,903;0,217;0,818;0,744;0,745;0,445;0,202;0,291;0,162;0,321}
gen = 0009,avg = 243,253,best = 256,600,chrom = {0,602;0,094;0,773;0,122;0,045;0,523;0,489;0,085;0,066;0,979;0,100;0,802;0,914;0,461;0,903;0,217;0,818;0,744;0,745;0,445;0,202;0,291;0,162;0,321}
gen = 0010,avg = 265,600,best = 303,600,chrom = {0,680;0,382;0,979;0,753;0,132;0,104;0,928;0,571;0,911;0,826;0,100;0,802;0,914;0,461;0,903;0,217;0,818;0,744;0,745;0,445;0,202;0,291;0,162;0,121}
gen = 0011,avg = 279,280,best = 303,600,chrom = {0,680;0,382;0,979;0,753;0,132;0,104;0,928;0,571;0,911;0,826;0,100;0,802;0,914;0,461;0,903;0,217;0,818;0,744;0,745;0,445;0,202;0,291;0,162;0,121}
gen = 0012,avg = 299,333,best = 321,400,chrom = {0,827;0,382;0,979;0,753;0,132;0,104;0,928;0,974;0,911;0,826;0,700;0,802;0,914;0,461;0,903;0,217;0,554;0,744;0,745;0,445;0,830;0,291;0,162;0,121}
gen = 0013,avg = 319,987,best = 336,600,chrom = {0,680;0,073;0,979;0,437;0,132;0,197;0,478;0,571;0,066;0,979;0,713;0,802;0,914;0,461;0,903;0,217;0,818;0,744;0,745;0,112;0,202;0,291;0,100;0,121}
gen = 0014,avg = 336,120,best = 360,800,chrom = {0,680;0,073;0,979;0,437;0,132;0,197;0,478;0,571;0,066;0,979;0,713;0,802;0,914;0,461;0,903;0,217;0,818;0,744;0,745;0,112;0,202;0,291;0,100;0,121}
gen = 0015,avg = 346,013,best = 360,800,chrom = {0,680;0,073;0,979;0,437;0,132;0,197;0,478;0,571;0,066;0,979;0,713;0,802;0,914;0,461;0,903;0,217;0,818;0,744;0,745;0,112;0,202;0,291;0,100;0,121}
gen = 0016,avg = 350,573,best = 360,800,chrom = {0,680;0,073;0,979;0,437;0,132;0,197;0,478;0,571;0,066;0,979;0,713;0,802;0,914;0,461;0,903;0,217;0,818;0,744;0,745;0,112;0,202;0,291;0,100;0,121}
gen = 0017,avg = 359,333,best = 379,600,chrom = {0,680;0,073;0,979;0,200;0,132;0,279;0,478;0,571;0,066;0,979;0,897;0,802;0,914;0,461;0,903;0,217;0,579;0,596;0,745;0,112;0,798;0,088;0,100;0,121}
gen = 0018,avg = 364,520,best = 379,600,chrom = {0,680;0,073;0,979;0,200;0,132;0,279;0,478;0,571;0,066;0,979;0,897;0,802;0,914;0,461;0,903;0,217;0,579;0,596;0,745;0,112;0,798;0,088;0,100;0,121}
gen = 0019,avg = 371,107,best = 379,600,chrom = {0,680;0,073;0,979;0,200;0,132;0,279;0,478;0,571;0,066;0,979;0,897;0,802;0,914;0,461;0,903;0,217;0,579;0,596;0,745;0,112;0,798;0,088;0,100;0,121}
gen = 0020,avg = 373,627,best = 379,600,chrom = {0,680;0,073;0,979;0,200;0,132;0,279;0,478;0,571;0,066;0,979;0,897;0,802;0,914;0,461;0,903;0,217;0,579;0,596;0,745;0,112;0,798;0,088;0,100;0,121}
gen = 0021,avg = 380,013,best = 393,000,chrom = {0,680;0,495;0,530;0,200;0,132;0,279;0,478;0,571;0,066;0,979;0,897;0,802;0,914;0,461;0,903;0,217;0,579;0,596;0,745;0,112;0,798;0,088;0,100;0,121}
gen = 0022,avg = 382,640,best = 393,000,chrom = {0,680;0,495;0,530;0,200;0,132;0,279;0,478;0,571;0,066;0,979;0,897;0,802;0,914;0,461;0,903;0,217;0,579;0,596;0,745;0,112;0,798;0,088;0,100;0,121}
gen = 0023,avg = 387,640,best = 397,000,chrom = {0,680;0,495;0,530;0,200;0,132;0,279;0,478;0,571;0,066;0,979;0,897;0,330;0,914;0,461;0,903;0,217;0,579;0,596;0,745;0,112;0,798;0,088;0,100;0,121}
gen = 0024,avg = 390,173,best = 397,000,chrom = {0,680;0,495;0,530;0,200;0,132;0,279;0,478;0,571;0,066;0,979;0,897;0,330;0,914;0,461;0,903;0,217;0,579;0,596;0,745;0,112;0,798;0,088;0,100;0,121}
gen = 0025,avg = 393,480,best = 398,800,chrom = {0,680;0,495;0,530;0,200;0,132;0,197;0,938;0,571;0,066;0,979;0,897;0,330;0,914;0,461;0,903;0,217;0,579;0,596;0,745;0,112;0,798;0,088;0,100;0,121}
gen = 0026,avg = 397,480,best = 409,400,chrom = {0,680;0,495;0,530;0,200;0,132;0,197;0,938;0,571;0,066;0,979;0,897;0,330;0,914;0,461;0,903;0,217;0,579;0,596;0,745;0,112;0,798;0,088;0,100;0,121}
gen = 0027,avg = 405,280,best = 427,000,chrom = {0,680;0,495;0,530;0,200;0,132;0,197;0,938;0,571;0,066;0,979;0,897;0,330;0,914;0,461;0,903;0,217;0,579;0,596;0,745;0,112;0,798;0,088;0,100;0,121}
gen = 0028,avg = 408,640,best = 427,000,chrom = {0,680;0,495;0,530;0,200;0,132;0,197;0,938;0,571;0,066;0,979;0,897;0,330;0,914;0,461;0,903;0,217;0,579;0,596;0,745;0,112;0,798;0,088;0,100;0,121}
gen = 0029,avg = 414,787,best = 427,000,chrom = {0,680;0,495;0,530;0,200;0,132;0,197;0,938;0,571;0,066;0,979;0,897;0,330;0,914;0,461;0,903;0,217;0,579;0,596;0,745;0,112;0,798;0,088;0,100;0,121}
gen = 0030,avg = 417,867,best = 427,000,chrom = {0,680;0,495;0,530;0,200;0,132;0,197;0,938;0,571;0,066;0,979;0,897;0,330;0,914;0,461;0,903;0,217;0,579;0,596;0,745;0,112;0,798;0,088;0,100;0,121}
gen = 0031,avg = 421,440,best = 433,200,chrom = {0,680;0,495;0,530;0,200;0,132;0,197;0,938;0,571;0,066;0,979;0,897;0,135;0,914;0,461;0,903;0,217;0,579;0,759;0,745;0,112;0,798;0,088;0,100;0,121}
gen = 0032,avg = 429,227,best = 446,000,chrom = {0,680;0,495;0,530;0,200;0,132;0,197;0,938;0,571;0,066;0,979;0,897;0,330;0,914;0,500;0,903;0,217;0,579;0,939;0,745;0,112;0,798;0,088;0,100;0,121}
gen = 0033,avg = 433,080,best = 446,000,chrom = {0,680;0,495;0,530;0,200;0,132;0,197;0,938;0,571;0,066;0,979;0,897;0,330;0,914;0,500;0,903;0,217;0,579;0,939;0,745;0,112;0,798;0,088;0,100;0,121}
gen = 0034,avg = 436,933,best = 446,000,chrom = {0,680;0,495;0,530;0,200;0,132;0,197;0,938;0,571;0,066;0,979;0,897;0,330;0,914;0,500;0,903;0,217;0,579;0,939;0,745;0,112;0,798;0,088;0,100;0,121}
gen = 0035,avg = 440,387,best = 446,000,chrom = {0,680;0,495;0,530;0,200;0,132;0,197;0,938;0,571;0,066;0,979;0,897;0,330;0,914;0,500;0,903;0,217;0,579;0,939;0,745;0,112;0,798;0,088;0,100;0,121}
gen = 0036,avg = 443,920,best = 446,400,chrom = {0,680;0,495;0,530;0,200;0,132;0,197;0,938;0,571;0,066;0,979;0,897;0,330;0,914;0,500;0,903;0,217;0,579;0,939;0,745;0,112;0,798;0,088;0,100;0,121}
gen = 0037,avg = 444,520,best = 446,400,chrom = {0,680;0,495;0,530;0,200;0,132;0,197;0,938;0,571;0,066;0,979;0,897;0,330;0,914;0,500;0,903;0,217;0,579;0,939;0,745;0,112;0,798;0,088;0,100;0,121}
gen = 0038,avg = 445,320,best = 446,400,chrom = {0,680;0,495;0,530;0,200;0,132;0,197;0,938;0,571;0,066;0,979;0,897;0,330;0,914;0,500;0,903;0,217;0,579;0,939;0,745;0,112;0,798;0,088;0,100;0,121}
gen = 0039,avg = 447,840,best = 460,800,chrom = {0,680;0,495;0,530;0,200;0,132;0,197;0,938;0,571;0,066;0,979;0,897;0,135;0,914;0,461;0,903;0,217;0,579;0,759;0,745;0,112;0,181;0,088;0,100;0,121}
gen = 0040,avg = 449,227,best = 460,800,chrom = {0,680;0,495;0,530;0,200;0,132;0,197;0,938;0,571;0,066;0,979;0,897;0,135;0,914;0,461;0,903;0,217;0,579;0,759;0,745;0,112;0,181;0,088;0,100;0,121}
gen = 0041,avg = 450,227,best = 460,800,chrom = {0,680;0,495;0,530;0,200;0,132;0,197;0,938;0,571;0,066;0,979;0,897;0,135;0,914;0,461;0,903;0,217;0,579;0,759;0,745;0,112;0,181;0,088;0,100;0,121}
gen = 0042,avg = 451,213,best = 460,800,chrom = {0,680;0,495;0,530;0,200;0,132;0,197;0,938;0,571;0,066;0,979;0,897;0,135;0,914;0,461;0,903;0,217;0,579;0,759;0,745;0,112;0,181;0,088;0,100;0,121}
gen = 0043,avg = 452,307,best = 460,800,chrom = {0,680;0,495;0,530;0,200;0,132;0,197;0,938;0,571;0,066;0,979;0,897;0,135;0,914;0,461;0,903;0,217;0,579;0,759;0,745;0,112;0,181;0,088;0,100;0,121}
gen = 0044,avg = 453,320,best = 460,800,chrom = {0,680;0,495;0,530;0,200;0,132;0,197;0,938;0,571;0,066;0,979;0,897;0,135;0,914;0,461;0,903;0,217;0,579;0,759;0,745;0,112;0,181;0,088;0,100;0,121}
gen = 0045,avg = 454,293,best = 460,800,chrom = {0,680;0,495;0,530;0,200;0,132;0,197;0,938;0,571;0,066;0,979;0,897;0,135;0,914;0,461;0,903;0,217;0,579;0,759;0,745;0,112;0,181;0,088;0,100;0,121}
gen = 0046,avg = 455,253,best = 460,800,chrom = {0,680;0,495;0,530;0,200;0,132;0,197;0,938;0,571;0,066;0,979;0,897;0,135;0,914;0,461;0,903;0,217;0,579;0,759;0,745;0,112;0,181;0,088;0,100;0,121}
gen = 0047,avg = 456,773,best = 460,800,chrom = {0,680;0,495;0,530;0,200;0,132;0,197;0,938;0,571;0,066;0,979;0,897;0,135;0,914;0,461;0,903;0,217;0,579;0,759;0,745;0,112;0,181;0,088;0,100;0,121}
gen = 0048,avg = 459,187,best = 460,800,chrom = {0,680;0,495;0,530;0,200;0,132;0,197;0,938;0,571;0,066;0,979;0,897;0,135;0,914;0,461;0,903;0,217;0,579;0,759;0,745;0,112;0,181;0,088;0,100;0,121}
gen = 0049,avg = 460,307,best = 460,800,chrom = {0,680;0,495;0,530;0,200;0,132;0,197;0,938;0,571;0,066;0,979;0,897;0,135;0,914;0,461;0,903;0,217;0,579;0,759;0,745;0,112;0,181;0,088;0,100;0,121}
gen = 0050,avg = 460,560,best = 460,800,chrom = {0,680;0,495;0,530;0,200;0,132;0,197;0,938;0,571;0,066;0,979;0,897;0,135;0,914;0,461;0,903;0,217;0,579;0,759;0,745;0,112;0,181;0,088;0,100;0,121}
Execution Time = 1929,883ms;
