0,0,-1,1001,11
0,1,0,76,11
0,2,2,1001,11
0,3,3,50,11
0,4,0,63,11
0,5,5,1001,11
0,6,0,94,11
0,7,7,93,11
0,8,8,1001,11
0,9,9,116,11
0,10,10,1001,11
0,11,0,1001,11
0,12,0,140,11
0,13,13,214,11
0,14,14,190,11
0,15,0,69,11
0,16,16,1001,11
0,17,17,93,11
0,18,18,1001,11
0,19,19,503,11
0,20,20,1001,11
0,0,-1,1001,76
0,1,1,158,76
0,2,0,1001,76
0,3,3,113,76
0,4,4,229,76
0,5,5,1001,76
0,6,0,83,76
0,7,7,126,76
0,8,0,1001,76
0,9,9,204,76
0,10,10,1001,76
0,11,11,464,76
0,12,0,173,76
0,13,13,303,76
0,14,14,1001,76
0,15,0,110,76
0,16,0,1001,76
0,17,17,121,76
0,18,0,1001,76
0,19,19,596,76
0,20,0,1001,76
0,0,-1,1001,69
0,1,1,187,69
0,2,0,1001,69
0,3,3,270,69
0,4,0,147,69
0,5,5,1001,69
0,6,0,95,69
0,7,7,79,69
0,8,8,1001,69
0,9,0,1001,69
0,10,10,1001,69
0,11,11,525,69
0,12,0,719,69
0,13,13,193,69
0,14,14,132,69
0,15,15,1001,69
0,16,0,83,69
0,17,17,178,69
0,18,18,1001,69
0,19,0,1001,69
0,20,20,1001,69
0,0,-1,1001,7
0,1,0,91,7
0,2,2,1001,7
0,3,3,241,7
0,4,4,139,7
0,5,5,1001,7
0,6,6,209,7
0,7,7,60,7
0,8,8,164,7
0,9,9,77,7
0,10,10,1001,7
0,11,11,383,7
0,12,0,134,7
0,13,13,168,7
0,14,14,1001,7
0,15,15,172,7
0,16,0,1001,7
0,17,17,92,7
0,18,18,1001,7
0,19,19,349,7
0,20,20,242,7
0,0,-1,1001,26
0,1,1,52,26
0,2,2,1001,26
0,3,3,35,26
0,4,4,45,26
0,5,5,1001,26
0,6,0,1001,26
0,7,-1,1001,26
0,8,8,49,26
0,9,0,44,26
0,10,10,1001,26
0,11,0,63,26
0,12,-1,1001,26
0,13,13,74,26
0,14,14,54,26
0,15,0,69,26
0,16,16,1001,26
0,17,17,73,26
0,18,18,1001,26
0,19,-1,1001,26
0,20,20,42,26
1,0,0,76,11
1,1,-1,1001,11
1,2,2,1001,11
1,3,3,233,11
1,4,-1,1001,11
1,5,5,1001,11
1,6,-1,1001,11
1,7,1,136,11
1,8,8,1001,11
1,9,-1,1001,11
1,10,1,171,11
1,11,-1,1001,11
1,12,1,61,11
1,13,13,64,11
1,14,14,1001,11
1,15,15,1001,11
1,16,16,1001,11
1,17,-1,1001,11
1,18,18,1001,11
1,19,1,58,11
1,20,20,1001,11
1,0,0,103,76
1,1,-1,1001,76
1,2,2,1001,76
1,3,1,74,76
1,4,-1,1001,76
1,5,5,1001,76
1,6,-1,1001,76
1,7,-1,1001,76
1,8,8,1001,76
1,9,-1,1001,76
1,10,10,1001,76
1,11,-1,1001,76
1,12,1,65,76
1,13,13,343,76
1,14,14,1001,76
1,15,1,233,76
1,16,16,1001,76
1,17,-1,1001,76
1,18,18,1001,76
1,19,1,62,76
1,20,20,1001,76
1,0,0,82,69
1,1,-1,1001,69
1,2,2,1001,69
1,3,3,254,69
1,4,-1,1001,69
1,5,5,1001,69
1,6,-1,1001,69
1,7,1,145,69
1,8,8,1001,69
1,9,-1,1001,69
1,10,1,345,69
1,11,-1,1001,69
1,12,1,75,69
1,13,13,99,69
1,14,14,72,69
1,15,15,1001,69
1,16,16,1001,69
1,17,-1,1001,69
1,18,18,1001,69
1,19,1,69,69
1,20,20,1001,69
1,0,1,143,7
1,1,-1,1001,7
1,2,2,1001,7
1,3,1,66,7
1,4,-1,1001,7
1,5,5,1001,7
1,6,-1,1001,7
1,7,-1,1001,7
1,8,8,1001,7
1,9,-1,1001,7
1,10,10,96,7
1,11,-1,1001,7
1,12,1,61,7
1,13,13,123,7
1,14,14,1001,7
1,15,15,1001,7
1,16,16,1001,7
1,17,-1,1001,7
1,18,18,1001,7
1,19,1,58,7
1,20,20,1001,7
1,0,1,49,26
1,1,-1,1001,26
1,2,2,1001,26
1,3,3,207,26
1,4,-1,1001,26
1,5,1,49,26
1,6,-1,1001,26
1,7,-1,1001,26
1,8,8,39,26
1,9,-1,1001,26
1,10,10,104,26
1,11,1,56,26
1,12,-1,1001,26
1,13,13,34,26
1,14,14,50,26
1,15,1,66,26
1,16,16,1001,26
1,17,-1,1001,26
1,18,18,1001,26
1,19,-1,1001,26
1,20,20,1001,26
2,0,2,1001,11
2,1,2,1001,11
2,2,-1,1001,11
2,3,2,1001,11
2,4,2,1001,11
2,5,5,1001,11
2,6,2,1001,11
2,7,2,1001,11
2,8,-1,1001,11
2,9,2,1001,11
2,10,10,43,11
2,11,11,43,11
2,12,12,205,11
2,13,-1,1001,11
2,14,-1,1001,11
2,15,2,1001,11
2,16,-1,1001,11
2,17,17,43,11
2,18,-1,1001,11
2,19,2,1001,11
2,20,2,1001,11
2,0,0,1001,76
2,1,2,1001,76
2,2,-1,1001,76
2,3,2,1001,76
2,4,2,1001,76
2,5,5,1001,76
2,6,2,1001,76
2,7,7,733,76
2,8,-1,1001,76
2,9,2,1001,76
2,10,10,47,76
2,11,11,47,76
2,12,12,191,76
2,13,-1,1001,76
2,14,-1,1001,76
2,15,2,1001,76
2,16,-1,1001,76
2,17,17,47,76
2,18,-1,1001,76
2,19,19,134,76
2,20,2,1001,76
2,0,2,1001,69
2,1,2,1001,69
2,2,-1,1001,69
2,3,2,1001,69
2,4,2,1001,69
2,5,2,83,69
2,6,2,1001,69
2,7,2,1001,69
2,8,-1,1001,69
2,9,2,1001,69
2,10,10,57,69
2,11,11,57,69
2,12,12,257,69
2,13,-1,1001,69
2,14,-1,1001,69
2,15,2,76,69
2,16,-1,1001,69
2,17,17,57,69
2,18,-1,1001,69
2,19,2,1001,69
2,20,2,1001,69
2,0,2,1001,7
2,1,2,1001,7
2,2,-1,1001,7
2,3,3,99,7
2,4,2,1001,7
2,5,5,1001,7
2,6,2,1001,7
2,7,7,1001,7
2,8,-1,1001,7
2,9,2,1001,7
2,10,10,1001,7
2,11,11,43,7
2,12,12,205,7
2,13,-1,1001,7
2,14,-1,1001,7
2,15,15,95,7
2,16,-1,1001,7
2,17,17,43,7
2,18,-1,1001,7
2,19,2,1001,7
2,20,2,1001,7
2,0,2,1001,26
2,1,2,1001,26
2,2,-1,1001,26
2,3,2,66,26
2,4,2,1001,26
2,5,2,13,26
2,6,2,43,26
2,7,2,56,26
2,8,-1,1001,26
2,9,2,1001,26
2,10,10,23,26
2,11,2,1001,26
2,12,-1,1001,26
2,13,-1,1001,26
2,14,-1,1001,26
2,15,2,1001,26
2,16,-1,1001,26
2,17,17,17,26
2,18,-1,1001,26
2,19,2,1001,26
2,20,2,1001,26
3,0,3,54,11
3,1,3,245,11
3,2,2,1001,11
3,3,-1,1001,11
3,4,4,187,11
3,5,5,1001,11
3,6,3,260,11
3,7,3,253,11
3,8,8,1001,11
3,9,3,251,11
3,10,10,1001,11
3,11,3,330,11
3,12,3,43,11
3,13,13,166,11
3,14,14,1001,11
3,15,3,96,11
3,16,3,86,11
3,17,17,521,11
3,18,18,1001,11
3,19,19,211,11
3,20,20,1001,11
3,0,3,101,76
3,1,1,168,76
3,2,3,133,76
3,3,3,303,76
3,4,3,250,76
3,5,5,1001,76
3,6,6,398,76
3,7,3,242,76
3,8,3,134,76
3,9,3,232,76
3,10,10,1001,76
3,11,3,302,76
3,12,3,47,76
3,13,3,134,76
3,14,3,117,76
3,15,3,230,76
3,16,3,66,76
3,17,17,264,76
3,18,3,134,76
3,19,3,234,76
3,20,3,164,76
3,0,3,57,69
3,1,3,258,69
3,2,3,153,69
3,3,3,281,69
3,4,3,273,69
3,5,3,84,69
3,6,3,254,69
3,7,3,259,69
3,8,3,121,69
3,9,3,261,69
3,10,3,388,69
3,11,3,447,69
3,12,3,57,69
3,13,3,121,69
3,14,3,123,69
3,15,3,110,69
3,16,3,83,69
3,17,17,147,69
3,18,3,121,69
3,19,3,259,69
3,20,3,121,69
3,0,3,74,7
3,1,1,55,7
3,2,3,95,7
3,3,3,256,7
3,4,3,264,7
3,5,5,1001,7
3,6,3,235,7
3,7,3,44,7
3,8,3,95,7
3,9,3,259,7
3,10,10,1001,7
3,11,3,322,7
3,12,3,43,7
3,13,3,95,7
3,14,3,95,7
3,15,15,1001,7
3,16,3,69,7
3,17,17,430,7
3,18,3,95,7
3,19,3,75,7
3,20,3,195,7
3,0,3,34,26
3,1,3,238,26
3,2,2,74,26
3,3,3,244,26
3,4,4,92,26
3,5,3,13,26
3,6,6,243,26
3,7,3,31,26
3,8,8,52,26
3,9,3,216,26
3,10,3,261,26
3,11,3,436,26
3,12,3,21,26
3,13,13,49,26
3,14,14,57,26
3,15,3,71,26
3,16,16,1001,26
3,17,17,132,26
3,18,18,1001,26
3,19,3,30,26
3,20,20,52,26
4,0,0,64,11
4,1,-1,1001,11
4,2,2,1001,11
4,3,3,91,11
4,4,-1,1001,11
4,5,5,1001,11
4,6,-1,1001,11
4,7,4,80,11
4,8,8,1001,11
4,9,-1,1001,11
4,10,10,1001,11
4,11,11,234,11
4,12,4,48,11
4,13,13,143,11
4,14,14,1001,11
4,15,4,55,11
4,16,16,1001,11
4,17,-1,1001,11
4,18,18,1001,11
4,19,4,48,11
4,20,20,140,11
4,0,0,158,76
4,1,-1,1001,76
4,2,2,1001,76
4,3,3,104,76
4,4,-1,1001,76
4,5,5,1001,76
4,6,-1,1001,76
4,7,4,152,76
4,8,8,1001,76
4,9,-1,1001,76
4,10,10,101,76
4,11,11,609,76
4,12,4,52,76
4,13,13,193,76
4,14,14,1001,76
4,15,15,1001,76
4,16,16,1001,76
4,17,-1,1001,76
4,18,18,1001,76
4,19,4,52,76
4,20,20,1001,76
4,0,0,83,69
4,1,-1,1001,69
4,2,2,1001,69
4,3,3,279,69
4,4,-1,1001,69
4,5,5,1001,69
4,6,-1,1001,69
4,7,4,97,69
4,8,8,1001,69
4,9,-1,1001,69
4,10,10,1001,69
4,11,11,175,69
4,12,12,137,69
4,13,13,180,69
4,14,14,1001,69
4,15,4,84,69
4,16,16,1001,69
4,17,-1,1001,69
4,18,18,1001,69
4,19,19,174,69
4,20,20,1001,69
4,0,4,95,7
4,1,-1,1001,7
4,2,2,1001,7
4,3,4,113,7
4,4,-1,1001,7
4,5,5,1001,7
4,6,-1,1001,7
4,7,4,85,7
4,8,8,1001,7
4,9,-1,1001,7
4,10,10,1001,7
4,11,11,131,7
4,12,4,48,7
4,13,13,152,7
4,14,14,115,7
4,15,4,172,7
4,16,4,78,7
4,17,-1,1001,7
4,18,18,1001,7
4,19,4,48,7
4,20,20,108,7
4,0,4,43,26
4,1,-1,1001,26
4,2,2,1001,26
4,3,4,70,26
4,4,-1,1001,26
4,5,4,13,26
4,6,-1,1001,26
4,7,-1,1001,26
4,8,8,56,26
4,9,-1,1001,26
4,10,4,13,26
4,11,4,19,26
4,12,4,16,26
4,13,13,152,26
4,14,14,1001,26
4,15,4,71,26
4,16,4,32,26
4,17,4,12,26
4,18,18,1001,26
4,19,4,16,26
4,20,20,1001,26
5,0,5,1001,11
5,1,5,1001,11
5,2,5,1001,11
5,3,5,1001,11
5,4,5,1001,11
5,5,5,1001,11
5,6,5,1001,11
5,7,5,1001,11
5,8,5,1001,11
5,9,5,1001,11
5,10,5,1001,11
5,11,5,1001,11
5,12,5,1001,11
5,13,5,1001,11
5,14,5,1001,11
5,15,5,1001,11
5,16,5,1001,11
5,17,17,519,11
5,18,5,1001,11
5,19,5,1001,11
5,20,5,1001,11
5,0,5,1001,76
5,1,5,1001,76
5,2,5,1001,76
5,3,5,1001,76
5,4,5,1001,76
5,5,5,1001,76
5,6,5,1001,76
5,7,5,1001,76
5,8,5,1001,76
5,9,5,1001,76
5,10,10,1001,76
5,11,5,1001,76
5,12,5,1001,76
5,13,5,1001,76
5,14,5,1001,76
5,15,15,1001,76
5,16,5,1001,76
5,17,5,1001,76
5,18,5,1001,76
5,19,5,1001,76
5,20,5,1001,76
5,0,5,1001,69
5,1,5,1001,69
5,2,5,1001,69
5,3,5,1001,69
5,4,5,1001,69
5,5,5,1001,69
5,6,5,1001,69
5,7,5,1001,69
5,8,5,1001,69
5,9,5,1001,69
5,10,5,1001,69
5,11,5,1001,69
5,12,5,1001,69
5,13,5,1001,69
5,14,5,1001,69
5,15,5,1001,69
5,16,5,1001,69
5,17,5,1001,69
5,18,5,1001,69
5,19,5,1001,69
5,20,5,1001,69
5,0,5,1001,7
5,1,5,1001,7
5,2,5,1001,7
5,3,5,1001,7
5,4,5,1001,7
5,5,5,1001,7
5,6,5,1001,7
5,7,5,1001,7
5,8,5,1001,7
5,9,5,1001,7
5,10,5,1001,7
5,11,5,1001,7
5,12,5,1001,7
5,13,5,1001,7
5,14,5,1001,7
5,15,5,1001,7
5,16,5,1001,7
5,17,5,1001,7
5,18,5,1001,7
5,19,5,1001,7
5,20,5,1001,7
5,0,0,47,26
5,1,1,47,26
5,2,2,12,26
5,3,3,12,26
5,4,4,54,26
5,5,5,1001,26
5,6,6,24,26
5,7,5,1001,26
5,8,8,12,26
5,9,9,72,26
5,10,10,72,26
5,11,11,164,26
5,12,12,59,26
5,13,13,12,26
5,14,14,12,26
5,15,15,1001,26
5,16,16,12,26
5,17,17,110,26
5,18,18,12,26
5,19,5,1001,26
5,20,20,12,26
6,0,0,96,11
6,1,-1,1001,11
6,2,2,1001,11
6,3,3,250,11
6,4,-1,1001,11
6,5,5,1001,11
6,6,-1,1001,11
6,7,6,94,11
6,8,8,1001,11
6,9,-1,1001,11
6,10,10,1001,11
6,11,6,302,11
6,12,12,1001,11
6,13,13,250,11
6,14,14,363,11
6,15,6,88,11
6,16,16,1001,11
6,17,6,116,11
6,18,18,1001,11
6,19,19,96,11
6,20,20,1001,11
6,0,0,1001,76
6,1,-1,1001,76
6,2,2,1001,76
6,3,3,230,76
6,4,-1,1001,76
6,5,5,1001,76
6,6,-1,1001,76
6,7,6,78,76
6,8,8,1001,76
6,9,-1,1001,76
6,10,10,1001,76
6,11,6,59,76
6,12,12,1001,76
6,13,13,264,76
6,14,14,1001,76
6,15,6,152,76
6,16,16,1001,76
6,17,6,160,76
6,18,18,1001,76
6,19,19,159,76
6,20,20,1001,76
6,0,0,1001,69
6,1,-1,1001,69
6,2,2,1001,69
6,3,3,251,69
6,4,-1,1001,69
6,5,5,1001,69
6,6,-1,1001,69
6,7,6,260,69
6,8,8,1001,69
6,9,-1,1001,69
6,10,10,1001,69
6,11,11,215,69
6,12,12,1001,69
6,13,13,214,69
6,14,14,1001,69
6,15,6,77,69
6,16,6,1001,69
6,17,17,141,69
6,18,18,1001,69
6,19,19,111,69
6,20,20,1001,69
6,0,6,76,7
6,1,-1,1001,7
6,2,2,1001,7
6,3,6,298,7
6,4,-1,1001,7
6,5,5,1001,7
6,6,-1,1001,7
6,7,6,258,7
6,8,8,1001,7
6,9,-1,1001,7
6,10,10,1001,7
6,11,6,72,7
6,12,6,125,7
6,13,13,174,7
6,14,14,1001,7
6,15,15,1001,7
6,16,6,298,7
6,17,6,314,7
6,18,6,110,7
6,19,6,148,7
6,20,20,1001,7
6,0,6,201,26
6,1,-1,1001,26
6,2,2,43,26
6,3,3,229,26
6,4,-1,1001,26
6,5,6,26,26
6,6,-1,1001,26
6,7,6,101,26
6,8,8,1001,26
6,9,-1,1001,26
6,10,10,14,26
6,11,11,14,26
6,12,6,94,26
6,13,13,48,26
6,14,14,43,26
6,15,6,96,26
6,16,16,43,26
6,17,17,14,26
6,18,18,1001,26
6,19,6,93,26
6,20,20,41,26
7,0,7,85,11
7,1,1,128,11
7,2,2,1001,11
7,3,3,241,11
7,4,4,86,11
7,5,5,1001,11
7,6,6,105,11
7,7,-1,1001,11
7,8,8,1001,11
7,9,-1,1001,11
7,10,7,152,11
7,11,7,1001,11
7,12,12,1001,11
7,13,13,121,11
7,14,14,142,11
7,15,7,1001,11
7,16,16,1001,11
7,17,-1,1001,11
7,18,18,1001,11
7,19,19,1001,11
7,20,20,1001,11
7,0,7,78,76
7,1,-1,1001,76
7,2,7,222,76
7,3,3,48,76
7,4,4,167,76
7,5,5,1001,76
7,6,6,126,76
7,7,-1,1001,76
7,8,7,212,76
7,9,-1,1001,76
7,10,10,1001,76
7,11,11,204,76
7,12,-1,1001,76
7,13,7,1001,76
7,14,7,189,76
7,15,15,415,76
7,16,7,129,76
7,17,-1,1001,76
7,18,7,212,76
7,19,-1,1001,76
7,20,7,1001,76
7,0,7,100,69
7,1,1,151,69
7,2,2,1001,69
7,3,3,222,69
7,4,4,88,69
7,5,5,1001,69
7,6,6,287,69
7,7,-1,1001,69
7,8,8,1001,69
7,9,-1,1001,69
7,10,7,265,69
7,11,11,126,69
7,12,12,1001,69
7,13,13,127,69
7,14,14,1001,69
7,15,7,1001,69
7,16,16,1001,69
7,17,-1,1001,69
7,18,18,1001,69
7,19,19,1001,69
7,20,20,1001,69
7,0,7,72,7
7,1,-1,1001,7
7,2,7,330,7
7,3,3,51,7
7,4,4,93,7
7,5,5,1001,7
7,6,6,63,7
7,7,-1,1001,7
7,8,7,1001,7
7,9,-1,1001,7
7,10,7,110,7
7,11,11,146,7
7,12,-1,1001,7
7,13,7,1001,7
7,14,7,1001,7
7,15,15,293,7
7,16,7,115,7
7,17,-1,1001,7
7,18,7,1001,7
7,19,-1,1001,7
7,20,20,1001,7
7,0,-1,1001,26
7,1,-1,1001,26
7,2,2,1001,26
7,3,3,35,26
7,4,-1,1001,26
7,5,5,1001,26
7,6,6,84,26
7,7,-1,1001,26
7,8,8,45,26
7,9,-1,1001,26
7,10,7,1001,26
7,11,7,1001,26
7,12,-1,1001,26
7,13,7,152,26
7,14,14,77,26
7,15,7,116,26
7,16,16,1001,26
7,17,-1,1001,26
7,18,18,1001,26
7,19,-1,1001,26
7,20,7,170,26
8,0,8,147,11
8,1,8,1001,11
8,2,-1,1001,11
8,3,8,1001,11
8,4,8,1001,11
8,5,5,1001,11
8,6,8,1001,11
8,7,8,697,11
8,8,-1,1001,11
8,9,8,115,11
8,10,10,43,11
8,11,11,43,11
8,12,12,205,11
8,13,-1,1001,11
8,14,-1,1001,11
8,15,8,1001,11
8,16,-1,1001,11
8,17,17,43,11
8,18,-1,1001,11
8,19,8,1001,11
8,20,20,1001,11
8,0,0,1001,76
8,1,8,1001,76
8,2,-1,1001,76
8,3,8,1001,76
8,4,8,1001,76
8,5,5,1001,76
8,6,8,1001,76
8,7,8,1001,76
8,8,-1,1001,76
8,9,8,1001,76
8,10,10,47,76
8,11,11,47,76
8,12,12,191,76
8,13,-1,1001,76
8,14,-1,1001,76
8,15,8,116,76
8,16,-1,1001,76
8,17,17,47,76
8,18,-1,1001,76
8,19,19,134,76
8,20,8,1001,76
8,0,8,1001,69
8,1,8,1001,69
8,2,-1,1001,69
8,3,8,1001,69
8,4,8,1001,69
8,5,8,76,69
8,6,8,1001,69
8,7,8,1001,69
8,8,-1,1001,69
8,9,8,1001,69
8,10,10,57,69
8,11,11,57,69
8,12,12,257,69
8,13,-1,1001,69
8,14,-1,1001,69
8,15,8,1001,69
8,16,-1,1001,69
8,17,17,57,69
8,18,-1,1001,69
8,19,8,1001,69
8,20,8,1001,69
8,0,8,1001,7
8,1,8,1001,7
8,2,-1,1001,7
8,3,3,96,7
8,4,8,1001,7
8,5,5,1001,7
8,6,6,205,7
8,7,7,1001,7
8,8,-1,1001,7
8,9,8,1001,7
8,10,10,1001,7
8,11,11,43,7
8,12,12,205,7
8,13,-1,1001,7
8,14,-1,1001,7
8,15,15,1001,7
8,16,-1,1001,7
8,17,17,43,7
8,18,-1,1001,7
8,19,8,1001,7
8,20,8,1001,7
8,0,8,51,26
8,1,8,36,26
8,2,-1,1001,26
8,3,8,49,26
8,4,8,1001,26
8,5,8,13,26
8,6,8,131,26
8,7,8,55,26
8,8,-1,1001,26
8,9,8,1001,26
8,10,10,23,26
8,11,8,1001,26
8,12,-1,1001,26
8,13,-1,1001,26
8,14,-1,1001,26
8,15,8,69,26
8,16,-1,1001,26
8,17,17,17,26
8,18,-1,1001,26
8,19,8,45,26
8,20,8,1001,26
9,0,9,103,11
9,1,-1,1001,11
9,2,2,1001,11
9,3,3,232,11
9,4,-1,1001,11
9,5,5,1001,11
9,6,-1,1001,11
9,7,-1,1001,11
9,8,8,1001,11
9,9,-1,1001,11
9,10,10,143,11
9,11,-1,1001,11
9,12,9,61,11
9,13,13,154,11
9,14,14,1001,11
9,15,9,83,11
9,16,16,1001,11
9,17,-1,1001,11
9,18,18,1001,11
9,19,9,57,11
9,20,20,1001,11
9,0,9,177,76
9,1,-1,1001,76
9,2,2,1001,76
9,3,3,234,76
9,4,-1,1001,76
9,5,5,1001,76
9,6,-1,1001,76
9,7,-1,1001,76
9,8,8,1001,76
9,9,-1,1001,76
9,10,10,1001,76
9,11,-1,1001,76
9,12,9,65,76
9,13,13,340,76
9,14,14,201,76
9,15,15,1001,76
9,16,9,1001,76
9,17,-1,1001,76
9,18,18,1001,76
9,19,9,61,76
9,20,20,1001,76
9,0,9,145,69
9,1,-1,1001,69
9,2,2,1001,69
9,3,3,270,69
9,4,-1,1001,69
9,5,5,1001,69
9,6,-1,1001,69
9,7,-1,1001,69
9,8,8,1001,69
9,9,-1,1001,69
9,10,9,396,69
9,11,-1,1001,69
9,12,9,75,69
9,13,13,136,69
9,14,14,1001,69
9,15,9,62,69
9,16,16,1001,69
9,17,-1,1001,69
9,18,18,1001,69
9,19,19,155,69
9,20,20,1001,69
9,0,0,1001,7
9,1,-1,1001,7
9,2,2,1001,7
9,3,3,258,7
9,4,-1,1001,7
9,5,5,1001,7
9,6,-1,1001,7
9,7,-1,1001,7
9,8,8,1001,7
9,9,-1,1001,7
9,10,10,97,7
9,11,-1,1001,7
9,12,9,61,7
9,13,13,222,7
9,14,14,1001,7
9,15,15,1001,7
9,16,9,73,7
9,17,-1,1001,7
9,18,18,1001,7
9,19,9,57,7
9,20,20,1001,7
9,0,0,64,26
9,1,-1,1001,26
9,2,2,1001,26
9,3,3,221,26
9,4,-1,1001,26
9,5,9,55,26
9,6,-1,1001,26
9,7,-1,1001,26
9,8,8,1001,26
9,9,-1,1001,26
9,10,10,103,26
9,11,9,1001,26
9,12,-1,1001,26
9,13,13,57,26
9,14,14,50,26
9,15,9,36,26
9,16,16,52,26
9,17,-1,1001,26
9,18,18,1001,26
9,19,-1,1001,26
9,20,20,1001,26
10,0,10,1001,11
10,1,1,160,11
10,2,10,43,11
10,3,10,1001,11
10,4,10,1001,11
10,5,5,1001,11
10,6,10,1001,11
10,7,7,140,11
10,8,10,43,11
10,9,10,143,11
10,10,10,1001,11
10,11,10,1001,11
10,12,12,1001,11
10,13,10,43,11
10,14,10,43,11
10,15,10,1001,11
10,16,10,43,11
10,17,10,185,11
10,18,10,43,11
10,19,10,95,11
10,20,10,100,11
10,0,10,1001,76
10,1,10,1001,76
10,2,10,47,76
10,3,10,1001,76
10,4,10,103,76
10,5,10,1001,76
10,6,10,1001,76
10,7,10,1001,76
10,8,10,47,76
10,9,10,1001,76
10,10,10,1001,76
10,11,10,1001,76
10,12,10,72,76
10,13,10,47,76
10,14,10,47,76
10,15,10,1001,76
10,16,10,36,76
10,17,10,1001,76
10,18,10,47,76
10,19,10,68,76
10,20,10,78,76
10,0,10,1001,69
10,1,1,257,69
10,2,10,57,69
10,3,3,410,69
10,4,10,135,69
10,5,5,1001,69
10,6,10,1001,69
10,7,7,254,69
10,8,10,57,69
10,9,9,273,69
10,10,10,1001,69
10,11,10,1001,69
10,12,12,1001,69
10,13,10,57,69
10,14,10,57,69
10,15,10,1001,69
10,16,10,57,69
10,17,10,1001,69
10,18,10,57,69
10,19,10,63,69
10,20,10,57,69
10,0,0,110,7
10,1,10,96,7
10,2,10,1001,7
10,3,10,1001,7
10,4,10,1001,7
10,5,5,1001,7
10,6,6,71,7
10,7,7,110,7
10,8,10,1001,7
10,9,10,96,7
10,10,10,1001,7
10,11,10,1001,7
10,12,10,65,7
10,13,10,1001,7
10,14,10,1001,7
10,15,10,1001,7
10,16,10,33,7
10,17,10,110,7
10,18,10,1001,7
10,19,10,67,7
10,20,20,1001,7
10,0,10,60,26
10,1,10,104,26
10,2,10,23,26
10,3,3,254,26
10,4,4,13,26
10,5,10,54,26
10,6,10,15,26
10,7,7,1001,26
10,8,10,23,26
10,9,10,103,26
10,10,-1,1001,26
10,11,10,59,26
10,12,12,1001,26
10,13,10,23,26
10,14,10,23,26
10,15,10,1001,26
10,16,10,23,26
10,17,17,1001,26
10,18,10,23,26
10,19,19,1001,26
10,20,10,29,26
11,0,11,424,11
11,1,-1,1001,11
11,2,11,43,11
11,3,3,350,11
11,4,11,157,11
11,5,5,1001,11
11,6,11,201,11
11,7,7,1001,11
11,8,11,43,11
11,9,-1,1001,11
11,10,11,1001,11
11,11,-1,1001,11
11,12,11,96,11
11,13,11,43,11
11,14,11,43,11
11,15,11,1001,11
11,16,11,43,11
11,17,-1,1001,11
11,18,11,43,11
11,19,11,105,11
11,20,11,43,11
11,0,11,416,76
11,1,-1,1001,76
11,2,11,47,76
11,3,11,1001,76
11,4,11,405,76
11,5,5,1001,76
11,6,6,84,76
11,7,11,101,76
11,8,11,47,76
11,9,-1,1001,76
11,10,10,1001,76
11,11,-1,1001,76
11,12,11,128,76
11,13,11,47,76
11,14,11,47,76
11,15,15,1001,76
11,16,11,47,76
11,17,-1,1001,76
11,18,11,47,76
11,19,11,92,76
11,20,11,47,76
11,0,11,493,69
11,1,-1,1001,69
11,2,11,57,69
11,3,3,294,69
11,4,4,355,69
11,5,5,1001,69
11,6,11,177,69
11,7,11,119,69
11,8,11,57,69
11,9,-1,1001,69
11,10,10,149,69
11,11,-1,1001,69
11,12,11,116,69
11,13,11,57,69
11,14,11,57,69
11,15,15,1001,69
11,16,11,56,69
11,17,-1,1001,69
11,18,11,57,69
11,19,11,116,69
11,20,11,57,69
11,0,11,393,7
11,1,-1,1001,7
11,2,11,43,7
11,3,3,321,7
11,4,11,110,7
11,5,5,1001,7
11,6,6,62,7
11,7,11,146,7
11,8,11,43,7
11,9,-1,1001,7
11,10,10,92,7
11,11,-1,1001,7
11,12,11,65,7
11,13,11,43,7
11,14,11,43,7
11,15,15,1001,7
11,16,11,43,7
11,17,-1,1001,7
11,18,11,43,7
11,19,11,89,7
11,20,11,43,7
11,0,11,445,26
11,1,1,54,26
11,2,2,1001,26
11,3,11,1001,26
11,4,4,18,26
11,5,11,398,26
11,6,11,15,26
11,7,7,1001,26
11,8,8,1001,26
11,9,9,1001,26
11,10,10,1001,26
11,11,11,73,26
11,12,12,1001,26
11,13,13,81,26
11,14,14,1001,26
11,15,11,62,26
11,16,16,1001,26
11,17,17,1001,26
11,18,18,1001,26
11,19,19,86,26
11,20,20,1001,26
12,0,0,140,11
12,1,1,61,11
12,2,12,205,11
12,3,3,43,11
12,4,4,48,11
12,5,5,1001,11
12,6,12,1001,11
12,7,12,1001,11
12,8,12,205,11
12,9,9,61,11
12,10,12,1001,11
12,11,11,121,11
12,12,-1,1001,11
12,13,13,249,11
12,14,12,205,11
12,15,12,1001,11
12,16,12,206,11
12,17,17,65,11
12,18,12,205,11
12,19,19,100,11
12,20,12,323,11
12,0,0,175,76
12,1,1,65,76
12,2,12,191,76
12,3,3,47,76
12,4,4,52,76
12,5,5,1001,76
12,6,12,1001,76
12,7,-1,1001,76
12,8,12,191,76
12,9,9,65,76
12,10,10,72,76
12,11,11,104,76
12,12,-1,1001,76
12,13,12,252,76
12,14,12,191,76
12,15,15,1001,76
12,16,12,219,76
12,17,17,69,76
12,18,12,191,76
12,19,19,181,76
12,20,12,376,76
12,0,0,707,69
12,1,1,75,69
12,2,12,257,69
12,3,3,57,69
12,4,4,426,69
12,5,5,1001,69
12,6,12,1001,69
12,7,12,1001,69
12,8,12,257,69
12,9,9,75,69
12,10,12,1001,69
12,11,11,209,69
12,12,-1,1001,69
12,13,12,361,69
12,14,12,257,69
12,15,12,1001,69
12,16,12,469,69
12,17,17,79,69
12,18,12,257,69
12,19,12,885,69
12,20,20,1001,69
12,0,0,134,7
12,1,1,61,7
12,2,12,205,7
12,3,3,43,7
12,4,4,48,7
12,5,5,1001,7
12,6,12,1001,7
12,7,-1,1001,7
12,8,12,205,7
12,9,9,61,7
12,10,10,65,7
12,11,11,65,7
12,12,-1,1001,7
12,13,13,295,7
12,14,12,205,7
12,15,12,1001,7
12,16,12,206,7
12,17,17,65,7
12,18,12,205,7
12,19,19,99,7
12,20,12,323,7
12,0,-1,1001,26
12,1,-1,1001,26
12,2,-1,1001,26
12,3,3,21,26
12,4,4,16,26
12,5,12,59,26
12,6,6,98,26
12,7,-1,1001,26
12,8,-1,1001,26
12,9,-1,1001,26
12,10,12,1001,26
12,11,12,1001,26
12,12,-1,1001,26
12,13,13,68,26
12,14,-1,1001,26
12,15,12,1001,26
12,16,-1,1001,26
12,17,-1,1001,26
12,18,-1,1001,26
12,19,-1,1001,26
12,20,-1,1001,26
13,0,13,231,11
13,1,13,98,11
13,2,-1,1001,11
13,3,13,164,11
13,4,13,164,11
13,5,5,1001,11
13,6,6,211,11
13,7,13,118,11
13,8,-1,1001,11
13,9,13,109,11
13,10,10,43,11
13,11,11,43,11
13,12,13,183,11
13,13,-1,1001,11
13,14,-1,1001,11
13,15,13,74,11
13,16,-1,1001,11
13,17,17,43,11
13,18,-1,1001,11
13,19,13,90,11
13,20,20,1001,11
13,0,13,284,76
13,1,13,225,76
13,2,-1,1001,76
13,3,3,112,76
13,4,13,152,76
13,5,5,1001,76
13,6,13,261,76
13,7,13,244,76
13,8,-1,1001,76
13,9,13,164,76
13,10,10,47,76
13,11,11,47,76
13,12,12,252,76
13,13,-1,1001,76
13,14,-1,1001,76
13,15,13,105,76
13,16,-1,1001,76
13,17,17,47,76
13,18,-1,1001,76
13,19,19,134,76
13,20,20,1001,76
13,0,13,167,69
13,1,13,76,69
13,2,-1,1001,69
13,3,3,150,69
13,4,13,139,69
13,5,13,76,69
13,6,13,213,69
13,7,13,125,69
13,8,-1,1001,69
13,9,13,148,69
13,10,10,57,69
13,11,11,57,69
13,12,12,361,69
13,13,-1,1001,69
13,14,-1,1001,69
13,15,13,85,69
13,16,-1,1001,69
13,17,17,57,69
13,18,-1,1001,69
13,19,13,163,69
13,20,20,1001,69
13,0,13,146,7
13,1,13,121,7
13,2,-1,1001,7
13,3,3,96,7
13,4,13,224,7
13,5,5,1001,7
13,6,13,164,7
13,7,7,1001,7
13,8,-1,1001,7
13,9,13,141,7
13,10,10,1001,7
13,11,11,43,7
13,12,13,305,7
13,13,-1,1001,7
13,14,-1,1001,7
13,15,15,1001,7
13,16,-1,1001,7
13,17,17,43,7
13,18,-1,1001,7
13,19,13,154,7
13,20,20,1001,7
13,0,13,67,26
13,1,13,31,26
13,2,-1,1001,26
13,3,13,49,26
13,4,13,116,26
13,5,13,13,26
13,6,13,77,26
13,7,7,147,26
13,8,-1,1001,26
13,9,13,79,26
13,10,10,23,26
13,11,13,76,26
13,12,13,68,26
13,13,-1,1001,26
13,14,-1,1001,26
13,15,13,67,26
13,16,-1,1001,26
13,17,17,17,26
13,18,-1,1001,26
13,19,13,40,26
13,20,20,372,26
14,0,14,1001,11
14,1,14,49,11
14,2,-1,1001,11
14,3,14,1001,11
14,4,14,1001,11
14,5,5,1001,11
14,6,14,1001,11
14,7,14,246,11
14,8,-1,1001,11
14,9,14,1001,11
14,10,10,43,11
14,11,11,43,11
14,12,12,205,11
14,13,-1,1001,11
14,14,-1,1001,11
14,15,14,70,11
14,16,-1,1001,11
14,17,17,43,11
14,18,-1,1001,11
14,19,14,1001,11
14,20,14,1001,11
14,0,0,1001,76
14,1,14,1001,76
14,2,-1,1001,76
14,3,14,178,76
14,4,14,1001,76
14,5,5,1001,76
14,6,14,1001,76
14,7,7,441,76
14,8,-1,1001,76
14,9,14,103,76
14,10,10,47,76
14,11,11,47,76
14,12,12,191,76
14,13,-1,1001,76
14,14,-1,1001,76
14,15,14,87,76
14,16,-1,1001,76
14,17,17,47,76
14,18,-1,1001,76
14,19,19,134,76
14,20,14,1001,76
14,0,14,1001,69
14,1,14,1001,69
14,2,-1,1001,69
14,3,14,1001,69
14,4,14,1001,69
14,5,14,76,69
14,6,14,1001,69
14,7,14,132,69
14,8,-1,1001,69
14,9,14,1001,69
14,10,10,57,69
14,11,11,57,69
14,12,12,257,69
14,13,-1,1001,69
14,14,-1,1001,69
14,15,14,99,69
14,16,-1,1001,69
14,17,17,57,69
14,18,-1,1001,69
14,19,14,114,69
14,20,14,1001,69
14,0,14,240,7
14,1,14,1001,7
14,2,-1,1001,7
14,3,3,93,7
14,4,14,1001,7
14,5,5,1001,7
14,6,14,164,7
14,7,7,1001,7
14,8,-1,1001,7
14,9,14,1001,7
14,10,10,1001,7
14,11,11,43,7
14,12,12,205,7
14,13,-1,1001,7
14,14,-1,1001,7
14,15,14,143,7
14,16,-1,1001,7
14,17,17,43,7
14,18,-1,1001,7
14,19,14,1001,7
14,20,14,1001,7
14,0,14,58,26
14,1,14,47,26
14,2,-1,1001,26
14,3,14,75,26
14,4,14,125,26
14,5,14,13,26
14,6,14,43,26
14,7,14,60,26
14,8,-1,1001,26
14,9,14,50,26
14,10,10,23,26
14,11,14,1001,26
14,12,-1,1001,26
14,13,-1,1001,26
14,14,-1,1001,26
14,15,14,747,26
14,16,-1,1001,26
14,17,17,17,26
14,18,-1,1001,26
14,19,14,50,26
14,20,14,1001,26
15,0,15,1001,11
15,1,15,1001,11
15,2,2,1001,11
15,3,15,1001,11
15,4,4,1001,11
15,5,15,1001,11
15,6,15,1001,11
15,7,7,1001,11
15,8,8,1001,11
15,9,15,1001,11
15,10,15,1001,11
15,11,15,1001,11
15,12,15,1001,11
15,13,13,237,11
15,14,14,179,11
15,15,15,1001,11
15,16,16,1001,11
15,17,17,450,11
15,18,18,121,11
15,19,15,1001,11
15,20,20,1001,11
15,0,15,1001,76
15,1,15,1001,76
15,2,2,1001,76
15,3,15,1001,76
15,4,15,1001,76
15,5,15,1001,76
15,6,15,1001,76
15,7,15,1001,76
15,8,8,119,76
15,9,15,1001,76
15,10,15,1001,76
15,11,15,1001,76
15,12,15,1001,76
15,13,13,267,76
15,14,14,91,76
15,15,15,1001,76
15,16,15,1001,76
15,17,15,1001,76
15,18,18,1001,76
15,19,15,1001,76
15,20,20,114,76
15,0,15,1001,69
15,1,15,1001,69
15,2,2,1001,69
15,3,3,280,69
15,4,4,136,69
15,5,15,1001,69
15,6,6,252,69
15,7,15,1001,69
15,8,8,95,69
15,9,15,1001,69
15,10,10,1001,69
15,11,15,1001,69
15,12,12,1001,69
15,13,13,83,69
15,14,14,1001,69
15,15,15,70,69
15,16,16,1001,69
15,17,17,335,69
15,18,18,1001,69
15,19,15,1001,69
15,20,20,96,69
15,0,15,1001,7
15,1,15,1001,7
15,2,2,1001,7
15,3,15,1001,7
15,4,4,136,7
15,5,5,1001,7
15,6,6,283,7
15,7,15,1001,7
15,8,8,74,7
15,9,15,1001,7
15,10,10,1001,7
15,11,15,1001,7
15,12,12,1001,7
15,13,13,74,7
15,14,14,138,7
15,15,15,1001,7
15,16,15,1001,7
15,17,17,365,7
15,18,18,1001,7
15,19,15,1001,7
15,20,20,81,7
15,0,0,70,26
15,1,1,70,26
15,2,2,1001,26
15,3,3,70,26
15,4,4,70,26
15,5,5,1001,26
15,6,6,95,26
15,7,7,87,26
15,8,8,68,26
15,9,9,37,26
15,10,10,1001,26
15,11,11,63,26
15,12,12,1001,26
15,13,13,68,26
15,14,14,746,26
15,15,15,72,26
15,16,16,1001,26
15,17,17,96,26
15,18,18,1001,26
15,19,19,1001,26
15,20,20,68,26
16,0,16,1001,11
16,1,16,1001,11
16,2,-1,1001,11
16,3,3,87,11
16,4,16,1001,11
16,5,5,1001,11
16,6,16,1001,11
16,7,16,1001,11
16,8,-1,1001,11
16,9,16,1001,11
16,10,10,43,11
16,11,11,43,11
16,12,12,206,11
16,13,-1,1001,11
16,14,-1,1001,11
16,15,16,1001,11
16,16,-1,1001,11
16,17,17,42,11
16,18,-1,1001,11
16,19,16,1001,11
16,20,16,1001,11
16,0,0,1001,76
16,1,16,1001,76
16,2,-1,1001,76
16,3,3,221,76
16,4,16,1001,76
16,5,5,1001,76
16,6,16,1001,76
16,7,7,119,76
16,8,-1,1001,76
16,9,9,1001,76
16,10,10,36,76
16,11,11,47,76
16,12,12,219,76
16,13,-1,1001,76
16,14,-1,1001,76
16,15,16,1001,76
16,16,-1,1001,76
16,17,17,47,76
16,18,-1,1001,76
16,19,19,1001,76
16,20,16,1001,76
16,0,0,1001,69
16,1,16,1001,69
16,2,-1,1001,69
16,3,3,110,69
16,4,16,1001,69
16,5,16,76,69
16,6,6,1001,69
16,7,16,1001,69
16,8,-1,1001,69
16,9,9,1001,69
16,10,10,57,69
16,11,11,56,69
16,12,12,469,69
16,13,-1,1001,69
16,14,-1,1001,69
16,15,16,1001,69
16,16,-1,1001,69
16,17,17,57,69
16,18,-1,1001,69
16,19,19,1001,69
16,20,16,1001,69
16,0,16,1001,7
16,1,16,1001,7
16,2,-1,1001,7
16,3,3,58,7
16,4,4,67,7
16,5,5,1001,7
16,6,6,144,7
16,7,7,102,7
16,8,-1,1001,7
16,9,9,79,7
16,10,10,33,7
16,11,11,43,7
16,12,12,206,7
16,13,-1,1001,7
16,14,-1,1001,7
16,15,15,87,7
16,16,-1,1001,7
16,17,17,42,7
16,18,-1,1001,7
16,19,19,1001,7
16,20,16,1001,7
16,0,16,1001,26
16,1,16,1001,26
16,2,-1,1001,26
16,3,16,1001,26
16,4,4,35,26
16,5,16,13,26
16,6,16,43,26
16,7,7,1001,26
16,8,-1,1001,26
16,9,16,36,26
16,10,10,23,26
16,11,16,1001,26
16,12,-1,1001,26
16,13,-1,1001,26
16,14,-1,1001,26
16,15,16,1001,26
16,16,-1,1001,26
16,17,17,17,26
16,18,-1,1001,26
16,19,16,1001,26
16,20,16,1001,26
17,0,17,59,11
17,1,-1,1001,11
17,2,17,43,11
17,3,17,371,11
17,4,-1,1001,11
17,5,5,1001,11
17,6,6,306,11
17,7,-1,1001,11
17,8,17,43,11
17,9,-1,1001,11
17,10,10,185,11
17,11,-1,1001,11
17,12,17,65,11
17,13,17,43,11
17,14,17,43,11
17,15,17,88,11
17,16,17,42,11
17,17,-1,1001,11
17,18,17,43,11
17,19,17,65,11
17,20,17,43,11
17,0,17,199,76
17,1,-1,1001,76
17,2,17,47,76
17,3,17,276,76
17,4,-1,1001,76
17,5,5,1001,76
17,6,17,141,76
17,7,-1,1001,76
17,8,17,47,76
17,9,-1,1001,76
17,10,10,1001,76
17,11,-1,1001,76
17,12,17,69,76
17,13,17,47,76
17,14,17,47,76
17,15,17,427,76
17,16,17,47,76
17,17,-1,1001,76
17,18,17,47,76
17,19,17,69,76
17,20,17,47,76
17,0,17,156,69
17,1,-1,1001,69
17,2,17,57,69
17,3,17,145,69
17,4,-1,1001,69
17,5,5,1001,69
17,6,17,159,69
17,7,-1,1001,69
17,8,17,57,69
17,9,-1,1001,69
17,10,10,1001,69
17,11,-1,1001,69
17,12,17,79,69
17,13,17,57,69
17,14,17,57,69
17,15,17,90,69
17,16,17,57,69
17,17,-1,1001,69
17,18,17,57,69
17,19,17,79,69
17,20,17,57,69
17,0,17,103,7
17,1,-1,1001,7
17,2,17,43,7
17,3,17,469,7
17,4,-1,1001,7
17,5,5,1001,7
17,6,6,79,7
17,7,-1,1001,7
17,8,17,43,7
17,9,-1,1001,7
17,10,10,110,7
17,11,-1,1001,7
17,12,17,65,7
17,13,17,43,7
17,14,17,43,7
17,15,17,351,7
17,16,17,42,7
17,17,-1,1001,7
17,18,17,43,7
17,19,17,65,7
17,20,17,43,7
17,0,17,70,26
17,1,-1,1001,26
17,2,17,17,26
17,3,17,136,26
17,4,4,12,26
17,5,17,76,26
17,6,17,15,26
17,7,-1,1001,26
17,8,17,17,26
17,9,-1,1001,26
17,10,17,1001,26
17,11,17,1001,26
17,12,-1,1001,26
17,13,17,17,26
17,14,17,17,26
17,15,17,97,26
17,16,17,17,26
17,17,-1,1001,26
17,18,17,17,26
17,19,-1,1001,26
17,20,17,18,26
18,0,18,1001,11
18,1,18,1001,11
18,2,-1,1001,11
18,3,18,1001,11
18,4,18,1001,11
18,5,5,1001,11
18,6,18,1001,11
18,7,18,565,11
18,8,-1,1001,11
18,9,18,1001,11
18,10,10,43,11
18,11,11,43,11
18,12,12,205,11
18,13,-1,1001,11
18,14,-1,1001,11
18,15,18,1001,11
18,16,-1,1001,11
18,17,17,43,11
18,18,-1,1001,11
18,19,18,1001,11
18,20,20,701,11
18,0,0,1001,76
18,1,18,1001,76
18,2,-1,1001,76
18,3,18,1001,76
18,4,18,1001,76
18,5,5,1001,76
18,6,6,181,76
18,7,18,712,76
18,8,-1,1001,76
18,9,18,1001,76
18,10,10,47,76
18,11,11,47,76
18,12,12,191,76
18,13,-1,1001,76
18,14,-1,1001,76
18,15,18,111,76
18,16,-1,1001,76
18,17,17,47,76
18,18,-1,1001,76
18,19,19,134,76
18,20,18,1001,76
18,0,18,1001,69
18,1,18,1001,69
18,2,-1,1001,69
18,3,18,1001,69
18,4,18,1001,69
18,5,18,1001,69
18,6,18,1001,69
18,7,18,1001,69
18,8,-1,1001,69
18,9,18,1001,69
18,10,10,57,69
18,11,11,57,69
18,12,12,257,69
18,13,-1,1001,69
18,14,-1,1001,69
18,15,18,1001,69
18,16,-1,1001,69
18,17,17,57,69
18,18,-1,1001,69
18,19,18,1001,69
18,20,18,1001,69
18,0,18,1001,7
18,1,18,1001,7
18,2,-1,1001,7
18,3,3,96,7
18,4,18,1001,7
18,5,5,1001,7
18,6,6,99,7
18,7,7,1001,7
18,8,-1,1001,7
18,9,18,1001,7
18,10,10,1001,7
18,11,11,43,7
18,12,12,205,7
18,13,-1,1001,7
18,14,-1,1001,7
18,15,15,1001,7
18,16,-1,1001,7
18,17,17,43,7
18,18,-1,1001,7
18,19,18,1001,7
18,20,18,1001,7
18,0,18,1001,26
18,1,18,1001,26
18,2,-1,1001,26
18,3,18,1001,26
18,4,18,1001,26
18,5,18,13,26
18,6,18,1001,26
18,7,18,1001,26
18,8,-1,1001,26
18,9,18,1001,26
18,10,10,23,26
18,11,18,1001,26
18,12,-1,1001,26
18,13,-1,1001,26
18,14,-1,1001,26
18,15,18,1001,26
18,16,-1,1001,26
18,17,17,17,26
18,18,-1,1001,26
18,19,18,1001,26
18,20,20,1001,26
19,0,19,520,11
19,1,1,58,11
19,2,2,1001,11
19,3,3,235,11
19,4,4,48,11
19,5,5,1001,11
19,6,19,93,11
19,7,19,1001,11
19,8,8,1001,11
19,9,9,57,11
19,10,10,95,11
19,11,11,136,11
19,12,19,100,11
19,13,13,264,11
19,14,14,93,11
19,15,19,1001,11
19,16,16,1001,11
19,17,17,65,11
19,18,18,1001,11
19,19,-1,1001,11
19,20,20,1001,11
19,0,0,412,76
19,1,1,62,76
19,2,2,1001,76
19,3,3,86,76
19,4,4,52,76
19,5,5,1001,76
19,6,19,83,76
19,7,-1,1001,76
19,8,8,371,76
19,9,9,61,76
19,10,10,68,76
19,11,11,145,76
19,12,19,181,76
19,13,13,503,76
19,14,19,152,76
19,15,19,1001,76
19,16,19,1001,76
19,17,17,69,76
19,18,18,1001,76
19,19,-1,1001,76
19,20,20,1001,76
19,0,0,1001,69
19,1,1,69,69
19,2,2,1001,69
19,3,3,256,69
19,4,4,373,69
19,5,5,1001,69
19,6,19,95,69
19,7,19,1001,69
19,8,8,1001,69
19,9,19,80,69
19,10,10,63,69
19,11,11,124,69
19,12,12,852,69
19,13,13,245,69
19,14,14,122,69
19,15,19,1001,69
19,16,19,1001,69
19,17,17,79,69
19,18,18,1001,69
19,19,-1,1001,69
19,20,20,1001,69
19,0,19,546,7
19,1,1,58,7
19,2,19,1001,7
19,3,3,43,7
19,4,4,48,7
19,5,5,1001,7
19,6,6,69,7
19,7,-1,1001,7
19,8,8,1001,7
19,9,9,57,7
19,10,10,65,7
19,11,11,89,7
19,12,19,99,7
19,13,13,146,7
19,14,14,136,7
19,15,15,1001,7
19,16,19,1001,7
19,17,17,65,7
19,18,18,1001,7
19,19,-1,1001,7
19,20,20,1001,7
19,0,-1,1001,26
19,1,-1,1001,26
19,2,2,1001,26
19,3,3,34,26
19,4,4,16,26
19,5,5,1001,26
19,6,6,212,26
19,7,-1,1001,26
19,8,8,40,26
19,9,-1,1001,26
19,10,19,1001,26
19,11,19,86,26
19,12,-1,1001,26
19,13,13,40,26
19,14,14,66,26
19,15,19,1001,26
19,16,16,33,26
19,17,-1,1001,26
19,18,18,1001,26
19,19,-1,1001,26
19,20,20,42,26
20,0,20,1001,11
20,1,20,1001,11
20,2,2,1001,11
20,3,3,106,11
20,4,20,1001,11
20,5,5,1001,11
20,6,20,1001,11
20,7,20,570,11
20,8,20,1001,11
20,9,20,1001,11
20,10,10,100,11
20,11,11,43,11
20,12,12,323,11
20,13,20,1001,11
20,14,14,1001,11
20,15,20,1001,11
20,16,16,1001,11
20,17,17,43,11
20,18,20,1001,11
20,19,20,1001,11
20,20,-1,1001,11
20,0,0,1001,76
20,1,20,1001,76
20,2,2,1001,76
20,3,20,1001,76
20,4,20,1001,76
20,5,5,1001,76
20,6,20,1001,76
20,7,20,1001,76
20,8,8,1001,76
20,9,20,1001,76
20,10,10,78,76
20,11,11,47,76
20,12,12,376,76
20,13,13,278,76
20,14,14,1001,76
20,15,20,1001,76
20,16,16,1001,76
20,17,17,47,76
20,18,18,1001,76
20,19,20,1001,76
20,20,-1,1001,76
20,0,20,1001,69
20,1,20,1001,69
20,2,2,1001,69
20,3,20,1001,69
20,4,20,1001,69
20,5,20,76,69
20,6,20,1001,69
20,7,20,75,69
20,8,8,1001,69
20,9,20,1001,69
20,10,10,57,69
20,11,11,57,69
20,12,20,1001,69
20,13,20,1001,69
20,14,14,1001,69
20,15,20,122,69
20,16,16,1001,69
20,17,17,57,69
20,18,20,1001,69
20,19,20,1001,69
20,20,-1,1001,69
20,0,20,1001,7
20,1,20,1001,7
20,2,2,1001,7
20,3,3,89,7
20,4,20,1001,7
20,5,5,1001,7
20,6,20,1001,7
20,7,7,1001,7
20,8,8,1001,7
20,9,20,1001,7
20,10,20,154,7
20,11,11,43,7
20,12,12,323,7
20,13,20,1001,7
20,14,14,1001,7
20,15,20,82,7
20,16,16,1001,7
20,17,17,43,7
20,18,20,413,7
20,19,20,1001,7
20,20,-1,1001,7
20,0,20,46,26
20,1,20,1001,26
20,2,20,1001,26
20,3,20,50,26
20,4,20,1001,26
20,5,20,13,26
20,6,20,34,26
20,7,7,147,26
20,8,8,1001,26
20,9,20,1001,26
20,10,10,29,26
20,11,20,1001,26
20,12,-1,1001,26
20,13,20,1001,26
20,14,14,1001,26
20,15,20,69,26
20,16,16,1001,26
20,17,17,18,26
20,18,20,1001,26
20,19,20,41,26
20,20,-1,1001,26
