PLayer1,Player2,Wins,Turns,Map
0,0,-1,1001,11
0,1,0,262,11
0,2,2,159,11
0,3,3,140,11
0,4,0,173,11
0,5,0,142,11
0,6,6,124,11
0,7,0,143,11
0,8,0,126,11
0,9,0,173,11
0,10,0,122,11
0,11,0,173,11
0,12,12,135,11
0,13,0,184,11
0,14,14,138,11
0,15,0,162,11
0,16,0,172,11
0,17,17,43,11
0,18,0,173,11
0,19,0,154,11
0,20,20,139,11
0,0,-1,1001,76
0,1,-1,1001,76
0,2,-1,1001,76
0,3,-1,1001,76
0,4,-1,1001,76
0,5,-1,1001,76
0,6,0,1001,76
0,7,-1,1001,76
0,8,-1,1001,76
0,9,-1,1001,76
0,10,-1,1001,76
0,11,-1,1001,76
0,12,-1,1001,76
0,13,-1,1001,76
0,14,-1,1001,76
0,15,-1,1001,76
0,16,-1,1001,76
0,17,17,47,76
0,18,-1,1001,76
0,19,0,296,76
0,20,0,1001,76
0,0,0,142,69
0,1,0,191,69
0,2,0,149,69
0,3,0,155,69
0,4,0,149,69
0,5,0,274,69
0,6,0,195,69
0,7,7,209,69
0,8,0,187,69
0,9,0,149,69
0,10,0,148,69
0,11,0,149,69
0,12,0,208,69
0,13,0,307,69
0,14,0,149,69
0,15,0,175,69
0,16,0,149,69
0,17,17,57,69
0,18,0,149,69
0,19,0,332,69
0,20,0,223,69
0,0,-1,1001,7
0,1,-1,1001,7
0,2,-1,1001,7
0,3,-1,1001,7
0,4,-1,1001,7
0,5,-1,1001,7
0,6,6,232,7
0,7,-1,1001,7
0,8,-1,1001,7
0,9,-1,1001,7
0,10,-1,1001,7
0,11,-1,1001,7
0,12,-1,1001,7
0,13,-1,1001,7
0,14,-1,1001,7
0,15,-1,1001,7
0,16,-1,1001,7
0,17,17,43,7
0,18,-1,1001,7
0,19,0,145,7
0,20,0,575,7
0,0,0,260,26
0,1,0,380,26
0,2,0,392,26
0,3,0,369,26
0,4,0,399,26
0,5,0,399,26
0,6,0,136,26
0,7,0,124,26
0,8,0,401,26
0,9,0,395,26
0,10,0,389,26
0,11,0,399,26
0,12,0,415,26
0,13,0,195,26
0,14,0,394,26
0,15,0,167,26
0,16,0,393,26
0,17,17,33,26
0,18,0,399,26
0,19,19,58,26
0,20,0,189,26
1,0,1,116,11
1,1,-1,1001,11
1,2,-1,1001,11
1,3,-1,1001,11
1,4,-1,1001,11
1,5,-1,1001,11
1,6,1,1001,11
1,7,-1,1001,11
1,8,-1,1001,11
1,9,-1,1001,11
1,10,-1,1001,11
1,11,-1,1001,11
1,12,-1,1001,11
1,13,-1,1001,11
1,14,-1,1001,11
1,15,-1,1001,11
1,16,-1,1001,11
1,17,17,43,11
1,18,-1,1001,11
1,19,1,202,11
1,20,1,1001,11
1,0,-1,1001,76
1,1,-1,1001,76
1,2,-1,1001,76
1,3,-1,1001,76
1,4,-1,1001,76
1,5,-1,1001,76
1,6,1,1001,76
1,7,-1,1001,76
1,8,-1,1001,76
1,9,-1,1001,76
1,10,-1,1001,76
1,11,-1,1001,76
1,12,-1,1001,76
1,13,-1,1001,76
1,14,-1,1001,76
1,15,-1,1001,76
1,16,-1,1001,76
1,17,17,47,76
1,18,-1,1001,76
1,19,19,139,76
1,20,1,1001,76
1,0,1,130,69
1,1,-1,1001,69
1,2,-1,1001,69
1,3,-1,1001,69
1,4,-1,1001,69
1,5,-1,1001,69
1,6,1,1001,69
1,7,-1,1001,69
1,8,-1,1001,69
1,9,-1,1001,69
1,10,-1,1001,69
1,11,-1,1001,69
1,12,-1,1001,69
1,13,-1,1001,69
1,14,-1,1001,69
1,15,-1,1001,69
1,16,-1,1001,69
1,17,17,57,69
1,18,-1,1001,69
1,19,1,361,69
1,20,1,1001,69
1,0,-1,1001,7
1,1,-1,1001,7
