0,0,-1,1001,11
0,1,0,262,11
0,2,2,159,11
0,3,3,140,11
0,4,0,173,11
0,5,0,142,11
0,6,6,124,11
0,7,0,143,11
0,8,0,126,11
0,9,0,173,11
0,10,0,122,11
0,11,0,173,11
0,12,12,135,11
0,13,0,184,11
0,14,14,138,11
0,15,0,162,11
0,16,0,172,11
0,17,17,43,11
0,18,0,173,11
0,19,0,154,11
0,20,20,139,11
0,0,-1,1001,76
0,1,-1,1001,76
0,2,-1,1001,76
0,3,-1,1001,76
0,4,-1,1001,76
0,5,-1,1001,76
0,6,0,1001,76
0,7,-1,1001,76
0,8,-1,1001,76
0,9,-1,1001,76
0,10,-1,1001,76
0,11,-1,1001,76
0,12,-1,1001,76
0,13,-1,1001,76
0,14,-1,1001,76
0,15,-1,1001,76
0,16,-1,1001,76
0,17,17,47,76
0,18,-1,1001,76
0,19,0,296,76
0,20,0,1001,76
0,0,0,142,69
0,1,0,191,69
0,2,0,149,69
0,3,0,155,69
0,4,0,149,69
0,5,0,274,69
0,6,0,195,69
0,7,7,209,69
0,8,0,187,69
0,9,0,149,69
0,10,0,148,69
0,11,0,149,69
0,12,0,208,69
0,13,0,307,69
0,14,0,149,69
0,15,0,175,69
0,16,0,149,69
0,17,17,57,69
0,18,0,149,69
0,19,0,332,69
0,20,0,223,69
0,0,-1,1001,7
0,1,-1,1001,7
0,2,-1,1001,7
0,3,-1,1001,7
0,4,-1,1001,7
0,5,-1,1001,7
0,6,6,232,7
0,7,-1,1001,7
0,8,-1,1001,7
0,9,-1,1001,7
0,10,-1,1001,7
0,11,-1,1001,7
0,12,-1,1001,7
0,13,-1,1001,7
0,14,-1,1001,7
0,15,-1,1001,7
0,16,-1,1001,7
0,17,17,43,7
0,18,-1,1001,7
0,19,0,145,7
0,20,0,575,7
0,0,0,260,26
0,1,0,380,26
0,2,0,392,26
0,3,0,369,26
0,4,0,399,26
0,5,0,399,26
0,6,0,136,26
0,7,0,124,26
0,8,0,401,26
0,9,0,395,26
0,10,0,389,26
0,11,0,399,26
0,12,0,415,26
0,13,0,195,26
0,14,0,394,26
0,15,0,167,26
0,16,0,393,26
0,17,17,33,26
0,18,0,399,26
0,19,19,58,26
0,20,0,189,26
1,0,1,116,11
1,1,-1,1001,11
1,2,-1,1001,11
1,3,-1,1001,11
1,4,-1,1001,11
1,5,-1,1001,11
1,6,1,1001,11
1,7,-1,1001,11
1,8,-1,1001,11
1,9,-1,1001,11
1,10,-1,1001,11
1,11,-1,1001,11
1,12,-1,1001,11
1,13,-1,1001,11
1,14,-1,1001,11
1,15,-1,1001,11
1,16,-1,1001,11
1,17,17,43,11
1,18,-1,1001,11
1,19,1,202,11
1,20,1,1001,11
1,0,-1,1001,76
1,1,-1,1001,76
1,2,-1,1001,76
1,3,-1,1001,76
1,4,-1,1001,76
1,5,-1,1001,76
1,6,1,1001,76
1,7,-1,1001,76
1,8,-1,1001,76
1,9,-1,1001,76
1,10,-1,1001,76
1,11,-1,1001,76
1,12,-1,1001,76
1,13,-1,1001,76
1,14,-1,1001,76
1,15,-1,1001,76
1,16,-1,1001,76
1,17,17,47,76
1,18,-1,1001,76
1,19,19,139,76
1,20,1,1001,76
1,0,1,130,69
1,1,-1,1001,69
1,2,-1,1001,69
1,3,-1,1001,69
1,4,-1,1001,69
1,5,-1,1001,69
1,6,1,1001,69
1,7,-1,1001,69
1,8,-1,1001,69
1,9,-1,1001,69
1,10,-1,1001,69
1,11,-1,1001,69
1,12,-1,1001,69
1,13,-1,1001,69
1,14,-1,1001,69
1,15,-1,1001,69
1,16,-1,1001,69
1,17,17,57,69
1,18,-1,1001,69
1,19,1,361,69
1,20,1,1001,69
1,0,-1,1001,7
1,1,-1,1001,7
1,2,-1,1001,7
1,3,-1,1001,7
1,4,-1,1001,7
1,5,-1,1001,7
1,6,1,1001,7
1,7,-1,1001,7
1,8,-1,1001,7
1,9,-1,1001,7
1,10,-1,1001,7
1,11,-1,1001,7
1,12,-1,1001,7
1,13,-1,1001,7
1,14,-1,1001,7
1,15,-1,1001,7
1,16,-1,1001,7
1,17,17,43,7
1,18,-1,1001,7
1,19,1,434,7
1,20,1,1001,7
1,0,1,241,26
1,1,-1,1001,26
1,2,-1,1001,26
1,3,-1,1001,26
1,4,-1,1001,26
1,5,-1,1001,26
1,6,1,1001,26
1,7,-1,1001,26
1,8,-1,1001,26
1,9,-1,1001,26
1,10,-1,1001,26
1,11,-1,1001,26
1,12,-1,1001,26
1,13,-1,1001,26
1,14,-1,1001,26
1,15,-1,1001,26
1,16,-1,1001,26
1,17,17,33,26
1,18,-1,1001,26
1,19,19,124,26
1,20,1,1001,26
2,0,2,117,11
2,1,-1,1001,11
2,2,-1,1001,11
2,3,-1,1001,11
2,4,-1,1001,11
2,5,-1,1001,11
2,6,2,1001,11
2,7,-1,1001,11
2,8,-1,1001,11
2,9,-1,1001,11
2,10,-1,1001,11
2,11,-1,1001,11
2,12,-1,1001,11
2,13,-1,1001,11
2,14,-1,1001,11
2,15,-1,1001,11
2,16,-1,1001,11
2,17,17,43,11
2,18,-1,1001,11
2,19,2,164,11
2,20,2,1001,11
2,0,-1,1001,76
2,1,-1,1001,76
2,2,-1,1001,76
2,3,-1,1001,76
2,4,-1,1001,76
2,5,-1,1001,76
2,6,2,1001,76
2,7,-1,1001,76
2,8,-1,1001,76
2,9,-1,1001,76
2,10,-1,1001,76
2,11,-1,1001,76
2,12,-1,1001,76
2,13,-1,1001,76
2,14,-1,1001,76
2,15,-1,1001,76
2,16,-1,1001,76
2,17,17,47,76
2,18,-1,1001,76
2,19,19,131,76
2,20,2,1001,76
2,0,0,183,69
2,1,-1,1001,69
2,2,-1,1001,69
2,3,-1,1001,69
2,4,-1,1001,69
2,5,-1,1001,69
2,6,2,1001,69
2,7,-1,1001,69
2,8,-1,1001,69
2,9,-1,1001,69
2,10,-1,1001,69
2,11,-1,1001,69
2,12,-1,1001,69
2,13,-1,1001,69
2,14,-1,1001,69
2,15,-1,1001,69
2,16,-1,1001,69
2,17,17,57,69
2,18,-1,1001,69
2,19,2,327,69
2,20,2,1001,69
2,0,-1,1001,7
2,1,-1,1001,7
2,2,-1,1001,7
2,3,-1,1001,7
2,4,-1,1001,7
2,5,-1,1001,7
2,6,2,1001,7
2,7,-1,1001,7
2,8,-1,1001,7
2,9,-1,1001,7
2,10,-1,1001,7
2,11,-1,1001,7
2,12,-1,1001,7
2,13,-1,1001,7
2,14,-1,1001,7
2,15,-1,1001,7
2,16,-1,1001,7
2,17,17,43,7
2,18,-1,1001,7
2,19,2,221,7
2,20,2,1001,7
2,0,0,287,26
2,1,-1,1001,26
2,2,-1,1001,26
2,3,-1,1001,26
2,4,-1,1001,26
2,5,-1,1001,26
2,6,2,1001,26
2,7,-1,1001,26
2,8,-1,1001,26
2,9,-1,1001,26
2,10,-1,1001,26
2,11,-1,1001,26
2,12,-1,1001,26
2,13,-1,1001,26
2,14,-1,1001,26
2,15,-1,1001,26
2,16,-1,1001,26
2,17,17,33,26
2,18,-1,1001,26
2,19,19,121,26
2,20,2,1001,26
3,0,3,131,11
3,1,-1,1001,11
3,2,-1,1001,11
3,3,-1,1001,11
3,4,-1,1001,11
3,5,-1,1001,11
3,6,3,1001,11
3,7,-1,1001,11
3,8,-1,1001,11
3,9,-1,1001,11
3,10,-1,1001,11
3,11,-1,1001,11
3,12,-1,1001,11
3,13,-1,1001,11
3,14,-1,1001,11
3,15,-1,1001,11
3,16,-1,1001,11
3,17,17,43,11
3,18,-1,1001,11
3,19,3,199,11
3,20,3,1001,11
3,0,-1,1001,76
3,1,-1,1001,76
3,2,-1,1001,76
3,3,-1,1001,76
3,4,-1,1001,76
3,5,-1,1001,76
3,6,3,1001,76
3,7,-1,1001,76
3,8,-1,1001,76
3,9,-1,1001,76
3,10,-1,1001,76
3,11,-1,1001,76
3,12,-1,1001,76
3,13,-1,1001,76
3,14,-1,1001,76
3,15,-1,1001,76
3,16,-1,1001,76
3,17,17,47,76
3,18,-1,1001,76
3,19,19,134,76
3,20,3,1001,76
3,0,0,187,69
3,1,-1,1001,69
3,2,-1,1001,69
3,3,-1,1001,69
3,4,-1,1001,69
3,5,-1,1001,69
3,6,3,1001,69
3,7,-1,1001,69
3,8,-1,1001,69
3,9,-1,1001,69
3,10,-1,1001,69
3,11,-1,1001,69
3,12,-1,1001,69
3,13,-1,1001,69
3,14,-1,1001,69
3,15,-1,1001,69
3,16,-1,1001,69
3,17,17,57,69
3,18,-1,1001,69
3,19,3,401,69
3,20,3,1001,69
3,0,-1,1001,7
3,1,-1,1001,7
3,2,-1,1001,7
3,3,-1,1001,7
3,4,-1,1001,7
3,5,-1,1001,7
3,6,3,1001,7
3,7,-1,1001,7
3,8,-1,1001,7
3,9,-1,1001,7
3,10,-1,1001,7
3,11,-1,1001,7
3,12,-1,1001,7
3,13,-1,1001,7
3,14,-1,1001,7
3,15,-1,1001,7
3,16,-1,1001,7
3,17,17,43,7
3,18,-1,1001,7
3,19,3,228,7
3,20,3,1001,7
3,0,3,196,26
3,1,-1,1001,26
3,2,-1,1001,26
3,3,-1,1001,26
3,4,-1,1001,26
3,5,-1,1001,26
3,6,3,1001,26
3,7,-1,1001,26
3,8,-1,1001,26
3,9,-1,1001,26
3,10,-1,1001,26
3,11,-1,1001,26
3,12,-1,1001,26
3,13,-1,1001,26
3,14,-1,1001,26
3,15,-1,1001,26
3,16,-1,1001,26
3,17,17,33,26
3,18,-1,1001,26
3,19,19,118,26
3,20,3,1001,26
4,0,4,126,11
4,1,-1,1001,11
4,2,-1,1001,11
4,3,-1,1001,11
4,4,-1,1001,11
4,5,-1,1001,11
4,6,4,1001,11
4,7,-1,1001,11
4,8,-1,1001,11
4,9,-1,1001,11
4,10,-1,1001,11
4,11,-1,1001,11
4,12,-1,1001,11
4,13,-1,1001,11
4,14,-1,1001,11
4,15,-1,1001,11
4,16,-1,1001,11
4,17,17,43,11
4,18,-1,1001,11
4,19,4,160,11
4,20,4,1001,11
4,0,-1,1001,76
4,1,-1,1001,76
4,2,-1,1001,76
4,3,-1,1001,76
4,4,-1,1001,76
4,5,-1,1001,76
4,6,4,1001,76
4,7,-1,1001,76
4,8,-1,1001,76
4,9,-1,1001,76
4,10,-1,1001,76
4,11,-1,1001,76
4,12,-1,1001,76
4,13,-1,1001,76
4,14,-1,1001,76
4,15,-1,1001,76
4,16,-1,1001,76
4,17,17,47,76
4,18,-1,1001,76
4,19,19,114,76
4,20,4,1001,76
4,0,0,183,69
4,1,-1,1001,69
4,2,-1,1001,69
4,3,-1,1001,69
4,4,-1,1001,69
4,5,-1,1001,69
4,6,4,1001,69
4,7,-1,1001,69
4,8,-1,1001,69
4,9,-1,1001,69
4,10,-1,1001,69
4,11,-1,1001,69
4,12,-1,1001,69
4,13,-1,1001,69
4,14,-1,1001,69
4,15,-1,1001,69
4,16,-1,1001,69
4,17,17,57,69
4,18,-1,1001,69
4,19,4,304,69
4,20,4,1001,69
4,0,-1,1001,7
4,1,-1,1001,7
4,2,-1,1001,7
4,3,-1,1001,7
4,4,-1,1001,7
4,5,-1,1001,7
4,6,4,1001,7
4,7,-1,1001,7
4,8,-1,1001,7
4,9,-1,1001,7
4,10,-1,1001,7
4,11,-1,1001,7
4,12,-1,1001,7
4,13,-1,1001,7
4,14,-1,1001,7
4,15,-1,1001,7
4,16,-1,1001,7
4,17,17,43,7
4,18,-1,1001,7
4,19,4,310,7
4,20,4,1001,7
4,0,4,221,26
4,1,-1,1001,26
4,2,-1,1001,26
4,3,-1,1001,26
4,4,-1,1001,26
4,5,-1,1001,26
4,6,4,1001,26
4,7,-1,1001,26
4,8,-1,1001,26
4,9,-1,1001,26
4,10,-1,1001,26
4,11,-1,1001,26
4,12,-1,1001,26
4,13,-1,1001,26
4,14,-1,1001,26
4,15,-1,1001,26
4,16,-1,1001,26
4,17,17,33,26
4,18,-1,1001,26
4,19,19,121,26
4,20,4,1001,26
5,0,0,215,11
5,1,-1,1001,11
5,2,-1,1001,11
5,3,-1,1001,11
5,4,-1,1001,11
5,5,-1,1001,11
5,6,5,1001,11
5,7,-1,1001,11
5,8,-1,1001,11
5,9,-1,1001,11
5,10,-1,1001,11
5,11,-1,1001,11
5,12,-1,1001,11
5,13,-1,1001,11
5,14,-1,1001,11
5,15,-1,1001,11
5,16,-1,1001,11
5,17,17,43,11
5,18,-1,1001,11
5,19,5,168,11
5,20,5,1001,11
5,0,-1,1001,76
5,1,-1,1001,76
5,2,-1,1001,76
5,3,-1,1001,76
5,4,-1,1001,76
5,5,-1,1001,76
5,6,5,1001,76
5,7,-1,1001,76
5,8,-1,1001,76
5,9,-1,1001,76
5,10,-1,1001,76
5,11,-1,1001,76
5,12,-1,1001,76
5,13,-1,1001,76
5,14,-1,1001,76
5,15,-1,1001,76
5,16,-1,1001,76
5,17,17,47,76
5,18,-1,1001,76
5,19,19,194,76
5,20,5,1001,76
5,0,0,334,69
5,1,-1,1001,69
5,2,-1,1001,69
5,3,-1,1001,69
5,4,-1,1001,69
5,5,-1,1001,69
5,6,5,1001,69
5,7,-1,1001,69
5,8,-1,1001,69
5,9,-1,1001,69
5,10,-1,1001,69
5,11,-1,1001,69
5,12,-1,1001,69
5,13,-1,1001,69
5,14,-1,1001,69
5,15,-1,1001,69
5,16,-1,1001,69
5,17,17,57,69
5,18,-1,1001,69
5,19,5,515,69
5,20,5,1001,69
5,0,-1,1001,7
5,1,-1,1001,7
5,2,-1,1001,7
5,3,-1,1001,7
5,4,-1,1001,7
5,5,-1,1001,7
5,6,5,1001,7
5,7,-1,1001,7
5,8,-1,1001,7
5,9,-1,1001,7
5,10,-1,1001,7
5,11,-1,1001,7
5,12,-1,1001,7
5,13,-1,1001,7
5,14,-1,1001,7
5,15,-1,1001,7
5,16,-1,1001,7
5,17,17,43,7
5,18,-1,1001,7
5,19,19,276,7
5,20,5,1001,7
5,0,0,271,26
5,1,-1,1001,26
5,2,-1,1001,26
5,3,-1,1001,26
5,4,-1,1001,26
5,5,-1,1001,26
5,6,5,1001,26
5,7,-1,1001,26
5,8,-1,1001,26
5,9,-1,1001,26
5,10,-1,1001,26
5,11,-1,1001,26
5,12,-1,1001,26
5,13,-1,1001,26
5,14,-1,1001,26
5,15,-1,1001,26
5,16,-1,1001,26
5,17,17,33,26
5,18,-1,1001,26
5,19,19,120,26
5,20,5,1001,26
6,0,6,130,11
6,1,1,1001,11
6,2,2,1001,11
6,3,3,1001,11
6,4,4,1001,11
6,5,5,1001,11
6,6,-1,1001,11
6,7,7,1001,11
6,8,8,1001,11
6,9,6,1001,11
6,10,6,1001,11
6,11,11,1001,11
6,12,12,1001,11
6,13,13,1001,11
6,14,14,1001,11
6,15,15,1001,11
6,16,16,1001,11
6,17,17,43,11
6,18,18,1001,11
6,19,6,191,11
6,20,20,1001,11
6,0,0,1001,76
6,1,1,1001,76
6,2,2,1001,76
6,3,3,1001,76
6,4,4,1001,76
6,5,5,1001,76
6,6,-1,1001,76
6,7,7,1001,76
6,8,8,1001,76
6,9,6,1001,76
6,10,6,1001,76
6,11,11,1001,76
6,12,12,1001,76
6,13,13,1001,76
6,14,14,1001,76
6,15,15,1001,76
6,16,16,1001,76
6,17,17,47,76
6,18,18,1001,76
6,19,19,146,76
6,20,20,1001,76
6,0,0,183,69
6,1,1,1001,69
6,2,2,1001,69
6,3,3,1001,69
6,4,4,1001,69
6,5,5,1001,69
6,6,-1,1001,69
6,7,7,1001,69
6,8,8,1001,69
6,9,6,743,69
6,10,6,1001,69
6,11,11,1001,69
6,12,12,1001,69
6,13,13,1001,69
6,14,14,1001,69
6,15,15,1001,69
6,16,16,1001,69
6,17,17,57,69
6,18,18,1001,69
6,19,6,322,69
6,20,20,1001,69
6,0,6,383,7
6,1,1,1001,7
6,2,2,1001,7
6,3,3,1001,7
6,4,4,1001,7
6,5,5,1001,7
6,6,-1,1001,7
6,7,7,1001,7
6,8,8,1001,7
6,9,9,474,7
6,10,6,1001,7
6,11,11,1001,7
6,12,12,1001,7
6,13,13,1001,7
6,14,14,1001,7
6,15,15,1001,7
6,16,16,1001,7
6,17,17,43,7
6,18,18,1001,7
6,19,6,165,7
6,20,20,1001,7
6,0,0,235,26
6,1,1,1001,26
6,2,2,1001,26
6,3,3,1001,26
6,4,4,1001,26
6,5,5,1001,26
6,6,-1,1001,26
6,7,7,1001,26
6,8,8,1001,26
6,9,9,253,26
6,10,6,1001,26
6,11,11,1001,26
6,12,12,1001,26
6,13,13,1001,26
6,14,14,1001,26
6,15,15,1001,26
6,16,16,1001,26
6,17,17,34,26
6,18,18,1001,26
6,19,19,135,26
6,20,20,1001,26
7,0,0,147,11
7,1,-1,1001,11
7,2,-1,1001,11
7,3,-1,1001,11
7,4,-1,1001,11
7,5,-1,1001,11
7,6,7,1001,11
7,7,-1,1001,11
7,8,-1,1001,11
7,9,-1,1001,11
7,10,-1,1001,11
7,11,-1,1001,11
7,12,-1,1001,11
7,13,-1,1001,11
7,14,-1,1001,11
7,15,-1,1001,11
7,16,-1,1001,11
7,17,17,43,11
7,18,-1,1001,11
7,19,7,113,11
7,20,7,1001,11
7,0,-1,1001,76
7,1,-1,1001,76
7,2,-1,1001,76
7,3,-1,1001,76
7,4,-1,1001,76
7,5,-1,1001,76
7,6,7,1001,76
7,7,-1,1001,76
7,8,-1,1001,76
7,9,-1,1001,76
7,10,-1,1001,76
7,11,-1,1001,76
7,12,-1,1001,76
7,13,-1,1001,76
7,14,-1,1001,76
7,15,-1,1001,76
7,16,-1,1001,76
7,17,17,47,76
7,18,-1,1001,76
7,19,19,153,76
7,20,7,1001,76
7,0,0,305,69
7,1,-1,1001,69
7,2,-1,1001,69
7,3,-1,1001,69
7,4,-1,1001,69
7,5,-1,1001,69
7,6,7,1001,69
7,7,-1,1001,69
7,8,-1,1001,69
7,9,-1,1001,69
7,10,-1,1001,69
7,11,-1,1001,69
7,12,-1,1001,69
7,13,-1,1001,69
7,14,-1,1001,69
7,15,-1,1001,69
7,16,-1,1001,69
7,17,17,57,69
7,18,-1,1001,69
7,19,7,385,69
7,20,7,1001,69
7,0,-1,1001,7
7,1,-1,1001,7
7,2,-1,1001,7
7,3,-1,1001,7
7,4,-1,1001,7
7,5,-1,1001,7
7,6,7,1001,7
7,7,-1,1001,7
7,8,-1,1001,7
7,9,-1,1001,7
7,10,-1,1001,7
7,11,-1,1001,7
7,12,-1,1001,7
7,13,-1,1001,7
7,14,-1,1001,7
7,15,-1,1001,7
7,16,-1,1001,7
7,17,17,43,7
7,18,-1,1001,7
7,19,7,138,7
7,20,7,1001,7
7,0,0,176,26
7,1,-1,1001,26
7,2,-1,1001,26
7,3,-1,1001,26
7,4,-1,1001,26
7,5,-1,1001,26
7,6,7,1001,26
7,7,-1,1001,26
7,8,-1,1001,26
7,9,-1,1001,26
7,10,-1,1001,26
7,11,-1,1001,26
7,12,-1,1001,26
7,13,-1,1001,26
7,14,-1,1001,26
7,15,-1,1001,26
7,16,-1,1001,26
7,17,17,33,26
7,18,-1,1001,26
7,19,7,75,26
7,20,7,1001,26
8,0,8,112,11
8,1,-1,1001,11
8,2,-1,1001,11
8,3,-1,1001,11
8,4,-1,1001,11
8,5,-1,1001,11
8,6,8,1001,11
8,7,-1,1001,11
8,8,-1,1001,11
8,9,-1,1001,11
8,10,-1,1001,11
8,11,-1,1001,11
8,12,-1,1001,11
8,13,-1,1001,11
8,14,-1,1001,11
8,15,-1,1001,11
8,16,-1,1001,11
8,17,17,43,11
8,18,-1,1001,11
8,19,8,186,11
8,20,8,1001,11
8,0,-1,1001,76
8,1,-1,1001,76
8,2,-1,1001,76
8,3,-1,1001,76
8,4,-1,1001,76
8,5,-1,1001,76
8,6,8,1001,76
8,7,-1,1001,76
8,8,-1,1001,76
8,9,-1,1001,76
8,10,-1,1001,76
8,11,-1,1001,76
8,12,-1,1001,76
8,13,-1,1001,76
8,14,-1,1001,76
8,15,-1,1001,76
8,16,-1,1001,76
8,17,17,47,76
8,18,-1,1001,76
8,19,19,153,76
8,20,8,1001,76
8,0,8,140,69
8,1,-1,1001,69
8,2,-1,1001,69
8,3,-1,1001,69
8,4,-1,1001,69
8,5,-1,1001,69
8,6,8,1001,69
8,7,-1,1001,69
8,8,-1,1001,69
8,9,-1,1001,69
8,10,-1,1001,69
8,11,-1,1001,69
8,12,-1,1001,69
8,13,-1,1001,69
8,14,-1,1001,69
8,15,-1,1001,69
8,16,-1,1001,69
8,17,17,57,69
8,18,-1,1001,69
8,19,8,382,69
8,20,8,1001,69
8,0,-1,1001,7
8,1,-1,1001,7
8,2,-1,1001,7
8,3,-1,1001,7
8,4,-1,1001,7
8,5,-1,1001,7
8,6,8,1001,7
8,7,-1,1001,7
8,8,-1,1001,7
8,9,-1,1001,7
8,10,-1,1001,7
8,11,-1,1001,7
8,12,-1,1001,7
8,13,-1,1001,7
8,14,-1,1001,7
8,15,-1,1001,7
8,16,-1,1001,7
8,17,17,43,7
8,18,-1,1001,7
8,19,8,186,7
8,20,8,1001,7
8,0,8,201,26
8,1,-1,1001,26
8,2,-1,1001,26
8,3,-1,1001,26
8,4,-1,1001,26
8,5,-1,1001,26
8,6,8,1001,26
8,7,-1,1001,26
8,8,-1,1001,26
8,9,-1,1001,26
8,10,-1,1001,26
8,11,-1,1001,26
8,12,-1,1001,26
8,13,-1,1001,26
8,14,-1,1001,26
8,15,-1,1001,26
8,16,-1,1001,26
8,17,17,33,26
8,18,-1,1001,26
8,19,19,118,26
8,20,8,1001,26
9,0,9,127,11
9,1,-1,1001,11
9,2,-1,1001,11
9,3,-1,1001,11
9,4,-1,1001,11
9,5,-1,1001,11
9,6,6,1001,11
9,7,-1,1001,11
9,8,-1,1001,11
9,9,-1,1001,11
9,10,-1,1001,11
9,11,-1,1001,11
9,12,-1,1001,11
9,13,-1,1001,11
9,14,-1,1001,11
9,15,-1,1001,11
9,16,-1,1001,11
9,17,17,43,11
9,18,-1,1001,11
9,19,9,160,11
9,20,20,1001,11
9,0,-1,1001,76
9,1,-1,1001,76
9,2,-1,1001,76
9,3,-1,1001,76
9,4,-1,1001,76
9,5,-1,1001,76
9,6,6,1001,76
9,7,-1,1001,76
9,8,-1,1001,76
9,9,-1,1001,76
9,10,-1,1001,76
9,11,-1,1001,76
9,12,-1,1001,76
9,13,-1,1001,76
9,14,-1,1001,76
9,15,-1,1001,76
9,16,-1,1001,76
9,17,17,47,76
9,18,-1,1001,76
9,19,19,114,76
9,20,9,1001,76
9,0,0,183,69
9,1,-1,1001,69
9,2,-1,1001,69
9,3,-1,1001,69
9,4,-1,1001,69
9,5,-1,1001,69
9,6,6,681,69
9,7,-1,1001,69
9,8,-1,1001,69
9,9,-1,1001,69
9,10,-1,1001,69
9,11,-1,1001,69
9,12,-1,1001,69
9,13,-1,1001,69
9,14,-1,1001,69
9,15,-1,1001,69
9,16,-1,1001,69
9,17,17,57,69
9,18,-1,1001,69
9,19,9,304,69
9,20,20,1001,69
9,0,-1,1001,7
9,1,-1,1001,7
9,2,-1,1001,7
9,3,-1,1001,7
9,4,-1,1001,7
9,5,-1,1001,7
9,6,9,1001,7
9,7,-1,1001,7
9,8,-1,1001,7
9,9,-1,1001,7
9,10,-1,1001,7
9,11,-1,1001,7
9,12,-1,1001,7
9,13,-1,1001,7
9,14,-1,1001,7
9,15,-1,1001,7
9,16,-1,1001,7
9,17,17,43,7
9,18,-1,1001,7
9,19,9,309,7
9,20,9,1001,7
9,0,9,198,26
9,1,-1,1001,26
9,2,-1,1001,26
9,3,-1,1001,26
9,4,-1,1001,26
9,5,-1,1001,26
9,6,9,260,26
9,7,-1,1001,26
9,8,-1,1001,26
9,9,-1,1001,26
9,10,-1,1001,26
9,11,-1,1001,26
9,12,-1,1001,26
9,13,-1,1001,26
9,14,-1,1001,26
9,15,-1,1001,26
9,16,-1,1001,26
9,17,17,33,26
9,18,-1,1001,26
9,19,19,121,26
9,20,20,1001,26
10,0,0,152,11
10,1,-1,1001,11
10,2,-1,1001,11
10,3,-1,1001,11
10,4,-1,1001,11
10,5,-1,1001,11
10,6,6,1001,11
10,7,-1,1001,11
10,8,-1,1001,11
10,9,-1,1001,11
10,10,-1,1001,11
10,11,-1,1001,11
10,12,-1,1001,11
10,13,-1,1001,11
10,14,-1,1001,11
10,15,-1,1001,11
10,16,-1,1001,11
10,17,17,43,11
10,18,-1,1001,11
10,19,10,157,11
10,20,10,1001,11
10,0,-1,1001,76
10,1,-1,1001,76
10,2,-1,1001,76
10,3,-1,1001,76
10,4,-1,1001,76
10,5,-1,1001,76
10,6,6,1001,76
10,7,-1,1001,76
10,8,-1,1001,76
10,9,-1,1001,76
10,10,-1,1001,76
10,11,-1,1001,76
10,12,-1,1001,76
10,13,-1,1001,76
10,14,-1,1001,76
10,15,-1,1001,76
10,16,-1,1001,76
10,17,17,47,76
10,18,-1,1001,76
10,19,19,158,76
10,20,10,1001,76
10,0,0,175,69
10,1,-1,1001,69
10,2,-1,1001,69
10,3,-1,1001,69
10,4,-1,1001,69
10,5,-1,1001,69
10,6,6,1001,69
10,7,-1,1001,69
10,8,-1,1001,69
10,9,-1,1001,69
10,10,-1,1001,69
10,11,-1,1001,69
10,12,-1,1001,69
10,13,-1,1001,69
10,14,-1,1001,69
10,15,-1,1001,69
10,16,-1,1001,69
10,17,17,57,69
10,18,-1,1001,69
10,19,10,448,69
10,20,10,1001,69
10,0,-1,1001,7
10,1,-1,1001,7
10,2,-1,1001,7
10,3,-1,1001,7
10,4,-1,1001,7
10,5,-1,1001,7
10,6,6,1001,7
10,7,-1,1001,7
10,8,-1,1001,7
10,9,-1,1001,7
10,10,-1,1001,7
10,11,-1,1001,7
10,12,-1,1001,7
10,13,-1,1001,7
10,14,-1,1001,7
10,15,-1,1001,7
10,16,-1,1001,7
10,17,17,43,7
10,18,-1,1001,7
10,19,10,163,7
10,20,10,1001,7
10,0,10,235,26
10,1,-1,1001,26
10,2,-1,1001,26
10,3,-1,1001,26
10,4,-1,1001,26
10,5,-1,1001,26
10,6,6,1001,26
10,7,-1,1001,26
10,8,-1,1001,26
10,9,-1,1001,26
10,10,-1,1001,26
10,11,-1,1001,26
10,12,-1,1001,26
10,13,-1,1001,26
10,14,-1,1001,26
10,15,-1,1001,26
10,16,-1,1001,26
10,17,17,33,26
10,18,-1,1001,26
10,19,19,121,26
10,20,10,1001,26
11,0,11,126,11
11,1,-1,1001,11
11,2,-1,1001,11
11,3,-1,1001,11
11,4,-1,1001,11
11,5,-1,1001,11
11,6,11,1001,11
11,7,-1,1001,11
11,8,-1,1001,11
11,9,-1,1001,11
11,10,-1,1001,11
11,11,-1,1001,11
11,12,-1,1001,11
11,13,-1,1001,11
11,14,-1,1001,11
11,15,-1,1001,11
11,16,-1,1001,11
11,17,17,43,11
11,18,-1,1001,11
11,19,11,160,11
11,20,11,1001,11
11,0,-1,1001,76
11,1,-1,1001,76
11,2,-1,1001,76
11,3,-1,1001,76
11,4,-1,1001,76
11,5,-1,1001,76
11,6,11,1001,76
11,7,-1,1001,76
11,8,-1,1001,76
11,9,-1,1001,76
11,10,-1,1001,76
11,11,-1,1001,76
11,12,-1,1001,76
11,13,-1,1001,76
11,14,-1,1001,76
11,15,-1,1001,76
11,16,-1,1001,76
11,17,17,47,76
11,18,-1,1001,76
11,19,19,114,76
11,20,11,1001,76
11,0,0,183,69
11,1,-1,1001,69
11,2,-1,1001,69
11,3,-1,1001,69
11,4,-1,1001,69
11,5,-1,1001,69
11,6,11,1001,69
11,7,-1,1001,69
11,8,-1,1001,69
11,9,-1,1001,69
11,10,-1,1001,69
11,11,-1,1001,69
11,12,-1,1001,69
11,13,-1,1001,69
11,14,-1,1001,69
11,15,-1,1001,69
11,16,-1,1001,69
11,17,17,57,69
11,18,-1,1001,69
11,19,11,304,69
11,20,11,1001,69
11,0,-1,1001,7
11,1,-1,1001,7
11,2,-1,1001,7
11,3,-1,1001,7
11,4,-1,1001,7
11,5,-1,1001,7
11,6,11,1001,7
11,7,-1,1001,7
11,8,-1,1001,7
11,9,-1,1001,7
11,10,-1,1001,7
11,11,-1,1001,7
11,12,-1,1001,7
11,13,-1,1001,7
11,14,-1,1001,7
11,15,-1,1001,7
11,16,-1,1001,7
11,17,17,43,7
11,18,-1,1001,7
11,19,11,310,7
11,20,11,1001,7
11,0,11,221,26
11,1,-1,1001,26
11,2,-1,1001,26
11,3,-1,1001,26
11,4,-1,1001,26
11,5,-1,1001,26
11,6,11,1001,26
11,7,-1,1001,26
11,8,-1,1001,26
11,9,-1,1001,26
11,10,-1,1001,26
11,11,-1,1001,26
11,12,-1,1001,26
11,13,-1,1001,26
11,14,-1,1001,26
11,15,-1,1001,26
11,16,-1,1001,26
11,17,17,33,26
11,18,-1,1001,26
11,19,19,121,26
11,20,11,1001,26
12,0,12,124,11
12,1,-1,1001,11
12,2,-1,1001,11
12,3,-1,1001,11
12,4,-1,1001,11
12,5,-1,1001,11
12,6,12,1001,11
12,7,-1,1001,11
12,8,-1,1001,11
12,9,-1,1001,11
12,10,-1,1001,11
12,11,-1,1001,11
12,12,-1,1001,11
12,13,-1,1001,11
12,14,-1,1001,11
12,15,-1,1001,11
12,16,-1,1001,11
12,17,17,43,11
12,18,-1,1001,11
12,19,12,171,11
12,20,12,1001,11
12,0,-1,1001,76
12,1,-1,1001,76
12,2,-1,1001,76
12,3,-1,1001,76
12,4,-1,1001,76
12,5,-1,1001,76
12,6,12,1001,76
12,7,-1,1001,76
12,8,-1,1001,76
12,9,-1,1001,76
12,10,-1,1001,76
12,11,-1,1001,76
12,12,-1,1001,76
12,13,-1,1001,76
12,14,-1,1001,76
12,15,-1,1001,76
12,16,-1,1001,76
12,17,17,47,76
12,18,-1,1001,76
12,19,19,138,76
12,20,12,1001,76
12,0,0,200,69
12,1,-1,1001,69
12,2,-1,1001,69
12,3,-1,1001,69
12,4,-1,1001,69
12,5,-1,1001,69
12,6,12,1001,69
12,7,-1,1001,69
12,8,-1,1001,69
12,9,-1,1001,69
12,10,-1,1001,69
12,11,-1,1001,69
12,12,-1,1001,69
12,13,-1,1001,69
12,14,-1,1001,69
12,15,-1,1001,69
12,16,-1,1001,69
12,17,17,57,69
12,18,-1,1001,69
12,19,12,351,69
12,20,12,1001,69
12,0,-1,1001,7
12,1,-1,1001,7
12,2,-1,1001,7
12,3,-1,1001,7
12,4,-1,1001,7
12,5,-1,1001,7
12,6,12,1001,7
12,7,-1,1001,7
12,8,-1,1001,7
12,9,-1,1001,7
12,10,-1,1001,7
12,11,-1,1001,7
12,12,-1,1001,7
12,13,-1,1001,7
12,14,-1,1001,7
12,15,-1,1001,7
12,16,-1,1001,7
12,17,17,43,7
12,18,-1,1001,7
12,19,19,146,7
12,20,12,1001,7
12,0,12,193,26
12,1,-1,1001,26
12,2,-1,1001,26
12,3,-1,1001,26
12,4,-1,1001,26
12,5,-1,1001,26
12,6,12,1001,26
12,7,-1,1001,26
12,8,-1,1001,26
12,9,-1,1001,26
12,10,-1,1001,26
12,11,-1,1001,26
12,12,-1,1001,26
12,13,-1,1001,26
12,14,-1,1001,26
12,15,-1,1001,26
12,16,-1,1001,26
12,17,17,33,26
12,18,-1,1001,26
12,19,19,121,26
12,20,12,1001,26
13,0,0,269,11
13,1,-1,1001,11
13,2,-1,1001,11
13,3,-1,1001,11
13,4,-1,1001,11
13,5,-1,1001,11
13,6,13,1001,11
13,7,-1,1001,11
13,8,-1,1001,11
13,9,-1,1001,11
13,10,-1,1001,11
13,11,-1,1001,11
13,12,-1,1001,11
13,13,-1,1001,11
13,14,-1,1001,11
13,15,-1,1001,11
13,16,-1,1001,11
13,17,17,43,11
13,18,-1,1001,11
13,19,13,243,11
13,20,13,1001,11
13,0,-1,1001,76
13,1,-1,1001,76
13,2,-1,1001,76
13,3,-1,1001,76
13,4,-1,1001,76
13,5,-1,1001,76
13,6,13,1001,76
13,7,-1,1001,76
13,8,-1,1001,76
13,9,-1,1001,76
13,10,-1,1001,76
13,11,-1,1001,76
13,12,-1,1001,76
13,13,-1,1001,76
13,14,-1,1001,76
13,15,-1,1001,76
13,16,-1,1001,76
13,17,17,47,76
13,18,-1,1001,76
13,19,19,214,76
13,20,13,1001,76
13,0,0,727,69
13,1,-1,1001,69
13,2,-1,1001,69
13,3,-1,1001,69
13,4,-1,1001,69
13,5,-1,1001,69
13,6,13,1001,69
13,7,-1,1001,69
13,8,-1,1001,69
13,9,-1,1001,69
13,10,-1,1001,69
13,11,-1,1001,69
13,12,-1,1001,69
13,13,-1,1001,69
13,14,-1,1001,69
13,15,-1,1001,69
13,16,-1,1001,69
13,17,17,57,69
13,18,-1,1001,69
13,19,19,477,69
13,20,13,1001,69
13,0,-1,1001,7
13,1,-1,1001,7
13,2,-1,1001,7
13,3,-1,1001,7
13,4,-1,1001,7
13,5,-1,1001,7
13,6,13,1001,7
13,7,-1,1001,7
13,8,-1,1001,7
13,9,-1,1001,7
13,10,-1,1001,7
13,11,-1,1001,7
13,12,-1,1001,7
13,13,-1,1001,7
13,14,-1,1001,7
13,15,-1,1001,7
13,16,-1,1001,7
13,17,17,43,7
13,18,-1,1001,7
13,19,19,276,7
13,20,13,1001,7
13,0,0,275,26
13,1,-1,1001,26
13,2,-1,1001,26
13,3,-1,1001,26
13,4,-1,1001,26
13,5,-1,1001,26
13,6,13,1001,26
13,7,-1,1001,26
13,8,-1,1001,26
13,9,-1,1001,26
13,10,-1,1001,26
13,11,-1,1001,26
13,12,-1,1001,26
13,13,-1,1001,26
13,14,-1,1001,26
13,15,-1,1001,26
13,16,-1,1001,26
13,17,17,33,26
13,18,-1,1001,26
13,19,13,187,26
13,20,13,1001,26
14,0,14,121,11
14,1,-1,1001,11
14,2,-1,1001,11
14,3,-1,1001,11
14,4,-1,1001,11
14,5,-1,1001,11
14,6,14,1001,11
14,7,-1,1001,11
14,8,-1,1001,11
14,9,-1,1001,11
14,10,-1,1001,11
14,11,-1,1001,11
14,12,-1,1001,11
14,13,-1,1001,11
14,14,-1,1001,11
14,15,-1,1001,11
14,16,-1,1001,11
14,17,17,43,11
14,18,-1,1001,11
14,19,14,164,11
14,20,14,1001,11
14,0,-1,1001,76
14,1,-1,1001,76
14,2,-1,1001,76
14,3,-1,1001,76
14,4,-1,1001,76
14,5,-1,1001,76
14,6,14,1001,76
14,7,-1,1001,76
14,8,-1,1001,76
14,9,-1,1001,76
14,10,-1,1001,76
14,11,-1,1001,76
14,12,-1,1001,76
14,13,-1,1001,76
14,14,-1,1001,76
14,15,-1,1001,76
14,16,-1,1001,76
14,17,17,47,76
14,18,-1,1001,76
14,19,19,131,76
14,20,14,1001,76
14,0,0,183,69
14,1,-1,1001,69
14,2,-1,1001,69
14,3,-1,1001,69
14,4,-1,1001,69
14,5,-1,1001,69
14,6,14,1001,69
14,7,-1,1001,69
14,8,-1,1001,69
14,9,-1,1001,69
14,10,-1,1001,69
14,11,-1,1001,69
14,12,-1,1001,69
14,13,-1,1001,69
14,14,-1,1001,69
14,15,-1,1001,69
14,16,-1,1001,69
14,17,17,57,69
14,18,-1,1001,69
14,19,14,501,69
14,20,14,1001,69
14,0,-1,1001,7
14,1,-1,1001,7
14,2,-1,1001,7
14,3,-1,1001,7
14,4,-1,1001,7
14,5,-1,1001,7
14,6,14,1001,7
14,7,-1,1001,7
14,8,-1,1001,7
14,9,-1,1001,7
14,10,-1,1001,7
14,11,-1,1001,7
14,12,-1,1001,7
14,13,-1,1001,7
14,14,-1,1001,7
14,15,-1,1001,7
14,16,-1,1001,7
14,17,17,43,7
14,18,-1,1001,7
14,19,14,155,7
14,20,14,1001,7
14,0,14,304,26
14,1,-1,1001,26
14,2,-1,1001,26
14,3,-1,1001,26
14,4,-1,1001,26
14,5,-1,1001,26
14,6,14,1001,26
14,7,-1,1001,26
14,8,-1,1001,26
14,9,-1,1001,26
14,10,-1,1001,26
14,11,-1,1001,26
14,12,-1,1001,26
14,13,-1,1001,26
14,14,-1,1001,26
14,15,-1,1001,26
14,16,-1,1001,26
14,17,17,33,26
14,18,-1,1001,26
14,19,19,121,26
14,20,14,1001,26
15,0,15,129,11
15,1,-1,1001,11
15,2,-1,1001,11
15,3,-1,1001,11
15,4,-1,1001,11
15,5,-1,1001,11
15,6,15,1001,11
15,7,-1,1001,11
15,8,-1,1001,11
15,9,-1,1001,11
15,10,-1,1001,11
15,11,-1,1001,11
15,12,-1,1001,11
15,13,-1,1001,11
15,14,-1,1001,11
15,15,-1,1001,11
15,16,-1,1001,11
15,17,17,43,11
15,18,-1,1001,11
15,19,15,181,11
15,20,15,1001,11
15,0,-1,1001,76
15,1,-1,1001,76
15,2,-1,1001,76
15,3,-1,1001,76
15,4,-1,1001,76
15,5,-1,1001,76
15,6,15,1001,76
15,7,-1,1001,76
15,8,-1,1001,76
15,9,-1,1001,76
15,10,-1,1001,76
15,11,-1,1001,76
15,12,-1,1001,76
15,13,-1,1001,76
15,14,-1,1001,76
15,15,-1,1001,76
15,16,-1,1001,76
15,17,17,47,76
15,18,-1,1001,76
15,19,19,114,76
15,20,15,1001,76
15,0,0,216,69
15,1,-1,1001,69
15,2,-1,1001,69
15,3,-1,1001,69
15,4,-1,1001,69
15,5,-1,1001,69
15,6,15,1001,69
15,7,-1,1001,69
15,8,-1,1001,69
15,9,-1,1001,69
15,10,-1,1001,69
15,11,-1,1001,69
15,12,-1,1001,69
15,13,-1,1001,69
15,14,-1,1001,69
15,15,-1,1001,69
15,16,-1,1001,69
15,17,17,57,69
15,18,-1,1001,69
15,19,15,1001,69
15,20,15,1001,69
15,0,-1,1001,7
15,1,-1,1001,7
15,2,-1,1001,7
15,3,-1,1001,7
15,4,-1,1001,7
15,5,-1,1001,7
15,6,15,1001,7
15,7,-1,1001,7
15,8,-1,1001,7
15,9,-1,1001,7
15,10,-1,1001,7
15,11,-1,1001,7
15,12,-1,1001,7
15,13,-1,1001,7
15,14,-1,1001,7
15,15,-1,1001,7
15,16,-1,1001,7
15,17,17,43,7
15,18,-1,1001,7
15,19,15,168,7
15,20,15,1001,7
15,0,15,247,26
15,1,-1,1001,26
15,2,-1,1001,26
15,3,-1,1001,26
15,4,-1,1001,26
15,5,-1,1001,26
15,6,15,1001,26
15,7,-1,1001,26
15,8,-1,1001,26
15,9,-1,1001,26
15,10,-1,1001,26
15,11,-1,1001,26
15,12,-1,1001,26
15,13,-1,1001,26
15,14,-1,1001,26
15,15,-1,1001,26
15,16,15,1001,26
15,17,17,33,26
15,18,-1,1001,26
15,19,19,109,26
15,20,15,1001,26
16,0,16,126,11
16,1,-1,1001,11
16,2,-1,1001,11
16,3,-1,1001,11
16,4,-1,1001,11
16,5,-1,1001,11
16,6,16,1001,11
16,7,-1,1001,11
16,8,-1,1001,11
16,9,-1,1001,11
16,10,-1,1001,11
16,11,-1,1001,11
16,12,-1,1001,11
16,13,-1,1001,11
16,14,-1,1001,11
16,15,-1,1001,11
16,16,-1,1001,11
16,17,17,43,11
16,18,-1,1001,11
16,19,16,160,11
16,20,16,1001,11
16,0,-1,1001,76
16,1,-1,1001,76
16,2,-1,1001,76
16,3,-1,1001,76
16,4,-1,1001,76
16,5,-1,1001,76
16,6,16,1001,76
16,7,-1,1001,76
16,8,-1,1001,76
16,9,-1,1001,76
16,10,-1,1001,76
16,11,-1,1001,76
16,12,-1,1001,76
16,13,-1,1001,76
16,14,-1,1001,76
16,15,-1,1001,76
16,16,-1,1001,76
16,17,17,47,76
16,18,-1,1001,76
16,19,19,114,76
16,20,16,1001,76
16,0,0,183,69
16,1,-1,1001,69
16,2,-1,1001,69
16,3,-1,1001,69
16,4,-1,1001,69
16,5,-1,1001,69
16,6,16,1001,69
16,7,-1,1001,69
16,8,-1,1001,69
16,9,-1,1001,69
16,10,-1,1001,69
16,11,-1,1001,69
16,12,-1,1001,69
16,13,-1,1001,69
16,14,-1,1001,69
16,15,-1,1001,69
16,16,-1,1001,69
16,17,17,57,69
16,18,-1,1001,69
16,19,16,349,69
16,20,16,1001,69
16,0,-1,1001,7
16,1,-1,1001,7
16,2,-1,1001,7
16,3,-1,1001,7
16,4,-1,1001,7
16,5,-1,1001,7
16,6,16,1001,7
16,7,-1,1001,7
16,8,-1,1001,7
16,9,-1,1001,7
16,10,-1,1001,7
16,11,-1,1001,7
16,12,-1,1001,7
16,13,-1,1001,7
16,14,-1,1001,7
16,15,-1,1001,7
16,16,-1,1001,7
16,17,17,43,7
16,18,-1,1001,7
16,19,16,195,7
16,20,16,1001,7
16,0,16,218,26
16,1,-1,1001,26
16,2,-1,1001,26
16,3,-1,1001,26
16,4,-1,1001,26
16,5,-1,1001,26
16,6,16,1001,26
16,7,-1,1001,26
16,8,-1,1001,26
16,9,-1,1001,26
16,10,-1,1001,26
16,11,-1,1001,26
16,12,-1,1001,26
16,13,-1,1001,26
16,14,-1,1001,26
16,15,15,1001,26
16,16,-1,1001,26
16,17,17,33,26
16,18,-1,1001,26
16,19,19,124,26
16,20,16,1001,26
17,0,17,43,11
17,1,17,43,11
17,2,17,43,11
17,3,17,43,11
17,4,17,43,11
17,5,17,43,11
17,6,17,43,11
17,7,17,43,11
17,8,17,43,11
17,9,17,43,11
17,10,17,43,11
17,11,17,43,11
17,12,17,43,11
17,13,17,43,11
17,14,17,43,11
17,15,17,43,11
17,16,17,43,11
17,17,-1,1001,11
17,18,17,43,11
17,19,17,44,11
17,20,17,43,11
17,0,17,47,76
17,1,17,47,76
17,2,17,47,76
17,3,17,47,76
17,4,17,47,76
17,5,17,47,76
17,6,17,47,76
17,7,17,47,76
17,8,17,47,76
17,9,17,47,76
17,10,17,47,76
17,11,17,47,76
17,12,17,47,76
17,13,17,47,76
17,14,17,47,76
17,15,17,47,76
17,16,17,47,76
17,17,-1,1001,76
17,18,17,47,76
17,19,17,120,76
17,20,17,47,76
17,0,17,57,69
17,1,17,57,69
17,2,17,57,69
17,3,17,57,69
17,4,17,57,69
17,5,17,57,69
17,6,17,57,69
17,7,17,57,69
17,8,17,57,69
17,9,17,57,69
17,10,17,57,69
17,11,17,57,69
17,12,17,57,69
17,13,17,57,69
17,14,17,57,69
17,15,17,57,69
17,16,17,57,69
17,17,-1,1001,69
17,18,17,57,69
17,19,17,56,69
17,20,17,57,69
17,0,17,43,7
17,1,17,43,7
17,2,17,43,7
17,3,17,43,7
17,4,17,43,7
17,5,17,43,7
17,6,17,43,7
17,7,17,43,7
17,8,17,43,7
17,9,17,43,7
17,10,17,43,7
17,11,17,43,7
17,12,17,43,7
17,13,17,43,7
17,14,17,43,7
17,15,17,43,7
17,16,17,43,7
17,17,-1,1001,7
17,18,17,43,7
17,19,17,52,7
17,20,17,43,7
17,0,17,33,26
17,1,17,33,26
17,2,17,33,26
17,3,17,33,26
17,4,17,33,26
17,5,17,33,26
17,6,17,34,26
17,7,17,33,26
17,8,17,33,26
17,9,17,33,26
17,10,17,33,26
17,11,17,33,26
17,12,17,33,26
17,13,17,33,26
17,14,17,33,26
17,15,17,33,26
17,16,17,33,26
17,17,-1,1001,26
17,18,17,33,26
17,19,17,78,26
17,20,17,25,26
18,0,18,126,11
18,1,-1,1001,11
18,2,-1,1001,11
18,3,-1,1001,11
18,4,-1,1001,11
18,5,-1,1001,11
18,6,18,1001,11
18,7,-1,1001,11
18,8,-1,1001,11
18,9,-1,1001,11
18,10,-1,1001,11
18,11,-1,1001,11
18,12,-1,1001,11
18,13,-1,1001,11
18,14,-1,1001,11
18,15,-1,1001,11
18,16,-1,1001,11
18,17,17,43,11
18,18,-1,1001,11
18,19,18,160,11
18,20,18,1001,11
18,0,-1,1001,76
18,1,-1,1001,76
18,2,-1,1001,76
18,3,-1,1001,76
18,4,-1,1001,76
18,5,-1,1001,76
18,6,18,1001,76
18,7,-1,1001,76
18,8,-1,1001,76
18,9,-1,1001,76
18,10,-1,1001,76
18,11,-1,1001,76
18,12,-1,1001,76
18,13,-1,1001,76
18,14,-1,1001,76
18,15,-1,1001,76
18,16,-1,1001,76
18,17,17,47,76
18,18,-1,1001,76
18,19,19,114,76
18,20,18,1001,76
18,0,0,183,69
18,1,-1,1001,69
18,2,-1,1001,69
18,3,-1,1001,69
18,4,-1,1001,69
18,5,-1,1001,69
18,6,18,1001,69
18,7,-1,1001,69
18,8,-1,1001,69
18,9,-1,1001,69
18,10,-1,1001,69
18,11,-1,1001,69
18,12,-1,1001,69
18,13,-1,1001,69
18,14,-1,1001,69
18,15,-1,1001,69
18,16,-1,1001,69
18,17,17,57,69
18,18,-1,1001,69
18,19,18,304,69
18,20,18,1001,69
18,0,-1,1001,7
18,1,-1,1001,7
18,2,-1,1001,7
18,3,-1,1001,7
18,4,-1,1001,7
18,5,-1,1001,7
18,6,18,1001,7
18,7,-1,1001,7
18,8,-1,1001,7
18,9,-1,1001,7
18,10,-1,1001,7
18,11,-1,1001,7
18,12,-1,1001,7
18,13,-1,1001,7
18,14,-1,1001,7
18,15,-1,1001,7
18,16,-1,1001,7
18,17,17,43,7
18,18,-1,1001,7
18,19,18,310,7
18,20,18,1001,7
18,0,18,221,26
18,1,-1,1001,26
18,2,-1,1001,26
18,3,-1,1001,26
18,4,-1,1001,26
18,5,-1,1001,26
18,6,18,1001,26
18,7,-1,1001,26
18,8,-1,1001,26
18,9,-1,1001,26
18,10,-1,1001,26
18,11,-1,1001,26
18,12,-1,1001,26
18,13,-1,1001,26
18,14,-1,1001,26
18,15,-1,1001,26
18,16,-1,1001,26
18,17,17,33,26
18,18,-1,1001,26
18,19,19,121,26
18,20,18,1001,26
19,0,0,169,11
19,1,1,141,11
19,2,2,153,11
19,3,3,178,11
19,4,4,143,11
19,5,5,175,11
19,6,6,156,11
19,7,7,113,11
19,8,8,156,11
19,9,9,143,11
19,10,10,158,11
19,11,11,143,11
19,12,12,203,11
19,13,13,192,11
19,14,14,166,11
19,15,15,150,11
19,16,16,163,11
19,17,17,44,11
19,18,18,143,11
19,19,-1,1001,11
19,20,20,177,11
19,0,19,205,76
19,1,19,139,76
19,2,19,131,76
19,3,19,134,76
19,4,19,114,76
19,5,19,199,76
19,6,19,146,76
19,7,19,140,76
19,8,19,153,76
19,9,19,114,76
19,10,19,158,76
19,11,19,114,76
19,12,19,137,76
19,13,19,322,76
19,14,19,131,76
19,15,19,117,76
19,16,19,114,76
19,17,17,120,76
19,18,19,114,76
19,19,19,219,76
19,20,19,168,76
19,0,0,223,69
19,1,1,414,69
19,2,2,327,69
19,3,3,360,69
19,4,4,319,69
19,5,5,371,69
19,6,6,322,69
19,7,7,345,69
19,8,8,382,69
19,9,9,316,69
19,10,10,448,69
19,11,11,319,69
19,12,12,351,69
19,13,19,502,69
19,14,14,384,69
19,15,15,1001,69
19,16,16,349,69
19,17,17,56,69
19,18,18,319,69
19,19,19,284,69
19,20,20,333,69
19,0,0,112,7
19,1,1,290,7
19,2,2,250,7
19,3,3,199,7
19,4,4,193,7
19,5,19,241,7
19,6,6,133,7
19,7,7,146,7
19,8,8,153,7
19,9,9,193,7
19,10,10,326,7
19,11,11,193,7
19,12,19,193,7
19,13,13,169,7
19,14,14,146,7
19,15,15,168,7
19,16,16,181,7
19,17,17,52,7
19,18,18,193,7
19,19,19,204,7
19,20,20,218,7
19,0,0,155,26
19,1,19,118,26
19,2,19,124,26
19,3,19,118,26
19,4,19,124,26
19,5,19,136,26
19,6,19,128,26
19,7,7,75,26
19,8,19,118,26
19,9,19,124,26
19,10,19,124,26
19,11,19,124,26
19,12,19,124,26
19,13,19,204,26
19,14,19,124,26
19,15,19,111,26
19,16,19,132,26
19,17,17,78,26
19,18,19,124,26
19,19,-1,1001,26
19,20,19,148,26
20,0,20,122,11
20,1,1,1001,11
20,2,2,1001,11
20,3,3,1001,11
20,4,4,1001,11
20,5,5,1001,11
20,6,20,1001,11
20,7,7,1001,11
20,8,8,1001,11
20,9,20,1001,11
20,10,10,1001,11
20,11,11,1001,11
20,12,12,1001,11
20,13,13,1001,11
20,14,14,1001,11
20,15,15,1001,11
20,16,16,1001,11
20,17,17,43,11
20,18,18,1001,11
20,19,20,174,11
20,20,-1,1001,11
20,0,0,1001,76
20,1,1,1001,76
20,2,2,1001,76
20,3,3,1001,76
20,4,4,1001,76
20,5,5,1001,76
20,6,20,1001,76
20,7,7,1001,76
20,8,8,1001,76
20,9,9,1001,76
20,10,10,1001,76
20,11,11,1001,76
20,12,12,1001,76
20,13,13,1001,76
20,14,14,1001,76
20,15,15,1001,76
20,16,16,1001,76
20,17,17,47,76
20,18,18,1001,76
20,19,19,181,76
20,20,-1,1001,76
20,0,0,203,69
20,1,1,1001,69
20,2,2,1001,69
20,3,3,1001,69
20,4,4,1001,69
20,5,5,1001,69
20,6,20,1001,69
20,7,7,1001,69
20,8,8,1001,69
20,9,20,1001,69
20,10,10,1001,69
20,11,11,1001,69
20,12,12,1001,69
20,13,13,1001,69
20,14,14,1001,69
20,15,15,1001,69
20,16,16,1001,69
20,17,17,57,69
20,18,18,1001,69
20,19,20,312,69
20,20,-1,1001,69
20,0,0,568,7
20,1,1,1001,7
20,2,2,1001,7
20,3,3,1001,7
20,4,4,1001,7
20,5,5,1001,7
20,6,20,1001,7
20,7,7,1001,7
20,8,8,1001,7
20,9,9,1001,7
20,10,10,1001,7
20,11,11,1001,7
20,12,12,1001,7
20,13,13,1001,7
20,14,14,1001,7
20,15,15,1001,7
20,16,16,1001,7
20,17,17,43,7
20,18,18,1001,7
20,19,20,181,7
20,20,-1,1001,7
20,0,20,141,26
20,1,1,1001,26
20,2,2,1001,26
20,3,3,1001,26
20,4,4,1001,26
20,5,5,1001,26
20,6,20,1001,26
20,7,7,1001,26
20,8,8,1001,26
20,9,20,1001,26
20,10,10,1001,26
20,11,11,1001,26
20,12,12,1001,26
20,13,13,1001,26
20,14,14,1001,26
20,15,15,1001,26
20,16,16,1001,26
20,17,17,25,26
20,18,18,1001,26
20,19,19,147,26
20,20,-1,1001,26
